 26
** Atomic data from version 5.2 of the CHIANTI database **
%observed energy levels: Martin, W.C., Sugar, J., Musgrove, A., Dalton, G.R., 1995, 
   NIST Database for Atomic Spectroscopy, Version 1.0, NIST Standard Reference Database 61.
%comment:     3952061.52    Limit
%produced as part of the Arcetri/Cambridge/NRL 'CHIANTI' atomic data base collaboration CHIANTI
%
% K.P.Dere 1999
%observed energy levels: Martin, W.C., Sugar, J., Musgrove, A., Dalton, G.R., 1995, 
    NIST Database for Atomic Spectroscopy, Version 1.0, NIST Standard Reference Database 61.
% A values: Parpia, F.A., Johnson, W.R., 1982, Phys.Rev.A, 26, 1142.
%oscillator strengths:  Wiese, W.L., Smith, M.W., Glennon, B.M., 1966, Atomic Transition Probabilities, NSRDS-NBS-4.
%comment:  Wiese's oscillaor strenths are hydrogenic
%comment:        3952061.52    Limit
%produced as part of the Arcetri/Cambridge/NRL 'CHIANTI' atomic data base collaboration
%
%  K.P.Dere 2000

%filename: c_6.splups
%oscillator strengths: Wiese,W.L., Smith,M.W., Glennon,B.M., 1966, Atomic Transition Probabilities, NSRDS-NBS-4
%comment: hydrogenic f values
%effective collision strengths: Aggarwal,K.M., Kingston,A.E., 1991, J. Phys. B, 24, 4583
%comment: fine structure collision assumes LS coupling or distribution according to statistical weights
%comment: effective collision strengths are provided in the range 3.8 < Log T < 6.2
%produced as part of the Arcetri/Cambridge/NRL 'CHIANTI' atomic data base collaboration
%
%  K.P.Dere - Aug 1998
 9 23
  1  1s 2S1/2
  2  2s 2S1/2
  3  2p 2P1/2
  4  2p 2P3/2
  5  3s 2S1/2
  6  3p 2P1/2
  7  3p 2P3/2
  8  3d 2D3/2
  9  3d 2D5/2
     100.0
     158.5
     251.2
     398.1
     631.0
    1000.0
    1584.9
    2511.9
    3981.1
    6309.6
   10000.0
   15848.9
   25118.9
   39810.7
   63095.8
  100000.0
  158489.2
  251188.7
  398107.1
  630957.6
 1000000.0
 1584892.5
 2511887.0
0
  1  2   1.77e-02
  0  0   1.77e-02
  0  0   1.77e-02
  0  0   1.77e-02
  0  0   1.76e-02
  0  0   1.76e-02
  0  0   1.76e-02
  0  0   1.76e-02
  0  0   1.76e-02
  0  0   1.76e-02
  0  0   1.75e-02
  0  0   1.74e-02
  0  0   1.73e-02
  0  0   1.73e-02
  0  0   1.73e-02
  0  0   1.75e-02
  0  0   1.80e-02
  0  0   1.85e-02
  0  0   1.88e-02
  0  0   1.88e-02
  0  0   1.87e-02
  0  0   1.86e-02
  0  0   1.84e-02
  1  3   2.37e-02
  0  0   2.37e-02
  0  0   2.37e-02
  0  0   2.37e-02
  0  0   2.37e-02
  0  0   2.37e-02
  0  0   2.37e-02
  0  0   2.37e-02
  0  0   2.37e-02
  0  0   2.38e-02
  0  0   2.38e-02
  0  0   2.38e-02
  0  0   2.39e-02
  0  0   2.40e-02
  0  0   2.42e-02
  0  0   2.45e-02
  0  0   2.50e-02
  0  0   2.57e-02
  0  0   2.69e-02
  0  0   2.81e-02
  0  0   2.90e-02
  0  0   3.07e-02
  0  0   3.42e-02
  1  4   4.75e-02
  0  0   4.75e-02
  0  0   4.75e-02
  0  0   4.75e-02
  0  0   4.75e-02
  0  0   4.75e-02
  0  0   4.75e-02
  0  0   4.75e-02
  0  0   4.76e-02
  0  0   4.76e-02
  0  0   4.77e-02
  0  0   4.78e-02
  0  0   4.79e-02
  0  0   4.81e-02
  0  0   4.85e-02
  0  0   4.91e-02
  0  0   5.00e-02
  0  0   5.15e-02
  0  0   5.38e-02
  0  0   5.62e-02
  0  0   5.82e-02
  0  0   6.14e-02
  0  0   6.84e-02
  1  5   5.42e-03
  0  0   5.42e-03
  0  0   5.42e-03
  0  0   5.42e-03
  0  0   5.41e-03
  0  0   5.41e-03
  0  0   5.41e-03
  0  0   5.40e-03
  0  0   5.40e-03
  0  0   5.38e-03
  0  0   5.37e-03
  0  0   5.34e-03
  0  0   5.30e-03
  0  0   5.25e-03
  0  0   5.19e-03
  0  0   5.14e-03
  0  0   5.07e-03
  0  0   4.93e-03
  0  0   4.71e-03
  0  0   4.47e-03
  0  0   4.26e-03
  0  0   4.10e-03
  0  0   3.99e-03
  1  6   5.19e-03
  0  0   5.19e-03
  0  0   5.19e-03
  0  0   5.19e-03
  0  0   5.19e-03
  0  0   5.19e-03
  0  0   5.19e-03
  0  0   5.20e-03
  0  0   5.21e-03
  0  0   5.22e-03
  0  0   5.23e-03
  0  0   5.26e-03
  0  0   5.30e-03
  0  0   5.36e-03
  0  0   5.44e-03
  0  0   5.56e-03
  0  0   5.70e-03
  0  0   5.83e-03
  0  0   5.92e-03
  0  0   5.99e-03
  0  0   6.09e-03
  0  0   6.36e-03
  0  0   6.84e-03
  1  7   1.04e-02
  0  0   1.04e-02
  0  0   1.04e-02
  0  0   1.04e-02
  0  0   1.04e-02
  0  0   1.04e-02
  0  0   1.05e-02
  0  0   1.05e-02
  0  0   1.05e-02
  0  0   1.05e-02
  0  0   1.05e-02
  0  0   1.06e-02
  0  0   1.06e-02
  0  0   1.07e-02
  0  0   1.09e-02
  0  0   1.11e-02
  0  0   1.14e-02
  0  0   1.17e-02
  0  0   1.19e-02
  0  0   1.20e-02
  0  0   1.22e-02
  0  0   1.27e-02
  0  0   1.36e-02
  1  8   2.31e-03
  0  0   2.31e-03
  0  0   2.31e-03
  0  0   2.31e-03
  0  0   2.31e-03
  0  0   2.31e-03
  0  0   2.31e-03
  0  0   2.31e-03
  0  0   2.31e-03
  0  0   2.31e-03
  0  0   2.32e-03
  0  0   2.32e-03
  0  0   2.32e-03
  0  0   2.33e-03
  0  0   2.33e-03
  0  0   2.32e-03
  0  0   2.27e-03
  0  0   2.16e-03
  0  0   1.96e-03
  0  0   1.71e-03
  0  0   1.49e-03
  0  0   1.32e-03
  0  0   1.19e-03
  1  9   3.75e-03
  0  0   3.75e-03
  0  0   3.75e-03
  0  0   3.75e-03
  0  0   3.75e-03
  0  0   3.74e-03
  0  0   3.74e-03
  0  0   3.73e-03
  0  0   3.71e-03
  0  0   3.69e-03
  0  0   3.65e-03
  0  0   3.60e-03
  0  0   3.53e-03
  0  0   3.47e-03
  0  0   3.44e-03
  0  0   3.47e-03
  0  0   3.45e-03
  0  0   3.26e-03
  0  0   2.94e-03
  0  0   2.56e-03
  0  0   2.22e-03
  0  0   1.95e-03
  0  0   1.77e-03
  2  5   1.66e-01
  0  0   1.66e-01
  0  0   1.66e-01
  0  0   1.66e-01
  0  0   1.66e-01
  0  0   1.66e-01
  0  0   1.66e-01
  0  0   1.66e-01
  0  0   1.66e-01
  0  0   1.65e-01
  0  0   1.65e-01
  0  0   1.65e-01
  0  0   1.65e-01
  0  0   1.65e-01
  0  0   1.67e-01
  0  0   1.71e-01
  0  0   1.77e-01
  0  0   1.82e-01
  0  0   1.88e-01
  0  0   1.99e-01
  0  0   2.09e-01
  0  0   2.18e-01
  0  0   2.24e-01
  2  6   1.05e-01
  0  0   1.05e-01
  0  0   1.05e-01
  0  0   1.05e-01
  0  0   1.05e-01
  0  0   1.05e-01
  0  0   1.05e-01
  0  0   1.05e-01
  0  0   1.05e-01
  0  0   1.04e-01
  0  0   1.04e-01
  0  0   1.03e-01
  0  0   1.02e-01
  0  0   1.01e-01
  0  0   9.88e-02
  0  0   9.76e-02
  0  0   9.88e-02
  0  0   1.04e-01
  0  0   1.13e-01
  0  0   1.22e-01
  0  0   1.38e-01
  0  0   1.69e-01
  0  0   2.18e-01
  2  7   2.11e-01
  0  0   2.11e-01
  0  0   2.11e-01
  0  0   2.11e-01
  0  0   2.11e-01
  0  0   2.10e-01
  0  0   2.10e-01
  0  0   2.10e-01
  0  0   2.10e-01
  0  0   2.09e-01
  0  0   2.08e-01
  0  0   2.07e-01
  0  0   2.04e-01
  0  0   2.01e-01
  0  0   1.98e-01
  0  0   1.96e-01
  0  0   1.98e-01
  0  0   2.09e-01
  0  0   2.25e-01
  0  0   2.44e-01
  0  0   2.76e-01
  0  0   3.39e-01
  0  0   4.37e-01
  2  8   1.83e-01
  0  0   1.83e-01
  0  0   1.83e-01
  0  0   1.83e-01
  0  0   1.83e-01
  0  0   1.83e-01
  0  0   1.82e-01
  0  0   1.82e-01
  0  0   1.81e-01
  0  0   1.79e-01
  0  0   1.77e-01
  0  0   1.75e-01
  0  0   1.72e-01
  0  0   1.69e-01
  0  0   1.71e-01
  0  0   1.76e-01
  0  0   1.79e-01
  0  0   1.81e-01
  0  0   1.89e-01
  0  0   2.03e-01
  0  0   2.17e-01
  0  0   2.28e-01
  0  0   2.37e-01
  2  9   2.80e-01
  0  0   2.79e-01
  0  0   2.79e-01
  0  0   2.79e-01
  0  0   2.79e-01
  0  0   2.78e-01
  0  0   2.78e-01
  0  0   2.76e-01
  0  0   2.75e-01
  0  0   2.72e-01
  0  0   2.68e-01
  0  0   2.63e-01
  0  0   2.57e-01
  0  0   2.53e-01
  0  0   2.57e-01
  0  0   2.65e-01
  0  0   2.68e-01
  0  0   2.70e-01
  0  0   2.84e-01
  0  0   3.05e-01
  0  0   3.26e-01
  0  0   3.41e-01
  0  0   3.52e-01
  3  5   8.13e-02
  0  0   8.12e-02
  0  0   8.11e-02
  0  0   8.10e-02
  0  0   8.07e-02
  0  0   8.03e-02
  0  0   7.97e-02
  0  0   7.88e-02
  0  0   7.73e-02
  0  0   7.52e-02
  0  0   7.21e-02
  0  0   6.80e-02
  0  0   6.34e-02
  0  0   5.95e-02
  0  0   5.68e-02
  0  0   5.40e-02
  0  0   5.01e-02
  0  0   4.61e-02
  0  0   4.30e-02
  0  0   4.15e-02
  0  0   4.17e-02
  0  0   4.37e-02
  0  0   4.75e-02
  3  8   9.69e-01
  0  0   9.69e-01
  0  0   9.69e-01
  0  0   9.69e-01
  0  0   9.68e-01
  0  0   9.68e-01
  0  0   9.68e-01
  0  0   9.67e-01
  0  0   9.66e-01
  0  0   9.64e-01
  0  0   9.62e-01
  0  0   9.58e-01
  0  0   9.53e-01
  0  0   9.48e-01
  0  0   9.43e-01
  0  0   9.47e-01
  0  0   9.68e-01
  0  0   1.00e+00
  0  0   1.05e+00
  0  0   1.12e+00
  0  0   1.24e+00
  0  0   1.43e+00
  0  0   1.68e+00
 0 0 0
  1  2   1.512e+02
 -1 -2   3.835e+05
  1  3   8.122e+11
  1  4   8.137e+11
  1  5   0.000e+00
  1  6   2.168e+11
  1  7   2.172e+11
  1  8   0.000e+00
  1  9   0.000e+00
  2  3   0.000e+00
  2  4   0.000e+00
  2  5   0.000e+00
  2  6   2.912e+10
  2  7   2.918e+10
  2  8   0.000e+00
  2  9   0.000e+00
  3  4   0.000e+00
  3  5   2.733e+09
  3  6   0.000e+00
  3  7   0.000e+00
  3  8   7.000e+10
  3  9   0.000e+00
  4  5   5.457e+09
  4  6   0.000e+00
  4  7   0.000e+00
  4  8   1.398e+10
  4  9   8.387e+10
  5  6   0.000e+00
  5  7   0.000e+00
  5  8   0.000e+00
  5  9   0.000e+00
  6  7   0.000e+00
  6  8   0.000e+00
  6  9   0.000e+00
  7  8   0.000e+00
  7  9   0.000e+00
  8  9   0.000e+00
  1  2        0.0
  2  2  2963904.2
  3  2  2963878.0
  4  4  2964353.0
  5  2  3512929.4
  6  2  3512921.6
  7  4  3513062.4
  8  4  3513062.1
  9  6  3513109.0
