   100.0000    
  4.4849787E-02  1.5248926E-02  7.3519317E-03  4.3047206E-03  2.7957081E-03
  1.9377682E-03  1.4047211E-03  1.0523605E-03
  5.4721028E-02  1.8665237E-02  9.0343347E-03  5.3090127E-03  3.4596566E-03
  2.4051503E-03  1.7480686E-03  1.3120171E-03
  6.7768238E-02  2.3197424E-02  1.1283262E-02  6.6609439E-03  4.3562232E-03
  3.0412017E-03  2.2167382E-03  1.6669527E-03
  8.5407719E-02  2.9364808E-02  1.4360515E-02  8.5236058E-03  5.6051500E-03
  3.9300425E-03  2.8746782E-03  0.0000000E+00
  0.1098283      3.7978541E-02  1.8703863E-02  1.1180257E-02  7.3991418E-03
  5.2145920E-03  3.8300427E-03  0.0000000E+00
  0.1448069      5.0429184E-02  2.5060086E-02  1.5111589E-02  1.0085837E-02
  7.1545066E-03  5.2703861E-03  0.0000000E+00
  0.1967811      6.9184549E-02  3.4781113E-02  2.1214593E-02  1.4313305E-02
  1.0236051E-02  7.5193131E-03  0.0000000E+00
  0.2777253      9.8927036E-02  5.0515022E-02  3.1317599E-02  2.1424893E-02
  1.5399142E-02  1.0832618E-02
  0.4118026      0.1495279      7.8111582E-02  4.9527895E-02  3.4437764E-02
  2.4060085E-02
  0.6527897      0.2442060      0.1319743      8.6437762E-02  5.9785407E-02
   1.140773      0.4480686      0.2557511      0.1726609    
   2.321459       1.000000      0.6214592    
   6.244635       3.267382    
   32.85408    
   1000.000    
  4.6236098E-02  1.5384944E-02  7.3952093E-03  4.3071001E-03  2.7822924E-03
  1.9157398E-03  1.3785285E-03  1.0243799E-03
  5.5816934E-02  1.8806672E-02  9.0761334E-03  5.3079557E-03  3.4405473E-03
  2.3763902E-03  1.7138580E-03  1.2754491E-03
  6.8648420E-02  2.3357570E-02  1.1325919E-02  6.6552609E-03  4.3327627E-03
  3.0012832E-03  2.1702310E-03  1.6167664E-03
  8.6141996E-02  2.9550899E-02  1.4409752E-02  8.5115479E-03  5.5645849E-03
  3.8729685E-03  2.8079555E-03  0.0000000E+00
  0.1105218      3.8203593E-02  1.8759623E-02  1.1159111E-02  7.3396061E-03
  5.1283147E-03  3.7284000E-03  0.0000000E+00
  0.1455090      5.0684344E-02  2.5119761E-02  1.5068434E-02  9.9871680E-03
  7.0188190E-03  5.1026517E-03  0.0000000E+00
  0.1976048      6.9546618E-02  3.4841746E-02  2.1133447E-02  1.4136014E-02
  9.9871680E-03  7.2198459E-03  0.0000000E+00
  0.2788281      9.9401191E-02  5.0598800E-02  3.1142000E-02  2.1077843E-02
  1.4905902E-02  1.0243798E-02
  0.4134730      0.1501711      7.8100942E-02  4.9101796E-02  3.3622753E-02
  2.2904191E-02
  0.6556886      0.2451668      0.1316510      8.5115477E-02  5.7356715E-02
   1.145851      0.4495295      0.2539777      0.1672369    
   2.331908       1.000000      0.6077845    
   6.270316       3.228828    
   34.14029    
   10000.00    
  5.4553188E-02  1.6131915E-02  7.6042544E-03  4.3446803E-03  2.7523402E-03
  1.8629786E-03  1.3199999E-03  9.6723402E-04
  6.3148938E-02  1.9404255E-02  9.2425533E-03  5.3276592E-03  3.3978722E-03
  2.3110637E-03  1.6425531E-03  1.2055319E-03
  7.4893616E-02  2.3859574E-02  1.1459573E-02  6.6553191E-03  4.2723403E-03
  2.9174467E-03  2.0795744E-03  1.5276596E-03
  9.1234043E-02  3.0012762E-02  1.4523405E-02  8.4893610E-03  5.4808510E-03
  3.7604251E-03  2.6863827E-03  0.0000000E+00
  0.1145957      3.8680851E-02  1.8863829E-02  1.1106382E-02  7.2127655E-03
  4.9702125E-03  3.5540424E-03  0.0000000E+00
  0.1487660      5.1234040E-02  2.5212765E-02  1.4970211E-02  9.7872335E-03
  6.7702127E-03  4.8340419E-03  0.0000000E+00
  0.2003830      7.0212759E-02  3.4923401E-02  2.0948935E-02  1.3804255E-02
  9.5744673E-03  6.7659570E-03  0.0000000E+00
  0.2816170      0.1002979      5.0638296E-02  3.0770212E-02  2.0459574E-02
  1.4131914E-02  9.4468081E-03
  0.4169362      0.1514042      7.7999994E-02  4.8255317E-02  3.2276593E-02
  2.1302126E-02
  0.6608511      0.2468511      0.1309787      8.2851060E-02  5.3914890E-02
   1.155319      0.4514894      0.2506808      0.1591915    
   2.351915       1.000000      0.5868085    
   6.314893       3.169362    
   36.08085    
   100000.0    
  9.2131980E-02  2.0782571E-02  8.5617602E-03  4.4796956E-03  2.6704739E-03
  1.7288495E-03  1.1852792E-03  8.4771577E-04
  9.6108295E-02  2.3540610E-02  1.0118444E-02  5.4314723E-03  3.2906092E-03
  2.1535533E-03  1.4868866E-03  1.0676819E-03
  0.1039340      2.7347717E-02  1.2212352E-02  6.7131980E-03  4.1290186E-03
  2.7288494E-03  1.8955162E-03  1.3646362E-03
  0.1171320      3.2796107E-02  1.5118442E-02  8.4813880E-03  5.2918782E-03
  3.5270727E-03  2.4606599E-03  0.0000000E+00
  0.1376058      4.0829103E-02  1.9297801E-02  1.1015229E-02  6.9500851E-03
  4.6658209E-03  3.2622674E-03  0.0000000E+00
  0.1685702      5.2961085E-02  2.5511844E-02  1.4771573E-02  9.4120139E-03
  6.3494081E-03  4.4289343E-03  0.0000000E+00
  0.2166244      7.1785115E-02  3.5105754E-02  2.0583756E-02  1.3223351E-02
  8.9297807E-03  6.1505921E-03  0.0000000E+00
  0.2947124      0.1020305      5.0676819E-02  3.0088834E-02  1.9454315E-02
  1.3037225E-02  8.4729278E-03
  0.4285110      0.1536379      7.7749580E-02  4.6827413E-02  3.0296111E-02
  1.9280881E-02
  0.6738579      0.2499154      0.1297377      7.9314724E-02  4.9407784E-02
   1.174281      0.4555838      0.2453046      0.1482656    
   2.389594       1.000000      0.5579526    
   6.400169       3.087564    
   36.56091    
   1000000.    
  0.2002100      3.1045781E-02  1.0390593E-02  4.7627049E-03  2.5938682E-03
  1.5737086E-03  1.0281395E-03  7.0936582E-04
  0.2109618      3.4569509E-02  1.1982361E-02  5.6278878E-03  3.1150777E-03
  1.9134819E-03  1.2620748E-03  8.7652251E-04
  0.2189836      3.8769428E-02  1.4061320E-02  6.7996648E-03  3.8416635E-03
  2.3931123E-03  1.5942882E-03  1.1142378E-03
  0.2252415      4.4099119E-02  1.6896263E-02  8.4502315E-03  4.8803026E-03
  3.0844184E-03  2.0739187E-03  0.0000000E+00
  0.2335993      5.1406972E-02  2.0911383E-02  1.0831584E-02  6.3964725E-03
  4.0978580E-03  2.7744647E-03  0.0000000E+00
  0.2517010      6.2200762E-02  2.6816465E-02  1.4372113E-02  8.6602271E-03
  5.6110881E-03  3.8063840E-03  0.0000000E+00
  0.2895002      7.9168417E-02  3.5921883E-02  1.9848803E-02  1.2167158E-02
  7.9252422E-03  5.3212936E-03  0.0000000E+00
  0.3593028      0.1075179      5.0818987E-02  2.8794626E-02  1.7849645E-02
  1.1549769E-02  7.3162541E-03
  0.4838303      0.1580848      7.7026464E-02  4.4435114E-02  2.7538851E-02
  1.6887864E-02
  0.7198656      0.2546409      0.1272995      7.4170515E-02  4.3973122E-02
   1.220076      0.4611508      0.2369173      0.1346073    
   2.457791       1.000000      0.5203696    
   6.543469       2.982360    
   36.64007    
  1.0000000E+07
  0.3157895      4.4068504E-02  1.3684209E-02  5.9314952E-03  3.0931493E-03
  1.8128654E-03  1.1516290E-03  7.7568920E-04
  0.3463659      4.8788637E-02  1.5250626E-02  6.6457810E-03  3.4803674E-03
  2.0459481E-03  1.3028404E-03  8.7886379E-04
  0.3844194      5.4970756E-02  1.7385129E-02  7.6441099E-03  4.0275687E-03
  2.3796991E-03  1.5208855E-03  1.0279866E-03
  0.4281537      6.2865496E-02  2.0258980E-02  9.0309102E-03  4.8078527E-03
  2.8625729E-03  1.8391812E-03  0.0000000E+00
  0.4745196      7.2807014E-02  2.4172932E-02  1.1006683E-02  5.9523806E-03
  3.5852131E-03  2.3203844E-03  0.0000000E+00
  0.5171261      8.5505433E-02  2.9749375E-02  1.3976608E-02  7.7234753E-03
  4.7201337E-03  3.0756057E-03  0.0000000E+00
  0.5547201      0.1029240      3.8237259E-02  1.8705096E-02  1.0601503E-02
  6.5664155E-03  4.2731827E-03  0.0000000E+00
  0.6010860      0.1298246      5.2130323E-02  2.6654134E-02  1.5463658E-02
  9.6073514E-03  5.9607350E-03
  0.6967419      0.1764829      7.6524645E-02  4.0705930E-02  2.3868002E-02
  1.4160400E-02
  0.9156224      0.2674185      0.1233918      6.7209691E-02  3.7857141E-02
   1.399749      0.4695071      0.2250627      0.1192147    
   2.634085       1.000000      0.4770259    
   6.808688       2.870510    
   37.06349    
  1.0000000E+08
  0.5923302      8.1408925E-02  2.4968738E-02  1.0721134E-02  5.5439770E-03
  3.2259275E-03  2.0366821E-03  1.3643184E-03
  0.6219258      8.5577324E-02  2.6265111E-02  1.1279699E-02  5.8357650E-03
  3.3951649E-03  2.1425593E-03  1.4339308E-03
  0.6486036      8.9370579E-02  2.7473947E-02  1.1809087E-02  6.1108796E-03
  3.5560650E-03  2.2430180E-03  1.4989580E-03
  0.6865360      9.4956234E-02  2.9258024E-02  1.2596915E-02  6.5277200E-03
  3.7982494E-03  2.3939142E-03  0.0000000E+00
  0.7511463      0.1045019      3.2355148E-02  1.3976658E-02  7.2571905E-03
  4.2267614E-03  2.6615257E-03  0.0000000E+00
  0.8495206      0.1197582      3.7403084E-02  1.6269278E-02  8.4827011E-03
  4.9520633E-03  3.1100460E-03  0.0000000E+00
  0.9833264      0.1421842      4.5227177E-02  1.9929137E-02  1.0479366E-02
  6.1358903E-03  3.8265944E-03  0.0000000E+00
   1.145477      0.1745727      5.7565652E-02  2.5985828E-02  1.3868279E-02
  8.1325555E-03  4.8561902E-03
   1.322218      0.2238850      7.8699462E-02  3.6952898E-02  2.0066695E-02
  1.1388078E-02
   1.538975      0.3111296      0.1198833      5.8816176E-02  3.1296372E-02
   1.996665      0.4989579      0.2102960      0.1027928    
   3.267195       1.000000      0.4310130    
   7.523968       2.754898    
   38.26595    
  1.0000000E+09
  0.8800950      0.1206965      3.6952909E-02  1.5840918E-02  8.1796600E-03
  4.7566285E-03  2.9984170E-03  2.0067273E-03
   1.041947      0.1428571      4.3727741E-02  1.8737633E-02  9.6715475E-03
  5.6193112E-03  3.5389790E-03  2.3648595E-03
   1.211714      0.1661258      5.0850812E-02  2.1776810E-02  1.1234665E-02
  6.5176096E-03  4.0997230E-03  2.7336762E-03
   1.362881      0.1868619      5.7182427E-02  2.4479620E-02  1.2615750E-02
  7.3130196E-03  4.5904233E-03  0.0000000E+00
   1.462208      0.2005540      6.1377130E-02  2.6264345E-02  1.3521962E-02
  7.8235064E-03  4.8951325E-03  0.0000000E+00
   1.512465      0.2076771      6.3593194E-02  2.7202215E-02  1.3988920E-02
  8.0688559E-03  5.0138501E-03  0.0000000E+00
   1.585675      0.2183221      6.6917293E-02  2.8638702E-02  1.4705185E-02
  8.4368819E-03  5.1681832E-03  0.0000000E+00
   1.765334      0.2447962      7.5385831E-02  3.2307085E-02  1.6545311E-02
  9.3747526E-03  5.4293629E-03
   2.100119      0.2965176      9.2402056E-02  3.9810050E-02  2.0277008E-02
  1.0933913E-02
   2.615354      0.3877721      0.1246933      5.4491490E-02  2.6822319E-02
   3.346260      0.5631183      0.1941433      8.5041545E-02
   4.701227       1.000000      0.3705580    
   9.287693       2.496241    
   39.04630    
  1.0000000E+10
  0.8014729      0.1098623      3.3621516E-02  1.4415625E-02  7.4415626E-03
  4.3259687E-03  2.7268652E-03  1.8245277E-03
   1.004803      0.1376881      4.2138968E-02  1.8049952E-02  9.3147615E-03
  5.4082610E-03  3.4069805E-03  2.2753763E-03
   1.276017      0.1747999      5.3474225E-02  2.2891453E-02  1.1802753E-02
  6.8459818E-03  4.3035541E-03  2.8683958E-03
   1.635927      0.2240154      6.8459816E-02  2.9292347E-02  1.5084854E-02
  8.7351911E-03  5.4787062E-03  0.0000000E+00
   2.095741      0.2868075      8.7608077E-02  3.7431959E-02  1.9250721E-02
  1.1120717E-02  6.9484469E-03  0.0000000E+00
   2.621198      0.3586296      0.1094140      4.6685878E-02  2.3948127E-02
  1.3781620E-02  8.5462695E-03  0.0000000E+00
   3.068844      0.4194685      0.1278578      5.4434840E-02  2.7825808E-02
  1.5894974E-02  9.6926037E-03  0.0000000E+00
   3.243676      0.4431636      0.1348703      5.7252638E-02  2.9065002E-02
  1.6333653E-02  9.3820048E-03
   3.288505      0.4498879      0.1366635      5.7700932E-02  2.8847264E-02
  1.5292987E-02
   3.653538      0.5014409      0.1522574      6.3560680E-02  3.0096063E-02
   4.639770      0.6490554      0.1978866      7.9250716E-02
   6.625040       1.000000      0.3077810    
   11.42171       2.104067    
   37.88025    
