   100.0000    
  4.8084967E-02  1.5745098E-02  7.2418298E-03  4.0562092E-03  2.5346405E-03
  1.6993462E-03  1.1967320E-03  8.7450974E-04
  5.8803920E-02  1.9300653E-02  8.9084962E-03  5.0006532E-03  3.1320262E-03
  2.1039215E-03  1.4843137E-03  1.0856208E-03
  7.3006533E-02  2.4032680E-02  1.1124182E-02  6.2679737E-03  3.9366013E-03
  2.6509801E-03  1.8732025E-03  1.3712418E-03
  9.2287578E-02  3.0470587E-02  1.4163398E-02  8.0130715E-03  5.0496729E-03
  3.4098038E-03  2.4143790E-03  0.0000000E+00
  0.1190850      3.9477125E-02  1.8444445E-02  1.0483660E-02  6.6339872E-03
  4.4960785E-03  3.1882352E-03  0.0000000E+00
  0.1575163      5.2483659E-02  2.4686275E-02  1.4117646E-02  8.9869276E-03
  6.1104577E-03  4.3333331E-03  0.0000000E+00
  0.2147059      7.2091505E-02  3.4183007E-02  1.9712416E-02  1.2627452E-02
  8.6209150E-03  6.0686274E-03  0.0000000E+00
  0.3039869      0.1030719      4.9457517E-02  2.8830064E-02  1.8627450E-02
  1.2699346E-02  8.4967315E-03
  0.4519608      0.1556209      7.5882353E-02  4.4895425E-02  2.9222222E-02
  1.9156862E-02
  0.7183006      0.2530719      0.1263399      7.6274507E-02  4.8594773E-02
   1.254248      0.4596078      0.2381046      0.1446405    
   2.539869       1.000000      0.5433334    
   6.705882       3.053595    
   32.69281    
   1000.000    
  4.9203653E-02  1.5822453E-02  7.2584851E-03  4.0509137E-03  2.5202350E-03
  1.6814620E-03  1.1781984E-03  8.5639686E-04
  5.9673626E-02  1.9386422E-02  8.9229764E-03  4.9934722E-03  3.1142295E-03
  2.0822454E-03  1.4608355E-03  1.0620104E-03
  7.3694512E-02  2.4131853E-02  1.1148824E-02  6.2571801E-03  3.9138380E-03
  2.6220626E-03  1.8420364E-03  1.3387728E-03
  9.2819847E-02  3.0593995E-02  1.4184073E-02  7.9960832E-03  5.0176238E-03
  3.3694517E-03  2.3701044E-03  0.0000000E+00
  0.1195170      3.9621409E-02  1.8466057E-02  1.0456919E-02  6.5861614E-03
  4.4373367E-03  3.1227153E-03  0.0000000E+00
  0.1578982      5.2669711E-02  2.4712794E-02  1.4079633E-02  8.9099212E-03
  6.0182763E-03  4.2278068E-03  0.0000000E+00
  0.2151436      7.2323754E-02  3.4203656E-02  1.9634465E-02  1.2506527E-02
  8.4595298E-03  5.8818534E-03  0.0000000E+00
  0.3045692      0.1033943      4.9464747E-02  2.8687987E-02  1.8394256E-02
  1.2382506E-02  8.1462143E-03
  0.4529373      0.1560052      7.5783290E-02  4.4575717E-02  2.8694514E-02
  1.8453002E-02
  0.7199739      0.2536553      0.1261097      7.5391643E-02  4.7114883E-02
   1.257180      0.4603786      0.2368146      0.1412533    
   2.546997       1.000000      0.5347258    
   6.723238       3.028721    
   34.03394    
   10000.00    
  5.6694910E-02  1.6251629E-02  7.3337676E-03  4.0378096E-03  2.4810950E-03
  1.6362451E-03  1.1349412E-03  8.1681879E-04
  6.6232070E-02  1.9726206E-02  8.9765321E-03  4.9719685E-03  3.0677966E-03
  2.0299868E-03  1.4100390E-03  1.0149934E-03
  7.9139501E-02  2.4419816E-02  1.1192960E-02  6.2275091E-03  3.8578876E-03
  2.5586700E-03  1.7796609E-03  1.2803129E-03
  9.7131677E-02  3.0867014E-02  1.4224250E-02  7.9530636E-03  4.9465448E-03
  3.2887873E-03  2.2887874E-03  0.0000000E+00
  0.1228813      3.9921772E-02  1.8507170E-02  1.0397653E-02  6.4921770E-03
  4.3259449E-03  3.0084744E-03  0.0000000E+00
  0.1604302      5.3031292E-02  2.4745760E-02  1.3989570E-02  8.7679271E-03
  5.8520208E-03  4.0554106E-03  0.0000000E+00
  0.2172099      7.2750971E-02  3.4230769E-02  1.9491525E-02  1.2275097E-02
  8.1877448E-03  5.5997390E-03  0.0000000E+00
  0.3064537      0.1040417      4.9458928E-02  2.8409386E-02  1.7972620E-02
  1.1890481E-02  7.6597133E-03
  0.4552151      0.1569100      7.5684480E-02  4.3989569E-02  2.7816165E-02
  1.7470665E-02
  0.7235984      0.2548240      0.1255541      7.3859192E-02  4.4960886E-02
   1.264016      0.4618644      0.2344850      0.1361147    
   2.561278       1.000000      0.5213820    
   6.753585       2.990222    
   36.45371    
   100000.0    
  8.7027371E-02  1.9341590E-02  7.8422418E-03  4.0384615E-03  2.3728812E-03
  1.5169492E-03  1.0286832E-03  7.2881358E-04
  9.3872219E-02  2.2418512E-02  9.4067799E-03  4.9432856E-03  2.9413297E-03
  1.8950456E-03  1.2907431E-03  9.1655797E-04
  0.1044980      2.6629724E-02  1.1518905E-02  6.1636241E-03  3.7079530E-03
  2.4048239E-03  1.6440677E-03  1.1675358E-03
  0.1203390      3.2568447E-02  1.4445893E-02  7.8487610E-03  4.7666230E-03
  3.1082139E-03  2.1284223E-03  0.0000000E+00
  0.1436115      4.1199476E-02  1.8631028E-02  1.0247718E-02  6.2698824E-03
  4.1029989E-03  2.8083441E-03  0.0000000E+00
  0.1780313      5.4048236E-02  2.4804432E-02  1.3774445E-02  8.4745763E-03
  5.5560623E-03  3.7848759E-03  0.0000000E+00
  0.2311604      7.3728807E-02  3.4237288E-02  1.9172098E-02  1.1851368E-02
  7.7509778E-03  5.2014343E-03  0.0000000E+00
  0.3172099      0.1051499      4.9387220E-02  2.7887873E-02  1.7281616E-02
  1.1173403E-02  7.0469361E-03
  0.4640808      0.1584746      7.5423725E-02  4.2966098E-02  2.6499346E-02
  1.6186440E-02
  0.7327248      0.2570404      0.1245763      7.1447194E-02  4.2073011E-02
   1.278357      0.4647327      0.2307040      0.1290091    
   2.589961       1.000000      0.5022164    
   6.818774       2.937418    
   37.24250    
   1000000.    
  0.1719791      2.6897451E-02  9.0333112E-03  4.1430439E-03  2.2534290E-03
  1.3651208E-03  8.9092099E-04  6.1319402E-04
  0.1839321      3.0418025E-02  1.0568256E-02  4.9562375E-03  2.7380795E-03
  1.6766819E-03  1.1025473E-03  7.6289999E-04
  0.1949706      3.4774657E-02  1.2599608E-02  6.0698888E-03  3.4121489E-03
  2.1149574E-03  1.4016981E-03  9.7452640E-04
  0.2065317      4.0476810E-02  1.5408229E-02  7.6355319E-03  4.3723057E-03
  2.7413454E-03  1.8288699E-03  0.0000000E+00
  0.2224690      4.8412800E-02  1.9399086E-02  9.9020246E-03  5.7668192E-03
  3.6512082E-03  2.4448072E-03  0.0000000E+00
  0.2494448      6.0111038E-02  2.5277594E-02  1.3252775E-02  7.8380136E-03
  4.9954280E-03  3.3396473E-03  0.0000000E+00
  0.2962770      7.8314826E-02  3.4323972E-02  1.8412802E-02  1.1012411E-02
  7.0280861E-03  4.6309601E-03  0.0000000E+00
  0.3754409      0.1084259      4.9033310E-02  2.6760286E-02  1.6087525E-02
  1.0143696E-02  6.2828218E-03
  0.5125408      0.1611365      7.4526452E-02  4.1116916E-02  2.4559110E-02
  1.4598301E-02
  0.7707380      0.2601568      0.1225343      6.7733504E-02  3.8425863E-02
   1.313521      0.4686479      0.2244938      0.1197910    
   2.640758       1.000000      0.4763553    
   6.930110       2.866100    
   37.43958    
  1.0000000E+07
  0.2610672      3.6495388E-02  1.1343873E-02  4.9209488E-03  2.5665350E-03
  1.5039525E-03  9.5586298E-04  6.4367586E-04
  0.2913702      4.1139659E-02  1.2878788E-02  5.6185774E-03  2.9420289E-03
  1.7299077E-03  1.1014494E-03  7.4308296E-04
  0.3285902      4.7167324E-02  1.4940712E-02  6.5750987E-03  3.4657447E-03
  2.0474310E-03  1.3076416E-03  8.8405801E-04
  0.3715415      5.4848485E-02  1.7714098E-02  7.8985505E-03  4.2068511E-03
  2.5032938E-03  1.6073780E-03  0.0000000E+00
  0.4179183      6.4624503E-02  2.1515151E-02  9.7957840E-03  5.2938075E-03
  3.1824769E-03  2.0559947E-03  0.0000000E+00
  0.4646245      7.7470355E-02  2.6976286E-02  1.2648221E-02  6.9696968E-03
  4.2397892E-03  2.7523059E-03  0.0000000E+00
  0.5129776      9.5586292E-02  3.5355732E-02  1.7180501E-02  9.6640317E-03
  5.9393942E-03  3.8359684E-03  0.0000000E+00
  0.5786561      0.1239130      4.9077734E-02  2.4736494E-02  1.4156786E-02
  8.6758891E-03  5.3155469E-03
  0.7009223      0.1729249      7.2990775E-02  3.7918314E-02  2.1765480E-02
  1.2661397E-02
  0.9479579      0.2673913      0.1184453      6.2318839E-02  3.4071147E-02
   1.469697      0.4730567      0.2149539      0.1086956    
   2.783267       1.000000      0.4452569    
   7.140975       2.787879    
   37.88538    
  1.0000000E+08
  0.4504065      6.1903793E-02  1.8990515E-02  8.1571816E-03  4.2174794E-03
  2.4546070E-03  1.5494579E-03  1.0379404E-03
  0.4852303      6.6775061E-02  2.0501355E-02  8.8075884E-03  4.5555555E-03
  2.6510840E-03  1.6727642E-03  1.1199187E-03
  0.5212737      7.1883462E-02  2.2100270E-02  9.5054200E-03  4.9173441E-03
  2.8617885E-03  1.8048780E-03  1.2066396E-03
  0.5684959      7.8658536E-02  2.4254741E-02  1.0447155E-02  5.4126014E-03
  3.1504063E-03  1.9857723E-03  0.0000000E+00
  0.6390244      8.9024395E-02  2.7588073E-02  1.1924118E-02  6.1903792E-03
  3.6063683E-03  2.2703251E-03  0.0000000E+00
  0.7405148      0.1046748      3.2730352E-02  1.4241192E-02  7.4254740E-03
  4.3333331E-03  2.7215446E-03  0.0000000E+00
  0.8766937      0.1272358      4.0548779E-02  1.7872628E-02  9.3970187E-03
  5.4979674E-03  3.4254740E-03  0.0000000E+00
   1.042683      0.1598916      5.2825205E-02  2.3841461E-02  1.2703252E-02
  7.4322489E-03  4.4254740E-03
   1.234417      0.2104336      7.3915988E-02  3.4573168E-02  1.8672086E-02
  1.0528455E-02
   1.491870      0.3008130      0.1147019      5.5589430E-02  2.9186990E-02
   2.021003      0.4940379      0.2027778      9.6612461E-02
   3.377371       1.000000      0.4117208    
   7.798103       2.719512    
   39.25474    
  1.0000000E+09
  0.6573378      9.0102389E-02  2.7597269E-02  1.1829351E-02  6.1105802E-03
  3.5515358E-03  2.2395905E-03  1.4989761E-03
  0.7781570      0.1067577      3.2668941E-02  1.4000000E-02  7.2286692E-03
  4.1972697E-03  2.6443684E-03  1.7672355E-03
  0.9112628      0.1249147      3.8238909E-02  1.6382253E-02  8.4505118E-03
  4.9030716E-03  3.0846416E-03  2.0566552E-03
   1.042321      0.1429352      4.3747440E-02  1.8730376E-02  9.6518779E-03
  5.5952216E-03  3.5126281E-03  0.0000000E+00
   1.153584      0.1582253      4.8416380E-02  2.0723550E-02  1.0668942E-02
  6.1733793E-03  3.8621160E-03  0.0000000E+00
   1.242321      0.1706485      5.2252561E-02  2.2361774E-02  1.1501706E-02
  6.6327648E-03  4.1228668E-03  0.0000000E+00
   1.356997      0.1869625      5.7331055E-02  2.4539251E-02  1.2600683E-02
  7.2286692E-03  4.4266214E-03  0.0000000E+00
   1.567918      0.2176109      6.7051195E-02  2.8744027E-02  1.4723549E-02
  8.3412975E-03  4.8293513E-03
   1.925597      0.2725597      8.4982939E-02  3.6655288E-02  1.8655289E-02
  1.0054608E-02
   2.464846      0.3673720      0.1182935      5.1665530E-02  2.5392491E-02
   3.245734      0.5492150      0.1890785      8.2389079E-02
   4.741297       1.000000      0.3643686    
   9.576792       2.511263    
   40.40273    
  1.0000000E+10
  0.6491764      8.9017689E-02  2.7242221E-02  1.1677852E-02  6.0286759E-03
  3.5033554E-03  2.2086638E-03  1.4777302E-03
  0.8047590      0.1103112      3.3758387E-02  1.4460037E-02  7.4618668E-03
  4.3331301E-03  2.7291032E-03  1.8230628E-03
   1.010372      0.1384381      4.2336792E-02  1.8126907E-02  9.3471631E-03
  5.4203779E-03  3.4081757E-03  2.2715069E-03
   1.280659      0.1753508      5.3605855E-02  2.2928614E-02  1.1812081E-02
  6.8395366E-03  4.2898110E-03  0.0000000E+00
   1.627212      0.2226968      6.8029284E-02  2.9066503E-02  1.4948138E-02
  8.6333128E-03  5.3941426E-03  0.0000000E+00
   2.038438      0.2788896      8.5112877E-02  3.6308724E-02  1.8627211E-02
  1.0719951E-02  6.6503962E-03  0.0000000E+00
   2.442953      0.3339841      0.1017694      4.3343499E-02  2.2153752E-02
  1.2654058E-02  7.7181207E-03  0.0000000E+00
   2.714460      0.3709579      0.1128737      4.7919463E-02  2.4331909E-02
  1.3672971E-02  7.8523485E-03
   2.912751      0.3983527      0.1210494      5.1110435E-02  2.5558267E-02
  1.3550945E-02
   3.393533      0.4661989      0.1416107      5.9115313E-02  2.7986577E-02
   4.478341      0.6278219      0.1915192      7.6693103E-02
   6.589384       1.000000      0.3078707    
   11.72056       2.154362    
   39.58511    
