   100.0000    
  6.3959390E-02  1.7063089E-02  6.4321971E-03  3.0797678E-03  1.7055837E-03
  1.0398839E-03  6.7911524E-04  4.6664246E-04
  7.8680202E-02  2.0993473E-02  7.9115294E-03  3.7889772E-03  2.0989848E-03
  1.2795504E-03  8.3502533E-04  5.7287887E-04
  9.8332122E-02  2.6232777E-02  9.8912260E-03  4.7389409E-03  2.6232777E-03
  1.5986222E-03  1.0424220E-03  7.1392313E-04
  0.1250906      3.3379260E-02  1.2585206E-02  6.0297311E-03  3.3382885E-03
  2.0329950E-03  1.3234226E-03  0.0000000E+00
  0.1625816      4.3401014E-02  1.6363306E-02  7.8426385E-03  4.3401015E-03
  2.6388688E-03  1.7124728E-03  0.0000000E+00
  0.2167513      5.7868019E-02  2.1827411E-02  1.0456853E-02  5.7831760E-03
  3.5079767E-03  2.2617837E-03  0.0000000E+00
  0.2978970      7.9622917E-02  3.0039884E-02  1.4387237E-02  7.9405364E-03
  4.7897026E-03  3.0387961E-03  0.0000000E+00
  0.4253082      0.1139231      4.2965919E-02  2.0562001E-02  1.1298042E-02
  6.7150109E-03  3.9992747E-03
  0.6377810      0.1713923      6.4648293E-02  3.0823059E-02  1.6718635E-02
  9.3546044E-03
   1.019579      0.2759246      0.1038071      4.8984770E-02  2.5119651E-02
   1.782451      0.4887599      0.1821972      8.1689626E-02
   3.562726       1.000000      0.3552574    
   8.897752       2.596084    
   34.91660    
   1000.000    
  6.4454116E-02  1.7040260E-02  6.4163944E-03  3.0703663E-03  1.6985853E-03
  1.0348205E-03  6.7464629E-04  4.6282192E-04
  7.8962632E-02  2.0975698E-02  7.8998907E-03  3.7830973E-03  2.0917663E-03
  1.2734856E-03  8.2988752E-04  5.6837138E-04
  9.8404057E-02  2.6224157E-02  9.8803043E-03  4.7297785E-03  2.6155240E-03
  1.5915850E-03  1.0355458E-03  7.0765318E-04
  0.1249909      3.3376858E-02  1.2578889E-02  6.0210368E-03  3.3286179E-03
  2.0239388E-03  1.3144722E-03  0.0000000E+00
  0.1623141      4.3380484E-02  1.6354734E-02  7.8273481E-03  4.3271668E-03
  2.6260426E-03  1.7000362E-03  0.0000000E+00
  0.2162858      5.7889007E-02  2.1817191E-02  1.0442509E-02  5.7635112E-03
  3.4889369E-03  2.2426550E-03  0.0000000E+00
  0.2973159      7.9651795E-02  3.0025389E-02  1.4363437E-02  7.9107722E-03
  4.7587957E-03  3.0058033E-03  0.0000000E+00
  0.4247370      0.1139282      4.2945229E-02  2.0522306E-02  1.1247733E-02
  6.6594118E-03  3.9390638E-03
  0.6365615      0.1714545      6.4599201E-02  3.0743562E-02  1.6615886E-02
  9.2383018E-03
   1.018498      0.2759884      0.1037359      4.8784912E-02  2.4860354E-02
   1.781284      0.4885745      0.1818643      8.1066370E-02
   3.562205       1.000000      0.3536090    
   8.897351       2.591222    
   36.41639    
   10000.00    
  7.0069015E-02  1.6861605E-02  6.3131126E-03  3.0185252E-03  1.6690883E-03
  1.0159826E-03  6.6146022E-04  4.5296040E-04
  8.3545223E-02  2.0820921E-02  7.8096623E-03  3.7341083E-03  2.0642933E-03
  1.2549945E-03  8.1620051E-04  5.5793679E-04
  0.1018889      2.6098801E-02  9.8074824E-03  4.6894294E-03  2.5891752E-03
  1.5724663E-03  1.0210680E-03  6.9560477E-04
  0.1274246      3.3290952E-02  1.2520886E-02  5.9825643E-03  3.3025788E-03
  2.0029058E-03  1.2971304E-03  0.0000000E+00
  0.1637486      4.3334544E-02  1.6313113E-02  7.7951322E-03  4.2971303E-03
  2.6011623E-03  1.6774427E-03  0.0000000E+00
  0.2168543      5.7864148E-02  2.1787141E-02  1.0406828E-02  5.7282960E-03
  3.4551397E-03  2.2106792E-03  0.0000000E+00
  0.2971667      7.9694875E-02  2.9999999E-02  1.4318924E-02  7.8605153E-03
  4.7075916E-03  2.9560479E-03  0.0000000E+00
  0.4239012      0.1140574      4.2934980E-02  2.0454049E-02  1.1162369E-02
  6.5710135E-03  3.8576098E-03
  0.6356701      0.1716309      6.4547770E-02  3.0617507E-02  1.6454777E-02
  9.0701049E-03
   1.017072      0.2762804      0.1035961      4.8492555E-02  2.4489647E-02
   1.780240      0.4889211      0.1814021      8.0167085E-02
   3.562659       1.000000      0.3511805    
   8.906648       2.585180    
   41.11878    
   100000.0    
  8.8346690E-02  1.6849965E-02  6.0742903E-03  2.8703571E-03  1.5797525E-03
  9.5921342E-04  6.2418065E-04  4.2753099E-04
  0.1026948      2.0593591E-02  7.5200293E-03  3.5695559E-03  1.9672252E-03
  1.1948290E-03  7.7676628E-04  5.3058995E-04
  0.1211216      2.5691917E-02  9.4756009E-03  4.5120176E-03  2.4876185E-03
  1.5094684E-03  9.7887835E-04  6.6642393E-04
  0.1454115      3.2771304E-02  1.2181355E-02  5.8084494E-03  3.1995631E-03
  1.9373635E-03  1.2523672E-03  0.0000000E+00
  0.1790969      4.2825930E-02  1.5994174E-02  7.6256380E-03  4.1951933E-03
  2.5316826E-03  1.6278224E-03  0.0000000E+00
  0.2285142      5.7428990E-02  2.1511290E-02  1.0247634E-02  5.6227241E-03
  3.3769121E-03  2.1507649E-03  0.0000000E+00
  0.3046613      7.9388201E-02  2.9774219E-02  1.4158777E-02  7.7385297E-03
  4.6103429E-03  2.8765479E-03  0.0000000E+00
  0.4275310      0.1139112      4.2753097E-02  2.0269485E-02  1.0997815E-02
  6.4238897E-03  3.7436273E-03
  0.6358340      0.1717043      6.4348146E-02  3.0342316E-02  1.6176257E-02
  8.8310279E-03
   1.014931      0.2765841      0.1032411      4.7960673E-02  2.3940278E-02
   1.777130      0.4894392      0.1804443      7.8769125E-02
   3.560816       1.000000      0.3472688    
   8.911143       2.575018    
   43.77276    
   1000000.    
  0.1198462      1.8495057E-02  6.0930061E-03  2.7440498E-03  1.4683267E-03
  8.7623578E-04  5.6426215E-04  3.8410837E-04
  0.1376053      2.2065176E-02  7.4148662E-03  3.3771510E-03  1.8194800E-03
  1.0904430E-03  7.0377148E-04  4.7931157E-04
  0.1596851      2.6814353E-02  9.2090806E-03  4.2438665E-03  2.3006224E-03
  1.3837421E-03  8.9381175E-04  6.0820213E-04
  0.1882827      3.3350419E-02  1.1706334E-02  5.4522152E-03  2.9718052E-03
  1.7905529E-03  1.1556207E-03  0.0000000E+00
  0.2267301      4.2658366E-02  1.5291102E-02  7.1841814E-03  3.9253021E-03
  2.3639691E-03  1.5199560E-03  0.0000000E+00
  0.2797510      5.6499448E-02  2.0589527E-02  9.7253751E-03  5.3167334E-03
  3.1882094E-03  2.0303919E-03  0.0000000E+00
  0.3551446      7.7810325E-02  2.8722079E-02  1.3584767E-02  7.4002198E-03
  4.3939948E-03  2.7392895E-03  0.0000000E+00
  0.4701574      0.1122300      4.1706331E-02  1.9666789E-02  1.0611497E-02
  6.1699008E-03  3.5865982E-03
  0.6645917      0.1703772      6.3383378E-02  2.9670449E-02  1.5682900E-02
  8.4987180E-03
   1.028561      0.2759429      0.1022336      4.6979129E-02  2.3178322E-02
   1.778836      0.4895642      0.1786891      7.6821677E-02
   3.558037       1.000000      0.3416331    
   8.923470       2.561699    
   44.30611    
  1.0000000E+07
  0.1525651      2.1353159E-02  6.6319704E-03  2.8736060E-03  1.4962825E-03
  8.7546470E-04  5.5539032E-04  3.7323422E-04
  0.1791822      2.5334572E-02  7.9182163E-03  3.4457250E-03  1.7996283E-03
  1.0550186E-03  6.6988845E-04  4.5055762E-04
  0.2124164      3.0505577E-02  9.6282531E-03  4.2156130E-03  2.2118958E-03
  1.3003718E-03  8.2676578E-04  5.5613380E-04
  0.2536803      3.7323419E-02  1.1955390E-02  5.2862456E-03  2.7881041E-03
  1.6453532E-03  1.0479554E-03  0.0000000E+00
  0.3052788      4.6579927E-02  1.5234201E-02  6.8141264E-03  3.6226767E-03
  2.1460967E-03  1.3676579E-03  0.0000000E+00
  0.3717472      5.9739776E-02  2.0052046E-02  9.1003720E-03  4.8736059E-03
  2.8936802E-03  1.8379182E-03  0.0000000E+00
  0.4631971      7.9553902E-02  2.7490707E-02  1.2646840E-02  6.8066916E-03
  4.0297401E-03  2.5189591E-03  0.0000000E+00
  0.5985130      0.1114126      3.9553903E-02  1.8375464E-02  9.8661715E-03
  5.7397769E-03  3.3620817E-03
  0.8092937      0.1665799      6.0371745E-02  2.8029740E-02  1.4776952E-02
  8.0334572E-03
   1.163569      0.2706320      9.8773234E-02  4.5018587E-02  2.2100372E-02
   1.870632      0.4862453      0.1749443      7.4163571E-02
   3.603346       1.000000      0.3347584    
   8.970261       2.554647    
   44.72119    
  1.0000000E+08
  0.2007062      2.7599057E-02  8.4660649E-03  3.6359355E-03  1.8799528E-03
  1.0941545E-03  6.9046684E-04  4.6253431E-04
  0.2326403      3.2028247E-02  9.8352302E-03  4.2251865E-03  2.1847782E-03
  1.2710867E-03  8.0188306E-04  5.3668104E-04
  0.2724206      3.7587289E-02  1.1557473E-02  4.9666539E-03  2.5692428E-03
  1.4943115E-03  9.4193802E-04  6.2926637E-04
  0.3246763      4.4958804E-02  1.3856414E-02  5.9631229E-03  3.0867006E-03
  1.7948215E-03  1.1298549E-03  0.0000000E+00
  0.3962338      5.5237349E-02  1.7089054E-02  7.3754415E-03  3.8214985E-03
  2.2216556E-03  1.3958415E-03  0.0000000E+00
  0.4947038      6.9870539E-02  2.1788938E-02  9.4468426E-03  4.9078069E-03
  2.8520988E-03  1.7842291E-03  0.0000000E+00
  0.6296587      9.1173008E-02  2.8842684E-02  1.2612790E-02  6.5751271E-03
  3.8171830E-03  2.3593565E-03  0.0000000E+00
  0.8171832      0.1235386      4.0015694E-02  1.7728521E-02  9.2820711E-03
  5.3393487E-03  3.1259318E-03
   1.089447      0.1767752      5.9238918E-02  2.6582973E-02  1.3852491E-02
  7.5519811E-03
   1.533935      0.2746567      9.5174573E-02  4.2761866E-02  2.1059239E-02
   2.351903      0.4813653      0.1689290      7.1439780E-02
   4.103570       1.000000      0.3291487    
   9.450765       2.592389    
   46.48882    
  1.0000000E+09
  0.2648100      3.6316928E-02  1.1118309E-02  4.7668396E-03  2.4620036E-03
  1.4309154E-03  9.0241799E-04  6.0405873E-04
  0.3174439      4.3523315E-02  1.3324698E-02  5.7124356E-03  2.9473230E-03
  1.7120036E-03  1.0785838E-03  7.2063907E-04
  0.3817358      5.2331608E-02  1.6018998E-02  6.8609677E-03  3.5397238E-03
  2.0539723E-03  1.2918826E-03  8.6139899E-04
  0.4594128      6.3039728E-02  1.9287566E-02  8.2599306E-03  4.2564766E-03
  2.4667529E-03  1.5483593E-03  0.0000000E+00
  0.5539724      7.5993091E-02  2.3255613E-02  9.9525042E-03  5.1252157E-03
  2.9637306E-03  1.8536269E-03  0.0000000E+00
  0.6722798      9.2357516E-02  2.8272886E-02  1.2094128E-02  6.2176166E-03
  3.5846289E-03  2.2271159E-03  0.0000000E+00
  0.8363558      0.1152418      3.5319518E-02  1.5103628E-02  7.7461144E-03
  4.4386876E-03  2.7154579E-03  0.0000000E+00
   1.087651      0.1509067      4.6416234E-02  1.9857513E-02  1.0142487E-02
  5.7297065E-03  3.3078585E-03
   1.484456      0.2096287      6.5069087E-02  2.7879966E-02  1.4101900E-02
  7.5474959E-03
   2.117444      0.3117444      9.8747842E-02  4.2379104E-02  2.0462004E-02
   3.203800      0.5129534      0.1674871      6.9473229E-02
   5.474957       1.000000      0.3211572    
   11.57168       2.548359    
   49.52504    
  1.0000000E+10
  0.2895676      3.9692380E-02  1.2148907E-02  5.2073114E-03  2.6888098E-03
  1.5626394E-03  9.8528760E-04  6.5938476E-04
  0.3548373      4.8640218E-02  1.4881856E-02  6.3753901E-03  3.2893447E-03
  1.9099421E-03  1.2028534E-03  8.0338831E-04
  0.4401694      6.0320999E-02  1.8444048E-02  7.8956755E-03  4.0708873E-03
  2.3611235E-03  1.4846189E-03  9.8930008E-04
  0.5528311      7.5702183E-02  2.3134194E-02  9.8974584E-03  5.0958535E-03
  2.9514045E-03  1.8510923E-03  0.0000000E+00
  0.7017388      9.6032098E-02  2.9326795E-02  1.2532323E-02  6.4422647E-03
  3.7226928E-03  2.3259029E-03  0.0000000E+00
  0.8970129      0.1226928      3.7436467E-02  1.5974142E-02  8.1943832E-03
  4.7168969E-03  2.9242088E-03  0.0000000E+00
   1.147124      0.1567989      4.7793135E-02  2.0352207E-02  1.0401249E-02
  5.9429337E-03  3.6223808E-03  0.0000000E+00
   1.460098      0.1995988      6.0722250E-02  2.5777977E-02  1.3085154E-02
  7.3517612E-03  4.2202407E-03
   1.885421      0.2578243      7.8332596E-02  3.3045031E-02  1.6509140E-02
  8.7427553E-03
   2.609452      0.3582256      0.1086046      4.5207314E-02  2.1346411E-02
   3.987071      0.5563977      0.1685243      6.6874728E-02
   6.781097       1.000000      0.2978154    
   14.08382       2.285332    
   49.93312    
