   100.0000    
  5.3596120E-02  1.6373560E-02  6.9933292E-03  3.6761675E-03  2.1819284E-03
  1.4032747E-03  9.5536688E-04  6.7871442E-04
  6.5724678E-02  2.0121286E-02  8.6027896E-03  4.5300182E-03  2.6925409E-03
  1.7331718E-03  1.1801091E-03  8.3820499E-04
  8.1867799E-02  2.5093997E-02  1.0751971E-02  5.6713163E-03  3.3753791E-03
  2.1746513E-03  1.4821105E-03  1.0516677E-03
  0.1038084      3.1873863E-02  1.3693147E-02  7.2346879E-03  4.3129171E-03
  2.7822924E-03  1.8956944E-03  0.0000000E+00
  0.1343845      4.1358400E-02  1.7816858E-02  9.4396612E-03  5.6397817E-03
  3.6409947E-03  2.4790782E-03  0.0000000E+00
  0.1784112      5.5063676E-02  2.3808369E-02  1.2650091E-02  7.5791390E-03
  4.8975139E-03  3.3244393E-03  0.0000000E+00
  0.2441480      7.5670108E-02  3.2868404E-02  1.7550031E-02  1.0537296E-02
  6.8029109E-03  4.5639779E-03  0.0000000E+00
  0.3469982      0.1082474      4.7313526E-02  2.5397211E-02  1.5281989E-02
  9.7901765E-03  6.2013348E-03
  0.5177684      0.1631292      7.1898125E-02  3.8847789E-02  2.3323227E-02
  1.4214676E-02
  0.8247423      0.2639175      0.1177320      6.3966043E-02  3.6979988E-02
   1.440873      0.4733778      0.2145543      0.1142753    
   2.899939       1.000000      0.4553063    
   7.466343       2.821104    
   33.08672    
   1000.000    
  5.4446198E-02  1.6401796E-02  6.9913869E-03  3.6673544E-03  2.1715395E-03
  1.3926969E-03  9.4480172E-04  6.6868862E-04
  6.6359334E-02  2.0150431E-02  8.6036641E-03  4.5201988E-03  2.6798495E-03
  1.7190343E-03  1.1669295E-03  8.2542765E-04
  8.2300127E-02  2.5136480E-02  1.0754580E-02  5.6593474E-03  3.3592139E-03
  2.1581948E-03  1.4642727E-03  1.0346961E-03
  0.1040883      3.1930123E-02  1.3696469E-02  7.2206720E-03  4.2933398E-03
  2.7599174E-03  1.8718912E-03  0.0000000E+00
  0.1345384      4.1441225E-02  1.7821182E-02  9.4201146E-03  5.6108213E-03
  3.6091232E-03  2.4444985E-03  0.0000000E+00
  0.1784545      5.5174086E-02  2.3814145E-02  1.2628897E-02  7.5360914E-03
  4.8477496E-03  3.2694407E-03  0.0000000E+00
  0.2442072      7.5821914E-02  3.2876380E-02  1.7505763E-02  1.0467063E-02
  6.7184279E-03  4.4692466E-03  0.0000000E+00
  0.3470824      0.1084435      4.7300741E-02  2.5306320E-02  1.5152251E-02
  9.6287765E-03  6.0257185E-03
  0.5180153      0.1634114      7.1854904E-02  3.8663108E-02  2.3049861E-02
  1.3866312E-02
  0.8254277      0.2643455      0.1175543      6.3484170E-02  3.6236808E-02
   1.442436      0.4738566      0.2138784      0.1125440    
   2.903069       1.000000      0.4508067    
   7.477860       2.808444    
   34.50200    
   10000.00    
  6.1032183E-02  1.6514875E-02  6.9581056E-03  3.6235580E-03  2.1323620E-03
  1.3600487E-03  9.1742567E-04  6.4590166E-04
  7.1997575E-02  2.0230724E-02  8.5695209E-03  4.4760173E-03  2.6387372E-03
  1.6842745E-03  1.1364906E-03  7.9927139E-04
  8.6873107E-02  2.5209472E-02  1.0724954E-02  5.6162719E-03  3.3163328E-03
  2.1177900E-03  1.4280510E-03  1.0027930E-03
  0.1075896      3.2021858E-02  1.3673346E-02  7.1754707E-03  4.2428658E-03
  2.7103825E-03  1.8263509E-03  0.0000000E+00
  0.1370978      4.1554343E-02  1.7802065E-02  9.3685491E-03  5.5482700E-03
  3.5446268E-03  2.3837280E-03  0.0000000E+00
  0.1802064      5.5349123E-02  2.3800852E-02  1.2556164E-02  7.4499091E-03
  4.7553130E-03  3.1791138E-03  0.0000000E+00
  0.2452945      7.6065578E-02  3.2859746E-02  1.7401336E-02  1.0333940E-02
  6.5719490E-03  4.3230117E-03  0.0000000E+00
  0.3479053      0.1087917      4.7273833E-02  2.5136612E-02  1.4924105E-02
  9.3685491E-03  5.7814210E-03
  0.5188829      0.1639344      7.1754709E-02  3.8312085E-02  2.2574378E-02
  1.3369764E-02
  0.8269582      0.2649666      0.1172070      6.2635101E-02  3.5130542E-02
   1.446266      0.4748027      0.2125076      0.1098725    
   2.911961       1.000000      0.4437159    
   7.498482       2.789314    
   37.68063    
   100000.0    
  8.4561057E-02  1.8008037E-02  7.0376233E-03  3.5200294E-03  2.0199683E-03
  1.2662852E-03  8.4500184E-04  5.9028371E-04
  9.4715692E-02  2.1429440E-02  8.5827345E-03  4.3492028E-03  2.5143065E-03
  1.5828564E-03  1.0578352E-03  7.3882868E-04
  0.1087057      2.6080605E-02  1.0669670E-02  5.4669427E-03  3.1791064E-03
  2.0065750E-03  1.3417753E-03  9.3583349E-04
  0.1280896      3.2582492E-02  1.3551687E-02  7.0059663E-03  4.0922929E-03
  2.5873617E-03  1.7289663E-03  0.0000000E+00
  0.1552417      4.1896995E-02  1.7654939E-02  9.1817854E-03  5.3792768E-03
  3.4019239E-03  2.2659199E-03  0.0000000E+00
  0.1951784      5.5594791E-02  2.3645440E-02  1.2346281E-02  7.2482652E-03
  4.5768903E-03  3.0269087E-03  0.0000000E+00
  0.2565445      7.6378912E-02  3.2704249E-02  1.7143553E-02  1.0066967E-02
  6.3229031E-03  4.1069039E-03  0.0000000E+00
  0.3556557      0.1092902      4.7096070E-02  2.4777792E-02  1.4513576E-02
  8.9747962E-03  5.4584197E-03
  0.5242908      0.1647388      7.1472056E-02  3.7684161E-02  2.1831242E-02
  1.2687204E-02
  0.8314867      0.2661634      0.1165104      6.1232194E-02  3.3580910E-02
   1.452575      0.4763181      0.2101546      0.1059905    
   2.927067       1.000000      0.4329721    
   7.538050       2.759041    
   38.96262    
   1000000.    
  0.1439598      2.2629257E-02  7.5888266E-03  3.4697379E-03  1.8806665E-03
  1.1346485E-03  7.3731935E-04  5.0575839E-04
  0.1578045      2.6157806E-02  9.0419017E-03  4.2122030E-03  2.3107082E-03
  1.4065180E-03  9.1901497E-04  6.3256553E-04
  0.1731193      3.0691009E-02  1.0996080E-02  5.2327863E-03  2.9086007E-03
  1.7851016E-03  1.1721392E-03  8.0862537E-04
  0.1914972      3.6804706E-02  1.3709875E-02  6.6674836E-03  3.7539818E-03
  2.3205096E-03  1.5290370E-03  0.0000000E+00
  0.2169811      4.5442298E-02  1.7593728E-02  8.7331543E-03  4.9718204E-03
  3.0874785E-03  2.0350404E-03  0.0000000E+00
  0.2550845      5.8172017E-02  2.3327615E-02  1.1780201E-02  6.7618233E-03
  4.2060772E-03  2.7554522E-03  0.0000000E+00
  0.3137711      7.7897578E-02  3.2124478E-02  1.6442049E-02  9.4731683E-03
  5.8686598E-03  3.7760353E-03  0.0000000E+00
  0.4065180      0.1100343      4.6287674E-02  2.3878952E-02  1.3734380E-02
  8.3680470E-03  5.0379811E-03
  0.5641999      0.1652781      7.0448421E-02  3.6412645E-02  2.0668954E-02
  1.1805931E-02
  0.8594707      0.2674589      0.1149106      5.8980644E-02  3.1536389E-02
   1.473904      0.4783141      0.2061995      0.1007351    
   2.956383       1.000000      0.4180348    
   7.605979       2.719922    
   39.26734    
  1.0000000E+07
  0.2058530      2.8829388E-02  8.9676213E-03  3.8916562E-03  2.0298879E-03
  1.1892902E-03  7.5529265E-04  5.0859276E-04
  0.2347447      3.3237856E-02  1.0414695E-02  4.5442092E-03  2.3785804E-03
  1.3972602E-03  8.8941469E-04  5.9950189E-04
  0.2701121      3.8916562E-02  1.2339975E-02  5.4283938E-03  2.8592777E-03
  1.6874222E-03  1.0767124E-03  7.2677457E-04
  0.3117061      4.6214197E-02  1.4931506E-02  6.6550439E-03  3.5367371E-03
  2.1008719E-03  1.3449565E-03  0.0000000E+00
  0.3590286      5.5753428E-02  1.8530510E-02  8.4146950E-03  4.5280200E-03
  2.7110833E-03  1.7434621E-03  0.0000000E+00
  0.4122042      6.8729766E-02  2.3785803E-02  1.1062267E-02  6.0435869E-03
  3.6488171E-03  2.3499378E-03  0.0000000E+00
  0.4765878      8.7671228E-02  3.1892899E-02  1.5242839E-02  8.4508099E-03
  5.1245331E-03  3.2689911E-03  0.0000000E+00
  0.5697385      0.1177460      4.5130759E-02  2.2129515E-02  1.2373598E-02
  7.4346201E-03  4.4694897E-03
  0.7280199      0.1697385      6.8082191E-02  3.3947695E-02  1.8854296E-02
  1.0663762E-02
   1.016563      0.2686177      0.1110212      5.5305105E-02  2.8953923E-02
   1.602740      0.4788294      0.1995019      9.4159402E-02
   3.058531       1.000000      0.3996264    
   7.749688       2.678705    
   39.73848    
  1.0000000E+08
  0.3175349      4.3661050E-02  1.3396004E-02  5.7540149E-03  2.9755845E-03
  1.7312965E-03  1.0933542E-03  7.3247158E-04
  0.3530487      4.8596419E-02  1.4923620E-02  6.4120642E-03  3.3163598E-03
  1.9297559E-03  1.2180441E-03  8.1525010E-04
  0.3935240      5.4289069E-02  1.6699307E-02  7.1810940E-03  3.7158898E-03
  2.1621622E-03  1.3644078E-03  9.1147673E-04
  0.4457501      6.1744355E-02  1.9036429E-02  8.2034208E-03  4.2499020E-03
  2.4729075E-03  1.5589503E-03  0.0000000E+00
  0.5187361      7.2398484E-02  2.2444183E-02  9.6983938E-03  5.0345999E-03
  2.9311921E-03  1.8448884E-03  0.0000000E+00
  0.6203160      8.7831311E-02  2.7484005E-02  1.1955868E-02  6.2292726E-03
  3.6323280E-03  2.2783654E-03  0.0000000E+00
  0.7555816      0.1100405      3.5082910E-02  1.5445881E-02  8.1041912E-03
  4.7329939E-03  2.9416373E-03  0.0000000E+00
  0.9274057      0.1427079      4.7055751E-02  2.1151587E-02  1.1216869E-02
  6.5295734E-03  3.8660399E-03
   1.145189      0.1945424      6.7672022E-02  3.1296514E-02  1.6712364E-02
  9.3132257E-03
   1.470166      0.2886800      0.1071419      5.0633244E-02  2.5982505E-02
   2.108630      0.4884450      0.1903643      8.6878188E-02
   3.607521       1.000000      0.3802063    
   8.328764       2.662227    
   41.28476    
  1.0000000E+09
  0.4482521      6.1461929E-02  1.8819952E-02  8.0682607E-03  4.1674725E-03
  2.4222743E-03  1.5268758E-03  1.0221086E-03
  0.5324029      7.3013678E-02  2.2343513E-02  9.5785549E-03  4.9440376E-03
  2.8713555E-03  1.8087606E-03  1.2087881E-03
  0.6294044      8.6306483E-02  2.6419789E-02  1.1315462E-02  5.8366726E-03
  3.3867625E-03  2.1307170E-03  1.4204781E-03
  0.7351112      0.1008153      3.0855326E-02  1.3211275E-02  6.8094516E-03
  3.9463867E-03  2.4775460E-03  0.0000000E+00
  0.8434434      0.1157247      3.5415228E-02  1.5158215E-02  7.8071025E-03
  4.5156833E-03  2.8257566E-03  0.0000000E+00
  0.9559210      0.1313528      4.0223848E-02  1.7217079E-02  8.8531151E-03
  5.1057069E-03  3.1739671E-03  0.0000000E+00
   1.102391      0.1519967      4.6607710E-02  1.9953018E-02  1.0243195E-02
  5.8753625E-03  3.5967943E-03  0.0000000E+00
   1.337847      0.1858505      5.7288930E-02  2.4554374E-02  1.2570126E-02
  7.1162088E-03  4.1177282E-03
   1.714799      0.2433329      7.5887799E-02  3.2679286E-02  1.6609093E-02
  8.9360233E-03
   2.286859      0.3417162      0.1098245      4.7782227E-02  2.3366036E-02
   3.162913      0.5322648      0.1810142      7.7753209E-02
   4.915020       1.000000      0.3506978    
   10.18516       2.524527    
   43.04269    
  1.0000000E+10
  0.4731819      6.4860865E-02  1.9854819E-02  8.5092084E-03  4.3944078E-03
  2.5527624E-03  1.6104315E-03  1.0771609E-03
  0.5822019      7.9782225E-02  2.4411881E-02  1.0458395E-02  5.3972309E-03
  3.1334856E-03  1.9733834E-03  1.3183224E-03
  0.7246942      9.9274091E-02  3.0366985E-02  1.3000404E-02  6.7025134E-03
  3.8876191E-03  2.4438768E-03  1.6292512E-03
  0.9114128      0.1248017      3.8150288E-02  1.6319398E-02  8.4043555E-03
  4.8662452E-03  3.0528295E-03  0.0000000E+00
   1.152977      0.1578169      4.8205402E-02  2.0594167E-02  1.0591477E-02
  6.1177574E-03  3.8230945E-03  0.0000000E+00
   1.451808      0.1986826      6.0626425E-02  2.5863690E-02  1.3271945E-02
  7.6367785E-03  4.7358512E-03  0.0000000E+00
   1.787875      0.2443877      7.4485816E-02  3.1711251E-02  1.6211856E-02
  9.2606526E-03  5.6472644E-03  0.0000000E+00
   2.105122      0.2878075      8.7592423E-02  3.7182417E-02  1.8873505E-02
  1.0608952E-02  6.0935612E-03
   2.438500      0.3335126      0.1013577      4.2788006E-02  2.1400725E-02
  1.1340233E-02
   3.043420      0.4183358      0.1270466      5.3017873E-02  2.5084017E-02
   4.254604      0.5972577      0.1821481      7.2778597E-02
   6.592284       1.000000      0.3059551    
   12.39414       2.218040    
   42.80145    
