   100.0000    
  3.8382661E-02  1.3854579E-02  7.3537636E-03  4.7984151E-03  3.4828710E-03
  2.6893497E-03  2.1580053E-03  1.7793055E-03
  4.6294570E-02  1.6825914E-02  8.9932419E-03  5.9147049E-03  4.3276623E-03
  3.3675134E-03  2.7243067E-03  2.2617106E-03
  5.6676764E-02  2.0752739E-02  1.1188534E-02  7.4295034E-03  5.4893964E-03
  4.3136794E-03  3.5236543E-03  2.9515265E-03
  7.0636213E-02  2.6066184E-02  1.4204148E-02  9.5443949E-03  7.1381959E-03
  5.6781634E-03  4.6947100E-03  0.0000000E+00
  8.9850850E-02  3.3477046E-02  1.8492194E-02  1.2607784E-02  9.5746918E-03
  7.7382894E-03  6.4973203E-03  0.0000000E+00
  0.1172221      4.4185504E-02  2.4831042E-02  1.7257050E-02  1.3365183E-02
  1.1034724E-02  9.4511770E-03  0.0000000E+00
  0.1575390      6.0358893E-02  3.4677230E-02  2.4714518E-02  1.9704031E-02
  1.6732696E-02  1.4658588E-02  0.0000000E+00
  0.2202284      8.6238638E-02  5.1072009E-02  3.7741784E-02  3.1309720E-02
  2.7639244E-02  2.4166862E-02
  0.3240503      0.1308553      8.1018411E-02  6.3202046E-02  5.5686321E-02
  5.0582614E-02
  0.5115358      0.2167327      0.1437893      0.1226987      0.1163365    
  0.8946632      0.4113260      0.3091354      0.3038919    
   1.848054       1.000000      0.9586343    
   5.263342       4.221627    
   35.94733    
   1000.000    
  4.0794790E-02  1.4245623E-02  7.5437813E-03  4.8877415E-03  3.5024697E-03
  2.6594072E-03  2.0936239E-03  1.6883700E-03
  4.8338573E-02  1.7209250E-02  9.1760224E-03  5.9901215E-03  4.3286933E-03
  3.3127526E-03  2.6279748E-03  2.1329143E-03
  5.8441851E-02  2.1149529E-02  1.1371801E-02  7.4921418E-03  5.4658735E-03
  4.2220475E-03  3.3778627E-03  2.7615626E-03
  7.2204761E-02  2.6515491E-02  1.4402784E-02  9.5947459E-03  7.0790304E-03
  5.5287383E-03  4.4667716E-03  0.0000000E+00
  9.1378540E-02  3.4014370E-02  1.8713517E-02  1.2640323E-02  9.4566680E-03
  7.4865292E-03  6.1214641E-03  0.0000000E+00
  0.1187697      4.4858553E-02  2.5078582E-02  1.7242929E-02  1.3145488E-02
  1.0583745E-02  8.7752584E-03  0.0000000E+00
  0.1595195      6.1225865E-02  3.4979794E-02  2.4629546E-02  1.9229908E-02
  1.5839696E-02  1.3291424E-02  0.0000000E+00
  0.2228334      8.7415807E-02  5.1425688E-02  3.7415806E-02  3.0197576E-02
  2.5550069E-02  2.1059722E-02
  0.3277952      0.1325775      8.1320167E-02  6.2101483E-02  5.2548271E-02
  4.4757523E-02
  0.5175124      0.2192411      0.1435788      0.1182084      0.1047822    
  0.9055905      0.4150202      0.3039964      0.2792995    
   1.870229       1.000000      0.9000898    
   5.312079       4.053660    
   36.65245    
   10000.00    
  5.3524863E-02  1.6696703E-02  8.5868761E-03  5.3259837E-03  3.6393516E-03
  2.6364890E-03  1.9855825E-03  1.5382170E-03
  5.9493273E-02  1.9145554E-02  1.0040285E-02  6.3479277E-03  4.4100499E-03
  3.2396906E-03  2.4679319E-03  1.9283368E-03
  6.8228565E-02  2.2728721E-02  1.2085233E-02  7.7674128E-03  5.4775788E-03
  4.0771761E-03  3.1389804E-03  2.4721723E-03
  8.0684833E-02  2.7891446E-02  1.5011131E-02  9.7858589E-03  7.0009544E-03
  5.2772188E-03  4.1047391E-03  0.0000000E+00
  9.8632462E-02  3.5344008E-02  1.9251565E-02  1.2742501E-02  9.2494441E-03
  7.0624403E-03  5.5486062E-03  0.0000000E+00
  0.1250928      4.6294924E-02  2.5601612E-02  1.7226757E-02  1.2710697E-02
  9.8484047E-03  7.8087570E-03  0.0000000E+00
  0.1654829      6.2949225E-02  3.5513625E-02  2.4393089E-02  1.8371675E-02
  1.4459875E-02  1.1512775E-02  0.0000000E+00
  0.2293014      8.9642748E-02  5.1934700E-02  3.6700945E-02  2.8368494E-02
  2.2675715E-02  1.7491784E-02
  0.3361603      0.1356938      8.1638932E-02  6.0055129E-02  4.7959294E-02
  3.7835259E-02
  0.5300541      0.2236828      0.1425845      0.1113114      9.0543844E-02
  0.9274886      0.4212870      0.2953461      0.2477473    
   1.914555       1.000000      0.8229620    
   5.406552       3.833351    
   36.97657    
   100000.0    
  0.1352140      2.9309338E-02  1.1994163E-02  6.3278209E-03  3.8317121E-03
  2.5272372E-03  1.7684825E-03  1.2918287E-03
  0.1256809      3.0661479E-02  1.3346302E-02  7.3307389E-03  4.5642019E-03
  3.0739298E-03  2.1838520E-03  1.6128403E-03
  0.1202335      3.2743189E-02  1.5155641E-02  8.6731520E-03  5.5573927E-03
  3.8219842E-03  2.7577821E-03  2.0583656E-03
  0.1220817      3.6157586E-02  1.7714007E-02  1.0535019E-02  6.9474704E-03
  4.8784041E-03  3.5719844E-03  0.0000000E+00
  0.1330739      4.1877430E-02  2.1498054E-02  1.3258754E-02  8.9756809E-03
  6.4270422E-03  4.7684824E-03  0.0000000E+00
  0.1549611      5.1429957E-02  2.7373539E-02  1.7402723E-02  1.2081712E-02
  8.8054473E-03  6.5963031E-03  0.0000000E+00
  0.1917315      6.7354083E-02  3.6848247E-02  2.4085602E-02  1.7101167E-02
  1.2655642E-02  9.4834631E-03  0.0000000E+00
  0.2526264      9.4114780E-02  5.2859921E-02  3.5515562E-02  2.5778210E-02
  1.9231517E-02  1.3852139E-02
  0.3587548      0.1410506      8.1877425E-02  5.6809336E-02  4.2101167E-02
  3.0554473E-02
  0.5569066      0.2311284      0.1406615      0.1016537      7.4980542E-02
  0.9686770      0.4309338      0.2823930      0.2117704    
   1.994163       1.000000      0.7320039    
   5.577821       3.574903    
   36.40078    
   1000000.    
  0.3405452      5.0894380E-02  1.6660988E-02  7.5408863E-03  4.0749577E-03
  2.4625214E-03  1.6064737E-03  1.1081771E-03
  0.3476150      5.4216355E-02  1.8296422E-02  8.4684845E-03  4.6575814E-03
  2.8543442E-03  1.8833049E-03  1.3109030E-03
  0.3466780      5.7759799E-02  2.0349234E-02  9.7189099E-03  5.4701874E-03
  3.4139694E-03  2.2844975E-03  1.6081772E-03
  0.3360307      6.1720613E-02  2.3066439E-02  1.1465076E-02  6.6431011E-03
  4.2359456E-03  2.8807498E-03  0.0000000E+00
  0.3179727      6.6788763E-02  2.6865417E-02  1.4003407E-02  8.3867125E-03
  5.4752985E-03  3.7844975E-03  0.0000000E+00
  0.3024702      7.4344128E-02  3.2461669E-02  1.7819421E-02  1.1056219E-02
  7.3875645E-03  5.1763207E-03  0.0000000E+00
  0.3063033      8.6967632E-02  4.1175470E-02  2.3816016E-02  1.5298126E-02
  1.0434412E-02  7.3398645E-03  0.0000000E+00
  0.3471039      0.1097104      5.5809204E-02  3.3901192E-02  2.2453152E-02
  1.5485520E-02  1.0459966E-02
  0.4430153      0.1534072      8.2674615E-02  5.2376494E-02  3.5425898E-02
  2.3654174E-02
  0.6359455      0.2427598      0.1372232      8.9948900E-02  5.9761502E-02
   1.055366      0.4436116      0.2646508      0.1750426    
   2.126917       1.000000      0.6344975    
   5.844975       3.297274    
   35.89438    
  1.0000000E+07
  0.5827658      8.0889508E-02  2.5024321E-02  1.0820014E-02  5.6309933E-03
  3.2953441E-03  2.0917305E-03  1.4079221E-03
  0.6004170      8.3877690E-02  2.6073661E-02  1.1320361E-02  5.9110490E-03
  3.4690758E-03  2.2056983E-03  1.4871438E-03
  0.6301599      8.8950664E-02  2.7894370E-02  1.2189020E-02  6.4002783E-03
  3.7727589E-03  2.4072272E-03  1.6261293E-03
  0.6688673      9.6177898E-02  3.0583739E-02  1.3523280E-02  7.1646976E-03
  4.2522582E-03  2.7282836E-03  0.0000000E+00
  0.7102154      0.1055594      3.4391936E-02  1.5489923E-02  8.3252257E-03
  5.0013899E-03  3.2355802E-03  0.0000000E+00
  0.7442668      0.1173037      3.9805420E-02  1.8478109E-02  1.0166782E-02
  6.2091728E-03  4.0597636E-03  0.0000000E+00
  0.7588603      0.1325226      4.7998607E-02  2.3307852E-02  1.3231411E-02
  8.2557332E-03  5.4343292E-03  0.0000000E+00
  0.7546907      0.1551077      6.1528835E-02  3.1646978E-02  1.8637944E-02
  1.1820708E-02  7.5260596E-03
  0.7734538      0.1949965      8.5892975E-02  4.6984017E-02  2.8519804E-02
  1.7616400E-02
  0.9124392      0.2758860      0.1341904      7.7345379E-02  4.6282139E-02
   1.321751      0.4656706      0.2444753      0.1416956    
   2.421126       1.000000      0.5426685    
   6.291870       3.043780    
   36.07366    
  1.0000000E+08
   1.376376      0.1890390      5.7957955E-02  2.4879878E-02  1.2862863E-02
  7.4824826E-03  4.7242241E-03  3.1641640E-03
   1.295796      0.1781281      5.4654654E-02  2.3458458E-02  1.2127127E-02
  7.0520518E-03  4.4504502E-03  2.9779777E-03
   1.217718      0.1675676      5.1451452E-02  2.2102101E-02  1.1426426E-02
  6.6466467E-03  4.1911909E-03  2.8003000E-03
   1.175175      0.1621622      4.9869865E-02  2.1446446E-02  1.1101101E-02
  6.4564561E-03  4.0670671E-03  0.0000000E+00
   1.183684      0.1640140      5.0600599E-02  2.1821821E-02  1.1311311E-02
  6.5815812E-03  4.1421419E-03  0.0000000E+00
   1.244244      0.1739740      5.4054052E-02  2.3423422E-02  1.2182182E-02
  7.1021020E-03  4.4579576E-03  0.0000000E+00
   1.353854      0.1927928      6.0760759E-02  2.6601601E-02  1.3933934E-02
  8.1431428E-03  5.0750752E-03  0.0000000E+00
   1.501001      0.2222723      7.2072066E-02  3.2232229E-02  1.7122122E-02
  1.0025024E-02  5.9909904E-03
   1.659159      0.2676176      9.1891892E-02  4.2747747E-02  2.3183182E-02
  1.3208209E-02
   1.814314      0.3468468      0.1313814      6.4614609E-02  3.4834836E-02
   2.119119      0.5205205      0.2220721      0.1118118    
   3.214214       1.000000      0.4564064    
   7.242242       2.779780    
   36.79179    
  1.0000000E+09
   2.205554      0.3023189      9.2613801E-02  3.9707989E-02  2.0503864E-02
  1.1918122E-02  7.5150300E-03  5.0300602E-03
   2.606642      0.3572860      0.1094188      4.6893790E-02  2.4202691E-02
  1.4056685E-02  8.8548530E-03  5.9175496E-03
   2.871457      0.3936445      0.1204409      5.1588893E-02  2.6613226E-02
  1.5442313E-02  9.7137140E-03  6.4758086E-03
   2.874320      0.3939307      0.1205268      5.1588893E-02  2.6593186E-02
  1.5410822E-02  9.6736327E-03  0.0000000E+00
   2.647581      0.3630117      0.1110507      4.7523618E-02  2.4468938E-02
  1.4151160E-02  8.8519901E-03  0.0000000E+00
   2.388491      0.3277985      0.1002863      4.2885773E-02  2.2052677E-02
  1.2716862E-02  7.9043796E-03  0.0000000E+00
   2.258231      0.3103350      9.5075861E-02  4.0652737E-02  2.0861724E-02
  1.1963928E-02  7.3260809E-03  0.0000000E+00
   2.313198      0.3194962      9.8167770E-02  4.2026911E-02  2.1494418E-02
  1.2170055E-02  7.0455195E-03
   2.567134      0.3592900      0.1113656      4.7838535E-02  2.4300028E-02
  1.3083310E-02
   3.031778      0.4403092      0.1398225      6.0635559E-02  2.9716576E-02
   3.730318      0.5997710      0.2024907      8.7947324E-02
   4.932723       1.000000      0.3675923    
   9.095334       2.408818    
   36.87374    
  1.0000000E+10
   1.202425      0.1649265      5.0477151E-02  2.1634668E-02  1.1172112E-02
  6.4926464E-03  4.0934095E-03  2.7394183E-03
   1.687437      0.2312788      7.0764571E-02  3.0324465E-02  1.5650611E-02
  9.0849893E-03  5.7224655E-03  3.8228361E-03
   2.394746      0.3280566      0.1003368      4.2966206E-02  2.2151118E-02
  1.2843831E-02  8.0801612E-03  5.3845290E-03
   3.358033      0.4598630      0.1405636      6.0143709E-02  3.0975638E-02
  1.7940944E-02  1.1249579E-02  0.0000000E+00
   4.440328      0.6077242      0.1856966      7.9342090E-02  4.0799372E-02
  2.3576962E-02  1.4729988E-02  0.0000000E+00
   5.148759      0.7043898      0.2149995      9.1748059E-02  4.7075331E-02
  2.7091052E-02  1.6807007E-02  0.0000000E+00
   4.999438      0.6836196      0.2083754      8.8739194E-02  4.5357585E-02
  2.5923431E-02  1.5807791E-02  0.0000000E+00
   4.361738      0.5960481      0.1814303      7.7006847E-02  3.9104078E-02
  2.1982709E-02  1.2630515E-02
   3.960929      0.5412596      0.1644774      6.9417313E-02  3.4714270E-02
  1.8401258E-02
   4.110250      0.5632648      0.1708768      7.1258560E-02  3.3715054E-02
   4.946671      0.6871000      0.2083754      8.3159313E-02
   6.805882       1.000000      0.3027956    
   11.28326       1.977097    
   35.28685    
