   100.0000    
  5.1155642E-02  1.6123021E-02  7.1109040E-03  3.8378378E-03  2.3261881E-03
  1.5209693E-03  1.0493943E-03  7.5377448E-04
  6.2674746E-02  1.9794969E-02  8.7455735E-03  4.7297301E-03  2.8713886E-03
  1.8797764E-03  1.2982292E-03  9.3289843E-04
  7.7977635E-02  2.4669154E-02  1.0931966E-02  5.9245108E-03  3.6039145E-03
  2.3625351E-03  1.6328053E-03  1.1733458E-03
  9.8788448E-02  3.1314075E-02  1.3914259E-02  7.5638397E-03  4.6113702E-03
  3.0288910E-03  2.0950607E-03  0.0000000E+00
  0.1276794      4.0615100E-02  1.8108109E-02  9.8788440E-03  6.0419384E-03
  3.9757686E-03  2.7511651E-03  0.0000000E+00
  0.1692451      5.4044738E-02  2.4221810E-02  1.3271202E-02  8.1435228E-03
  5.3690588E-03  3.7073628E-03  0.0000000E+00
  0.2312209      7.4249767E-02  3.3476233E-02  1.8452937E-02  1.1369990E-02
  7.5032623E-03  5.1286113E-03  0.0000000E+00
  0.3281454      0.1062442      4.8285183E-02  2.6803356E-02  1.6598323E-02
  1.0894688E-02  7.0484621E-03
  0.4890028      0.1601118      7.3662631E-02  4.1295435E-02  2.5601119E-02
  1.6057782E-02
  0.7780988      0.2596458      0.1214352      6.8825722E-02  4.1342031E-02
   1.358807      0.4680336      0.2241379      0.1258155    
   2.741845       1.000000      0.4893756    
   7.132339       2.909600    
   32.83318    
   1000.000    
  5.2134205E-02  1.6178938E-02  7.1164961E-03  3.8303821E-03  2.3140726E-03
  1.5079217E-03  1.0363468E-03  7.4100657E-04
  6.3410997E-02  1.9850885E-02  8.7539610E-03  4.7213421E-03  2.8574092E-03
  1.8639329E-03  1.2814539E-03  9.1630942E-04
  7.8518175E-02  2.4743710E-02  1.0941287E-02  5.9142592E-03  3.5862071E-03
  2.3420318E-03  1.6113700E-03  1.1509786E-03
  9.9161237E-02  3.1407271E-02  1.3923579E-02  7.5498600E-03  4.5880708E-03
  3.0009320E-03  2.0652378E-03  0.0000000E+00
  0.1279590      4.0726937E-02  1.8126747E-02  9.8602055E-03  6.0074558E-03
  3.9356947E-03  2.7064306E-03  0.0000000E+00
  0.1695247      5.4193851E-02  2.4240447E-02  1.3243244E-02  8.0913324E-03
  5.3056851E-03  3.6365332E-03  0.0000000E+00
  0.2315005      7.4445486E-02  3.3494875E-02  1.8397018E-02  1.1286114E-02
  7.3942216E-03  5.0037280E-03  0.0000000E+00
  0.3286114      0.1064306      4.8294503E-02  2.6710160E-02  1.6430568E-02
  1.0680336E-02  6.8145390E-03
  0.4896552      0.1604846      7.3625349E-02  4.1071761E-02  2.5246972E-02
  1.5591799E-02
  0.7794036      0.2602050      0.1212488      6.8219945E-02  4.0363468E-02
   1.361603      0.4686859      0.2232992      0.1235788    
   2.748369       1.000000      0.4835974    
   7.146319       2.892824    
   34.23113    
   10000.00    
  5.9040073E-02  1.6402610E-02  7.1174279E-03  3.7940354E-03  2.2730662E-03
  1.4697111E-03  1.0027959E-03  7.1202236E-04
  6.9375582E-02  2.0018641E-02  8.7474380E-03  4.6821996E-03  2.8126750E-03
  1.8210625E-03  1.2432432E-03  8.8257220E-04
  8.3411001E-02  2.4892824E-02  1.0931966E-02  5.8713886E-03  3.5358807E-03
  2.2926375E-03  1.5657037E-03  1.1099721E-03
  0.1029823      3.1556387E-02  1.3923579E-02  7.5023300E-03  4.5284252E-03
  2.9394221E-03  2.0065238E-03  0.0000000E+00
  0.1307549      4.0904008E-02  1.8126747E-02  9.8042879E-03  5.9301029E-03
  3.8527492E-03  2.6253494E-03  0.0000000E+00
  0.1714818      5.4426841E-02  2.4231128E-02  1.3159366E-02  7.9813609E-03
  5.1854616E-03  3.5153776E-03  0.0000000E+00
  0.2329916      7.4753031E-02  3.3485554E-02  1.8266544E-02  1.1109041E-02
  7.2022369E-03  4.8098792E-03  0.0000000E+00
  0.3297297      0.1068965      4.8247904E-02  2.6486488E-02  1.6132340E-02
  1.0344828E-02  6.4874184E-03
  0.4909599      0.1611370      7.3485553E-02  4.0624417E-02  2.4622554E-02
  1.4920783E-02
  0.7814538      0.2609506      0.1207829      6.7110904E-02  3.8881641E-02
   1.366263      0.4697111      0.2215284      0.1200373    
   2.757689       1.000000      0.4741845    
   7.170550       2.865797    
   37.06431    
   100000.0    
  8.5014008E-02  1.8487396E-02  7.3464056E-03  3.7226891E-03  2.1587301E-03
  1.3650794E-03  9.1680675E-04  6.4416433E-04
  9.3837537E-02  2.1764707E-02  8.9047626E-03  4.5854342E-03  2.6834735E-03
  1.7058824E-03  1.1493932E-03  8.0793654E-04
  0.1064426      2.6255837E-02  1.1008403E-02  5.7469658E-03  3.3902896E-03
  2.1643324E-03  1.4603175E-03  1.0261439E-03
  0.1243697      3.2539684E-02  1.3921569E-02  7.3492066E-03  4.3632118E-03
  2.7945847E-03  1.8851542E-03  0.0000000E+00
  0.1499533      4.1587304E-02  1.8067226E-02  9.6171806E-03  5.7385624E-03
  3.6797388E-03  2.4780580E-03  0.0000000E+00
  0.1873950      5.4957986E-02  2.4145659E-02  1.2941177E-02  7.7441647E-03
  4.9635856E-03  3.3211953E-03  0.0000000E+00
  0.2451914      7.5303458E-02  3.3380020E-02  1.7983194E-02  1.0784314E-02
  6.8851542E-03  4.5294119E-03  0.0000000E+00
  0.3386555      0.1076564      4.8104577E-02  2.6059760E-02  1.5611578E-02
  9.8319333E-03  6.0634920E-03
  0.4976657      0.1621849      7.3183946E-02  3.9841268E-02  2.3669470E-02
  1.4033614E-02
  0.7878618      0.2624650      0.1199813      6.5331466E-02  3.6862746E-02
   1.375350      0.4716153      0.2185808      0.1150327    
   2.777778       1.000000      0.4604109    
   7.219421       2.828198    
   38.12325    
   1000000.    
  0.1541784      2.4215965E-02  8.1342729E-03  3.7267609E-03  2.0234743E-03
  1.2234742E-03  7.9643197E-04  5.4723007E-04
  0.1672301      2.7746480E-02  9.6244141E-03  4.4985921E-03  2.4760563E-03
  1.5117372E-03  9.9061034E-04  6.8347418E-04
  0.1807512      3.2215964E-02  1.1615024E-02  5.5586859E-03  3.1061033E-03
  1.9145542E-03  1.2619719E-03  8.7389676E-04
  0.1963380      3.8169015E-02  1.4366197E-02  7.0516439E-03  4.0000002E-03
  2.4873242E-03  1.6478875E-03  0.0000000E+00
  0.2179343      4.6535216E-02  1.8309860E-02  9.2028175E-03  5.2910801E-03
  3.3136150E-03  2.1981222E-03  0.0000000E+00
  0.2515493      5.8873244E-02  2.4122069E-02  1.2384977E-02  7.1981223E-03
  4.5230053E-03  2.9887327E-03  0.0000000E+00
  0.3054460      7.8018785E-02  3.3042256E-02  1.7258218E-02  1.0103287E-02
  6.3333339E-03  4.1145543E-03  0.0000000E+00
  0.3924883      0.1093897      4.7474179E-02  2.5079815E-02  1.4694836E-02
  9.0779345E-03  5.5267611E-03
  0.5411268      0.1636620      7.2225355E-02  3.8366199E-02  2.2244133E-02
  1.2910798E-02
  0.8202817      0.2645071      0.1182160      6.2582165E-02  3.4272302E-02
   1.402817      0.4745540      0.2138967      0.1083568    
   2.816902       1.000000      0.4416902    
   7.307043       2.778404    
   38.39437    
  1.0000000E+07
  0.2263810      3.1685714E-02  9.8476196E-03  4.2752381E-03  2.2295238E-03
  1.3066666E-03  8.2999998E-04  5.5895239E-04
  0.2559048      3.6199998E-02  1.1342857E-02  4.9476190E-03  2.5904763E-03
  1.5228571E-03  9.6952380E-04  6.5352378E-04
  0.2920000      4.2028572E-02  1.3323810E-02  5.8638095E-03  3.0895239E-03
  1.8247619E-03  1.1647618E-03  7.8676193E-04
  0.3341905      4.9485713E-02  1.5990475E-02  7.1323807E-03  3.7942859E-03
  2.2561904E-03  1.4466667E-03  0.0000000E+00
  0.3809524      5.9123807E-02  1.9685715E-02  8.9514293E-03  4.8266668E-03
  2.8952381E-03  1.8657142E-03  0.0000000E+00
  0.4312381      7.2038092E-02  2.5028571E-02  1.1685714E-02  6.4104763E-03
  3.8838098E-03  2.5104764E-03  0.0000000E+00
  0.4888571      9.0657137E-02  3.3266664E-02  1.6028572E-02  8.9419046E-03
  5.4542860E-03  3.4980953E-03  0.0000000E+00
  0.5705714      0.1200952      4.6733331E-02  2.3200000E-02  1.3104762E-02
  7.9419054E-03  4.8114285E-03
  0.7139047      0.1708571      7.0142858E-02  3.5599999E-02  2.0057142E-02
  1.1476190E-02
  0.9847620      0.2680000      0.1141905      5.8228571E-02  3.1038096E-02
   1.542857      0.4764762      0.2060952      0.1000952    
   2.935238       1.000000      0.4185714    
   7.477143       2.722857    
   38.85714    
  1.0000000E+08
  0.3656405      5.0258193E-02  1.5422046E-02  6.6226413E-03  3.4250247E-03
  1.9930487E-03  1.2581927E-03  8.4309833E-04
  0.4013903      5.5253230E-02  1.6961271E-02  7.2889775E-03  3.7706059E-03
  2.1936444E-03  1.3843098E-03  9.2671305E-04
  0.4408143      6.0814302E-02  1.8699106E-02  8.0417078E-03  4.1618668E-03
  2.4220457E-03  1.5273088E-03  1.0208541E-03
  0.4917577      6.8103276E-02  2.1002980E-02  9.0466738E-03  4.6871896E-03
  2.7279048E-03  1.7189672E-03  0.0000000E+00
  0.5643496      7.8728899E-02  2.4399204E-02  1.0546178E-02  5.4746773E-03
  3.1886792E-03  2.0069515E-03  0.0000000E+00
  0.6664349      9.4289973E-02  2.9503476E-02  1.2840119E-02  6.6921548E-03
  3.9036742E-03  2.4508440E-03  0.0000000E+00
  0.8021847      0.1166832      3.7219465E-02  1.6395234E-02  8.6137047E-03
  5.0347568E-03  3.1330686E-03  0.0000000E+00
  0.9714002      0.1494538      4.9344592E-02  2.2224428E-02  1.1817279E-02
  6.8957303E-03  4.0923534E-03
   1.177756      0.2007944      7.0218474E-02  3.2651439E-02  1.7527308E-02
  9.8202582E-03
   1.473684      0.2935452      0.1103277      5.2750744E-02  2.7338630E-02
   2.065541      0.4907646      0.1958292      9.1072500E-02
   3.502483       1.000000      0.3938431    
   8.087388       2.687190    
   40.33764    
  1.0000000E+09
  0.5237062      7.1821094E-02  2.1991529E-02  9.4277449E-03  4.8682988E-03
  2.8302860E-03  1.7849394E-03  1.1940914E-03
  0.6211135      8.5166819E-02  2.6071686E-02  1.1176530E-02  5.7669659E-03
  3.3498604E-03  2.1103192E-03  1.4099783E-03
  0.7312261      0.1002582      3.0688977E-02  1.3149468E-02  6.7813243E-03
  3.9345110E-03  2.4749509E-03  1.6506559E-03
  0.8469166      0.1161037      3.5543848E-02  1.5215371E-02  7.8452639E-03
  4.5460179E-03  2.8540439E-03  0.0000000E+00
  0.9577523      0.1313914      4.0212788E-02  1.7208967E-02  8.8637536E-03
  5.1275697E-03  3.2083462E-03  0.0000000E+00
   1.063940      0.1461626      4.4737112E-02  1.9150913E-02  9.8471232E-03
  5.6801983E-03  3.5306271E-03  0.0000000E+00
   1.199256      0.1652722      5.0707571E-02  2.1702303E-02  1.1145543E-02
  6.3929344E-03  3.9138519E-03  0.0000000E+00
   1.426505      0.1982233      6.1078399E-02  2.6185311E-02  1.3407706E-02
  7.5932238E-03  4.3952069E-03
   1.797335      0.2548290      7.9495914E-02  3.4262989E-02  1.7425885E-02
  9.3822945E-03
   2.356161      0.3519264      0.1133147      4.9375061E-02  2.4202045E-02
   3.187687      0.5389939      0.1844851      7.9774812E-02
   4.824915       1.000000      0.3569879    
   9.901870       2.520401    
   41.82419    
  1.0000000E+10
  0.5404878      7.4087806E-02  2.2682926E-02  9.7209755E-03  5.0185365E-03
  2.9170732E-03  1.8390244E-03  1.2302438E-03
  0.6667317      9.1365851E-02  2.7960977E-02  1.1980488E-02  6.1804876E-03
  3.5882925E-03  2.2604878E-03  1.5092683E-03
  0.8320976      0.1139512      3.4868289E-02  1.4926828E-02  7.6956097E-03
  4.4634147E-03  2.8068291E-03  1.8702439E-03
   1.048780      0.1436097      4.3902438E-02  1.8780487E-02  9.6721947E-03
  5.6009758E-03  3.5131706E-03  0.0000000E+00
   1.327805      0.1817561      5.5531707E-02  2.3726828E-02  1.2204878E-02
  7.0487806E-03  4.4039022E-03  0.0000000E+00
   1.668293      0.2282927      6.9658540E-02  2.9726829E-02  1.5248780E-02
  8.7746345E-03  5.4419511E-03  0.0000000E+00
   2.032195      0.2777561      8.4663413E-02  3.6048777E-02  1.8429268E-02
  1.0526829E-02  6.4185364E-03  0.0000000E+00
   2.338537      0.3196098      9.7268291E-02  4.1287802E-02  2.0965854E-02
  1.1785366E-02  6.7668292E-03
   2.624390      0.3589268      0.1090732      4.6058536E-02  2.3034146E-02
  1.2204878E-02
   3.183415      0.4375610      0.1328780      5.5473171E-02  2.6253659E-02
   4.344390      0.6097561      0.1859512      7.4409753E-02
   6.581464       1.000000      0.3069268    
   12.07805       2.192195    
   41.32683    
