   100.0000    
  4.0188678E-02  1.4313208E-02  7.4037733E-03  4.6792454E-03  3.2754715E-03
  2.4377359E-03  1.8850944E-03  1.4983020E-03
  4.8679244E-02  1.7432077E-02  9.0716984E-03  5.7698116E-03  4.0660379E-03
  3.0433964E-03  2.3660378E-03  1.8905661E-03
  5.9867926E-02  2.1566037E-02  1.1305660E-02  7.2452831E-03  5.1452834E-03
  3.8773585E-03  3.0377358E-03  2.4396228E-03
  7.4905664E-02  2.7169811E-02  1.4373585E-02  9.3000000E-03  6.6641509E-03
  5.0698114E-03  4.0037734E-03  0.0000000E+00
  9.5679246E-02  3.4981132E-02  1.8720753E-02  1.2254717E-02  8.8867927E-03
  6.8377359E-03  5.4566041E-03  0.0000000E+00
  0.1252642      4.6283018E-02  2.5113208E-02  1.6696228E-02  1.2296227E-02
  9.6037742E-03  7.7603771E-03  0.0000000E+00
  0.1690189      6.3320756E-02  3.5018869E-02  2.3754716E-02  1.7860379E-02
  1.4226416E-02  1.1628302E-02  0.0000000E+00
  0.2369811      9.0490565E-02  5.1320758E-02  3.5811320E-02  2.7735848E-02
  2.2622641E-02  1.8111320E-02
  0.3496226      0.1371509      8.0679245E-02  5.8698114E-02  4.7396228E-02
  3.8792454E-02
  0.5522642      0.2260377      0.1406981      0.1093396      9.1849059E-02
  0.9654717      0.4241509      0.2909434      0.2488679    
   1.984906       1.000000      0.8211321    
   5.545283       3.830189    
   34.39622    
   1000.000    
  4.2155046E-02  1.4588280E-02  7.5259642E-03  4.7236648E-03  3.2752226E-03
  2.4072703E-03  1.8356825E-03  1.4369437E-03
  5.0315280E-02  1.7713280E-02  9.1913948E-03  5.8067506E-03  4.0523000E-03
  2.9951781E-03  2.2978487E-03  1.8058235E-03
  6.1257422E-02  2.1865727E-02  1.1426187E-02  7.2737387E-03  5.1131304E-03
  3.8056381E-03  2.9358310E-03  2.3182493E-03
  7.6149851E-02  2.7503708E-02  1.4501113E-02  9.3156537E-03  6.6079381E-03
  4.9591991E-03  3.8520033E-03  0.0000000E+00
  9.6865728E-02  3.5385758E-02  1.8861277E-02  1.2253338E-02  8.7870918E-03
  6.6598668E-03  5.2151335E-03  0.0000000E+00
  0.1265022      4.6791542E-02  2.5278192E-02  1.6663576E-02  1.2117953E-02
  9.2989616E-03  7.3423595E-03  0.0000000E+00
  0.1705119      6.3965134E-02  3.5200298E-02  2.3646142E-02  1.7516691E-02
  1.3649852E-02  1.0825297E-02  0.0000000E+00
  0.2390579      9.1376111E-02  5.1520769E-02  3.5534125E-02  2.6984422E-02
  2.1364985E-02  1.6398368E-02
  0.3523739      0.1384088      8.0804899E-02  5.7882048E-02  4.5419142E-02
  3.5534125E-02
  0.5569362      0.2279303      0.1403561      0.1064355      8.5255936E-02
  0.9738501      0.4267433      0.2874629      0.2344214    
   2.002967       1.000000      0.7863502    
   5.582344       3.731454    
   35.42285    
   10000.00    
  5.2908234E-02  1.6268063E-02  8.1809973E-03  4.9656793E-03  3.3218930E-03
  2.3591039E-03  1.7433164E-03  1.3262283E-03
  5.9826586E-02  1.9057080E-02  9.7326590E-03  5.9953039E-03  4.0625003E-03
  2.9154625E-03  2.1712428E-03  1.6613079E-03
  6.9544792E-02  2.2976879E-02  1.1875000E-02  7.4096820E-03  5.0794799E-03
  3.6795521E-03  2.7619221E-03  2.1224711E-03
  8.3182804E-02  2.8486270E-02  1.4884394E-02  9.3966760E-03  6.5137283E-03
  4.7615608E-03  3.5982658E-03  0.0000000E+00
  0.1027637      3.6361992E-02  1.9201590E-02  1.2272399E-02  8.6036846E-03
  6.3493499E-03  4.8302026E-03  0.0000000E+00
  0.1315571      4.7850430E-02  2.5614161E-02  1.6591402E-02  1.1782875E-02
  8.7861270E-03  6.7142341E-03  0.0000000E+00
  0.1751626      6.5263726E-02  3.5513006E-02  2.3410404E-02  1.6889451E-02
  1.2729407E-02  9.7109824E-03  0.0000000E+00
  0.2440390      9.3045525E-02  5.1806357E-02  3.4953035E-02  2.5704479E-02
  1.9526733E-02  1.4279263E-02
  0.3587428      0.1406973      8.0906793E-02  5.6358382E-02  4.2395230E-02
  3.1358380E-02
  0.5666546      0.2312139      0.1395051      0.1016799      7.6517344E-02
  0.9907876      0.4311777      0.2812500      0.2147760    
   2.035766       1.000000      0.7373555    
   5.657515       3.591041    
   36.39812    
   100000.0    
  0.1140003      2.5429912E-02  1.0536738E-02  5.5879802E-03  3.3837068E-03
  2.2268542E-03  1.5521974E-03  1.1278443E-03
  0.1102484      2.7340628E-02  1.1988883E-02  6.5885009E-03  4.0889354E-03
  2.7375370E-03  1.9332987E-03  1.4168838E-03
  0.1106132      3.0137226E-02  1.3936077E-02  7.9312148E-03  5.0425571E-03
  3.4358173E-03  2.4544033E-03  1.8134445E-03
  0.1173181      3.4358174E-02  1.6657982E-02  9.7967694E-03  6.3765850E-03
  4.4172313E-03  3.1908979E-03  0.0000000E+00
  0.1320653      4.0976204E-02  2.0635748E-02  1.2494355E-02  8.3064102E-03
  5.8415839E-03  4.2574261E-03  0.0000000E+00
  0.1570783      5.1502518E-02  2.6715305E-02  1.6571131E-02  1.1229808E-02
  7.9972204E-03  5.8589545E-03  0.0000000E+00
  0.1971513      6.8438426E-02  3.6321003E-02  2.3032829E-02  1.5883273E-02
  1.1424353E-02  8.3289910E-03  0.0000000E+00
  0.2629842      9.6352264E-02  5.2318919E-02  3.3923920E-02  2.3779746E-02
  1.7139135E-02  1.1914192E-02
  0.3765850      0.1447455      8.0875456E-02  5.3830121E-02  3.8249090E-02
  2.6558971E-02
  0.5874588      0.2365816      0.1377106      9.4684735E-02  6.6128194E-02
   1.022755      0.4382491      0.2713219      0.1903769    
   2.098315       1.000000      0.6744832    
   5.791211       3.411499    
   36.23415    
   1000000.    
  0.2816648      4.2683922E-02  1.4104539E-02  6.4230706E-03  3.4851709E-03
  2.1120759E-03  1.3803048E-03  9.5313776E-04
  0.2901852      4.6141237E-02  1.5759462E-02  7.3504834E-03  4.0619369E-03
  2.4971324E-03  1.6500081E-03  1.1492708E-03
  0.2921514      4.9959037E-02  1.7860068E-02  8.6023267E-03  4.8648203E-03
  3.0427657E-03  2.0383417E-03  1.4332295E-03
  0.2872358      5.4432243E-02  2.0661969E-02  1.0350647E-02  6.0167126E-03
  3.8390956E-03  2.6085530E-03  0.0000000E+00
  0.2785515      6.0298212E-02  2.4578076E-02  1.2878912E-02  7.7175158E-03
  5.0270357E-03  3.4605931E-03  0.0000000E+00
  0.2759299      6.8998851E-02  3.0345730E-02  1.6663935E-02  1.0294937E-02
  6.8376204E-03  4.7533996E-03  0.0000000E+00
  0.2931345      8.3123051E-02  3.9275762E-02  2.2562673E-02  1.4356873E-02
  9.6870391E-03  6.7261998E-03  0.0000000E+00
  0.3447485      0.1078486      5.4137308E-02  3.2410290E-02  2.1120761E-02
  1.4324103E-02  9.4871372E-03
  0.4492872      0.1539898      8.1058495E-02  5.0188430E-02  3.3164017E-02
  2.1595936E-02
  0.6536129      0.2457808      0.1346715      8.5597247E-02  5.5054888E-02
   1.093560      0.4484679      0.2574144      0.1632967    
   2.207111       1.000000      0.6019990    
   6.013435       3.206620    
   35.98230    
  1.0000000E+07
  0.4725555      6.5716855E-02  2.0350931E-02  8.8107381E-03  4.5890822E-03
  2.6874624E-03  1.7066586E-03  1.1490701E-03
  0.4982004      6.9781043E-02  2.1730654E-02  9.4526093E-03  4.9415114E-03
  2.9019194E-03  1.8461307E-03  1.2455009E-03
  0.5335933      7.5674862E-02  2.3800239E-02  1.0427414E-02  5.4829037E-03
  3.2363527E-03  2.0665866E-03  1.3971206E-03
  0.5760348      8.3458312E-02  2.6664667E-02  1.1832634E-02  6.2837433E-03
  3.7372524E-03  2.4010199E-03  0.0000000E+00
  0.6199760      9.3236350E-02  3.0623876E-02  1.3864727E-02  7.4805035E-03
  4.5020995E-03  2.9169165E-03  0.0000000E+00
  0.6561188      0.1053989      3.6187761E-02  1.6916616E-02  9.3446309E-03
  5.7198559E-03  3.7432513E-03  0.0000000E+00
  0.6760647      0.1213257      4.4586085E-02  2.1805640E-02  1.2425015E-02
  7.7579482E-03  5.1004798E-03  0.0000000E+00
  0.6859628      0.1452160      5.8383320E-02  3.0173965E-02  1.7771445E-02
  1.1240251E-02  7.1175760E-03
  0.7300540      0.1871626      8.2963407E-02  4.5335934E-02  2.7384523E-02
  1.6766647E-02
  0.8963707      0.2711458      0.1312387      7.4925013E-02  4.4256151E-02
   1.325885      0.4652070      0.2401020      0.1364277    
   2.455009       1.000000      0.5277445    
   6.393221       3.003899    
   36.24775    
  1.0000000E+08
   1.044677      0.1434861      4.4004142E-02  1.8894067E-02  9.7669000E-03
  5.6824656E-03  3.5871535E-03  2.4035224E-03
   1.028878      0.1414142      4.3395493E-02  1.8635068E-02  9.6361041E-03
  5.6060608E-03  3.5366486E-03  2.3672625E-03
   1.003755      0.1381766      4.2450141E-02  1.8233618E-02  9.4327899E-03
  5.4869205E-03  3.4602433E-03  2.3128723E-03
  0.9987050      0.1379176      4.2424243E-02  1.8259518E-02  9.4496245E-03
  5.4985750E-03  3.4641284E-03  0.0000000E+00
   1.031986      0.1432271      4.4237245E-02  1.9088319E-02  9.8989895E-03
  5.7640509E-03  3.6285936E-03  0.0000000E+00
   1.109557      0.1555297      4.8420098E-02  2.1017870E-02  1.0941465E-02
  6.3817659E-03  4.0093241E-03  0.0000000E+00
   1.229474      0.1759907      5.5659153E-02  2.4436673E-02  1.2826988E-02
  7.5058271E-03  4.6814298E-03  0.0000000E+00
   1.380471      0.2065527      6.7469567E-02  3.0315980E-02  1.6161615E-02
  9.4794091E-03  5.6708106E-03
   1.538461      0.2530432      8.7930590E-02  4.1181039E-02  2.2416471E-02
  1.2793317E-02
   1.700337      0.3344988      0.1284253      6.3493915E-02  3.4278683E-02
   2.043512      0.5124320      0.2202797      0.1107874    
   3.188293       1.000000      0.4542865    
   7.254597       2.790728    
   37.12769    
  1.0000000E+09
   1.596525      0.2189189      6.7017376E-02  2.8725868E-02  1.4835907E-02
  8.6235525E-03  5.4382239E-03  3.6389963E-03
   1.896718      0.2600386      7.9604253E-02  3.4111969E-02  1.7606178E-02
  1.0231661E-02  6.4430502E-03  4.3050195E-03
   2.163127      0.2965251      9.0752900E-02  3.8870655E-02  2.0048263E-02
  1.1631274E-02  7.3194983E-03  4.8793438E-03
   2.305019      0.3160232      9.6718147E-02  4.1399617E-02  2.1332046E-02
  1.2364865E-02  7.7606183E-03  0.0000000E+00
   2.271235      0.3113900      9.5260620E-02  4.0762551E-02  2.0984557E-02
  1.2142858E-02  7.5936294E-03  0.0000000E+00
   2.143822      0.2942085      9.0009660E-02  3.8503863E-02  1.9797297E-02
  1.1418919E-02  7.0955604E-03  0.0000000E+00
   2.078185      0.2858108      8.7557919E-02  3.7451737E-02  1.9218147E-02
  1.1023167E-02  6.7500002E-03  0.0000000E+00
   2.166988      0.2996139      9.2113905E-02  3.9449807E-02  2.0193050E-02
  1.1438224E-02  6.6225869E-03
   2.439189      0.3423745      0.1063707      4.5733590E-02  2.3262547E-02
  1.2538610E-02
   2.910232      0.4256757      0.1359073      5.9150577E-02  2.9083012E-02
   3.595560      0.5888031      0.2009652      8.7895758E-02
   4.802124       1.000000      0.3722008    
   9.058881       2.444981    
   37.36487    
  1.0000000E+10
   1.098477      0.1505985      4.6099022E-02  1.9760611E-02  1.0201306E-02
  5.9303595E-03  3.7383025E-03  2.5010882E-03
   1.449946      0.1986942      6.0772583E-02  2.6044615E-02  1.3438521E-02
  7.8019588E-03  4.9151252E-03  3.2834604E-03
   1.943417      0.2662133      8.1447229E-02  3.4863982E-02  1.7976061E-02
  1.0424375E-02  6.5560392E-03  4.3688794E-03
   2.618607      0.3585963      0.1096300      4.6898805E-02  2.4151253E-02
  1.3988031E-02  8.7758442E-03  0.0000000E+00
   3.458651      0.4733950      0.1446137      6.1806314E-02  3.1773668E-02
  1.8356910E-02  1.1468988E-02  0.0000000E+00
   4.250816      0.5816104      0.1774211      7.5734496E-02  3.8841132E-02
  2.2350380E-02  1.3862894E-02  0.0000000E+00
   4.536997      0.6202394      0.1890098      8.0467902E-02  4.1137107E-02
  2.3498368E-02  1.4330795E-02  0.0000000E+00
   4.202394      0.5739935      0.1747008      7.4156694E-02  3.7644178E-02
  2.1158870E-02  1.2149076E-02
   3.869423      0.5287813      0.1606094      6.7791082E-02  3.3895541E-02
  1.7965181E-02
   4.033188      0.5527748      0.1676823      6.9967359E-02  3.3106640E-02
   4.883569      0.6795430      0.2064744      8.2535364E-02
   6.741023       1.000000      0.3049510    
   11.22960       2.015234    
   35.81610    
