   100.0000    
  6.0066711E-02  1.6876340E-02  6.6547533E-03  3.2928281E-03  1.8663331E-03
  1.1584464E-03  7.6673809E-04  5.3252321E-04
  7.3838457E-02  2.0752918E-02  8.1868004E-03  4.0528947E-03  2.2985465E-03
  1.4267334E-03  9.4424584E-04  6.5522990E-04
  9.2161067E-02  2.5923278E-02  1.0233500E-02  5.0679054E-03  2.8758638E-03
  1.7850845E-03  1.1808435E-03  8.1796519E-04
  0.1171551      3.2952107E-02  1.3023588E-02  6.4569931E-03  3.6645222E-03
  2.2744818E-03  1.5027400E-03  0.0000000E+00
  0.1520848      4.2816292E-02  1.6938288E-02  8.4036216E-03  4.7724564E-03
  2.9592565E-03  1.9511555E-03  0.0000000E+00
  0.2024541      5.7064570E-02  2.2604240E-02  1.1227067E-02  6.3759824E-03
  3.9504408E-03  2.5899452E-03  0.0000000E+00
  0.2778175      7.8484632E-02  3.1141290E-02  1.5482487E-02  8.7896110E-03
  5.4229209E-03  3.5025016E-03  0.0000000E+00
  0.3962354      0.1122707      4.4627115E-02  2.2213485E-02  1.2582797E-02
  7.6649985E-03  4.6557062E-03
  0.5928044      0.1690017      6.7357637E-02  3.3523943E-02  1.8803908E-02
  1.0819633E-02
  0.9466285      0.2723374      0.1088158      5.3871810E-02  2.8734811E-02
   1.654515      0.4841553      0.1932333      9.1827497E-02
   3.314272       1.000000      0.3869431    
   8.355968       2.659042    
   34.11961    
   1000.000    
  6.0729615E-02  1.6869336E-02  6.6428231E-03  3.2832618E-03  1.8586075E-03
  1.1516452E-03  7.6084881E-04  5.2718166E-04
  7.4248925E-02  2.0755842E-02  8.1807338E-03  4.0438725E-03  2.2901765E-03
  1.4191702E-03  9.3705294E-04  6.4854551E-04
  9.2393897E-02  2.5941823E-02  1.0228898E-02  5.0596087E-03  2.8659990E-03
  1.7756319E-03  1.1716739E-03  8.0925133E-04
  0.1172151      3.2975681E-02  1.3020982E-02  6.4473059E-03  3.6528374E-03
  2.2620410E-03  1.4904626E-03  0.0000000E+00
  0.1520029      4.2846922E-02  1.6936099E-02  8.3905580E-03  4.7567957E-03
  2.9422985E-03  1.9334764E-03  0.0000000E+00
  0.2022413      5.7129230E-02  2.2606103E-02  1.1208870E-02  6.3519315E-03
  3.9222697E-03  2.5608011E-03  0.0000000E+00
  0.2775393      7.8564614E-02  3.1139722E-02  1.5455413E-02  8.7529803E-03
  5.3791129E-03  3.4549357E-03  0.0000000E+00
  0.3958035      0.1123987      4.4635195E-02  2.2164997E-02  1.2515498E-02
  7.5846449E-03  4.5684311E-03
  0.5925131      0.1691464      6.7310445E-02  3.3404864E-02  1.8659990E-02
  1.0646161E-02
  0.9465904      0.2725322      0.1087268      5.3600382E-02  2.8373869E-02
   1.654745      0.4845017      0.1928469      9.0963282E-02
   3.314259       1.000000      0.3848355    
   8.361946       2.653791    
   35.59848    
   10000.00    
  6.6603005E-02  1.6767725E-02  6.5528769E-03  3.2298877E-03  1.8250180E-03
  1.1284316E-03  7.4361422E-04  5.1396515E-04
  7.9159707E-02  2.0656481E-02  8.0997851E-03  3.9961804E-03  2.2575792E-03
  1.3953211E-03  9.1859634E-04  6.3380285E-04
  9.6228212E-02  2.5853425E-02  1.0159942E-02  5.0155171E-03  2.8336118E-03
  1.7502985E-03  1.1508713E-03  7.9183577E-04
  0.1199570      3.2943424E-02  1.2967296E-02  6.4048702E-03  3.6190022E-03
  2.2329912E-03  1.4652662E-03  0.0000000E+00
  0.1537599      4.2850323E-02  1.6894247E-02  8.3480552E-03  4.7147293E-03
  2.9052279E-03  1.8999762E-03  0.0000000E+00
  0.2031511      5.7149678E-02  2.2571018E-02  1.1160182E-02  6.2998328E-03
  3.8720460E-03  2.5137265E-03  0.0000000E+00
  0.2778706      7.8658395E-02  3.1105276E-02  1.5387921E-02  8.6751012E-03
  5.2995943E-03  3.3778944E-03  0.0000000E+00
  0.3955598      0.1125328      4.4592984E-02  2.2060158E-02  1.2387204E-02
  7.4480786E-03  4.4425880E-03
  0.5920267      0.1693722      6.7223683E-02  3.3206016E-02  1.8410122E-02
  1.0389114E-02
  0.9458104      0.2728575      0.1084985      5.3139176E-02  2.7787061E-02
   1.654810      0.4848413      0.1920745      8.9567915E-02
   3.318214       1.000000      0.3809978    
   8.371926       2.642636    
   39.67534    
   100000.0    
  8.6162314E-02  1.7189370E-02  6.3969358E-03  3.0883411E-03  1.7261192E-03
  1.0603304E-03  6.9619349E-04  4.8000959E-04
  9.9114195E-02  2.0842709E-02  7.8860428E-03  3.8352883E-03  2.1503470E-03
  1.3227197E-03  8.6808717E-04  5.9755804E-04
  0.1160402      2.5807995E-02  9.8994495E-03  4.8407945E-03  2.7196554E-03
  1.6732104E-03  1.0967201E-03  7.5269333E-04
  0.1386402      3.2726839E-02  1.2681351E-02  6.2221694E-03  3.5001198E-03
  2.1508259E-03  1.4060331E-03  0.0000000E+00
  0.1700024      4.2566437E-02  1.6614795E-02  8.1685428E-03  4.5918124E-03
  2.8154177E-03  1.8321761E-03  0.0000000E+00
  0.2158726      5.6906871E-02  2.2319848E-02  1.0981565E-02  6.1671054E-03
  3.7658608E-03  2.4299736E-03  0.0000000E+00
  0.2865693      7.8501321E-02  3.0883409E-02  1.5199904E-02  8.5132867E-03
  5.1615993E-03  3.2631075E-03  0.0000000E+00
  0.4005267      0.1125688      4.4385921E-02  2.1824276E-02  1.2152263E-02
  7.2348574E-03  4.2757960E-03
  0.5939670      0.1696433      6.6985875E-02  3.2846540E-02  1.8005745E-02
  1.0035911E-02
  0.9461336      0.2734020      0.1080201      5.2358150E-02  2.6981087E-02
   1.655016      0.4855159      0.1907110      8.7502994E-02
   3.320565       1.000000      0.3751496    
   8.388796       2.628681    
   41.70457    
   1000000.    
  0.1263373      1.9720480E-02  6.5566264E-03  2.9734939E-03  1.5995180E-03
  9.5903617E-04  6.1975903E-04  4.2313253E-04
  0.1425783      2.3274699E-02  7.9253009E-03  3.6457831E-03  1.9790363E-03
  1.1934940E-03  7.7397592E-04  5.2915659E-04
  0.1621205      2.7975902E-02  9.7831320E-03  4.5686746E-03  2.5012048E-03
  1.5161446E-03  9.8554220E-04  6.7397591E-04
  0.1871566      3.4385543E-02  1.2371085E-02  5.8602411E-03  3.2337350E-03
  1.9672289E-03  1.2792770E-03  0.0000000E+00
  0.2211566      4.3518070E-02  1.6079519E-02  7.7132531E-03  4.2795180E-03
  2.6072289E-03  1.6901204E-03  0.0000000E+00
  0.2691566      5.7012048E-02  2.1556627E-02  1.0438554E-02  5.8072289E-03
  3.5277107E-03  2.2684336E-03  0.0000000E+00
  0.3387952      7.7879518E-02  2.9951807E-02  1.4578313E-02  8.1012053E-03
  4.8819277E-03  3.0746986E-03  0.0000000E+00
  0.4460241      0.1116145      4.3397591E-02  2.1130120E-02  1.1660242E-02
  6.8867472E-03  4.0506027E-03
  0.6267470      0.1689157      6.6000000E-02  3.1999998E-02  1.7334940E-02
  9.5614456E-03
  0.9650602      0.2734940      0.1068434      5.1036146E-02  2.5879519E-02
   1.664096      0.4865060      0.1883614      8.4650598E-02
   3.330121       1.000000      0.3669879    
   8.421686       2.607229    
   42.14458    
  1.0000000E+07
  0.1684223      2.3593826E-02  7.3346398E-03  3.1822638E-03  1.6577658E-03
  9.7060268E-04  6.1611959E-04  4.1450272E-04
  0.1957619      2.7707007E-02  8.6795688E-03  3.7824595E-03  1.9774621E-03
  1.1604606E-03  7.3762867E-04  4.9657031E-04
  0.2295198      3.3047527E-02  1.0463009E-02  4.5933370E-03  2.4137679E-03
  1.4216071E-03  9.0543856E-04  6.0999516E-04
  0.2704557      4.0029399E-02  1.2883391E-02  5.7177856E-03  3.0254780E-03
  1.7907890E-03  1.1433122E-03  0.0000000E+00
  0.3201862      4.9387556E-02  1.6278785E-02  7.3321904E-03  3.9171977E-03
  2.3312103E-03  1.4911809E-03  0.0000000E+00
  0.3814307      6.2493876E-02  2.1266537E-02  9.7525725E-03  5.2645765E-03
  3.1479667E-03  2.0097992E-03  0.0000000E+00
  0.4627634      8.2067616E-02  2.8980892E-02  1.3539932E-02  7.3689367E-03
  4.4022538E-03  2.7707005E-03  0.0000000E+00
  0.5830475      0.1134248      4.1523762E-02  1.9688878E-02  1.0730035E-02
  6.3155317E-03  3.7310142E-03
  0.7758452      0.1676874      6.3179821E-02  3.0107792E-02  1.6173445E-02
  8.9098485E-03
   1.107055      0.2702107      0.1032337      4.8579130E-02  2.4394903E-02
   1.768986      0.4840764      0.1837335      8.0916218E-02
   3.395395       1.000000      0.3569329    
   8.503185       2.591867    
   42.60167    
  1.0000000E+08
  0.2342377      3.2196384E-02  9.8837204E-03  4.2428938E-03  2.1948321E-03
  1.2772609E-03  8.0645992E-04  5.4031011E-04
  0.2677003      3.6847547E-02  1.1315245E-02  4.8604654E-03  2.5144704E-03
  1.4630491E-03  9.2299742E-04  6.1782944E-04
  0.3080103      4.2532302E-02  1.3077520E-02  5.6227390E-03  2.9095607E-03
  1.6925065E-03  1.0671834E-03  7.1291986E-04
  0.3609819      4.9999997E-02  1.5416021E-02  6.6382433E-03  3.4366925E-03
  2.0000001E-03  1.2596899E-03  0.0000000E+00
  0.4330750      6.0465120E-02  1.8728683E-02  8.0878548E-03  4.1937982E-03
  2.4408270E-03  1.5346253E-03  0.0000000E+00
  0.5328165      7.5400516E-02  2.3563307E-02  1.0235142E-02  5.3229975E-03
  3.0981912E-03  1.9410853E-03  0.0000000E+00
  0.6674418      9.7054265E-02  3.0826872E-02  1.3524548E-02  7.0723514E-03
  4.1162791E-03  2.5496124E-03  0.0000000E+00
  0.8478037      0.1295349      4.2325579E-02  1.8870801E-02  9.9328160E-03
  5.7441862E-03  3.3772609E-03
   1.098450      0.1824031      6.2144704E-02  2.8242894E-02  1.4855297E-02
  8.1679588E-03
   1.498708      0.2793282      9.9534884E-02  4.5581397E-02  2.2798449E-02
   2.252713      0.4839793      0.1768475      7.6925069E-02
   3.912145       1.000000      0.3472868    
   9.018088       2.612403    
   44.28941    
  1.0000000E+09
  0.3170320      4.3479484E-02  1.3310849E-02  5.7054525E-03  2.9482855E-03
  1.7130411E-03  1.0801012E-03  7.2287803E-04
  0.3785835      5.1911186E-02  1.5890950E-02  6.8100058E-03  3.5160203E-03
  2.0415965E-03  1.2861157E-03  8.5947162E-04
  0.4522204      6.2001124E-02  1.8979764E-02  8.1309723E-03  4.1933670E-03
  2.4336707E-03  1.5309162E-03  1.0207982E-03
  0.5385048      7.3861718E-02  2.2602586E-02  9.6795950E-03  4.9887579E-03
  2.8920744E-03  1.8147836E-03  0.0000000E+00
  0.6379989      8.7549187E-02  2.6793143E-02  1.1467116E-02  5.9050033E-03
  3.4148397E-03  2.1365937E-03  0.0000000E+00
  0.7563238      0.1039348      3.1815626E-02  1.3617201E-02  7.0011243E-03
  4.0387860E-03  2.5092748E-03  0.0000000E+00
  0.9165261      0.1263631      3.8757730E-02  1.6579540E-02  8.5075889E-03
  4.8791459E-03  2.9848230E-03  0.0000000E+00
   1.163856      0.1616920      4.9775157E-02  2.1318156E-02  1.0899382E-02
  6.1635752E-03  3.5609894E-03
   1.553682      0.2200675      6.8493538E-02  2.9426645E-02  1.4912873E-02
  7.9988753E-03
   2.161608      0.3209668      0.1023890      4.4210233E-02  2.1461496E-02
   3.161889      0.5188308      0.1724283      7.2540753E-02
   5.230467       1.000000      0.3324902    
   11.01743       2.535413    
   46.76785    
  1.0000000E+10
  0.3447783      4.7267526E-02  1.4469243E-02  6.2002866E-03  3.2017168E-03
  1.8606582E-03  1.1731045E-03  7.8483549E-04
  0.4228898      5.7939917E-02  1.7731044E-02  7.5965673E-03  3.9198860E-03
  2.2758227E-03  1.4331903E-03  9.5736771E-04
  0.5247497      7.1874112E-02  2.1985695E-02  9.4134482E-03  4.8526470E-03
  2.8145923E-03  1.7696710E-03  1.1793992E-03
  0.6586552      9.0185985E-02  2.7565096E-02  1.1791131E-02  6.0715307E-03
  3.5164524E-03  2.2057225E-03  0.0000000E+00
  0.8340487      0.1141631      3.4878399E-02  1.4898427E-02  7.6623755E-03
  4.4263233E-03  2.7650930E-03  0.0000000E+00
   1.059800      0.1449499      4.4234622E-02  1.8875537E-02  9.6824039E-03
  5.5708154E-03  3.4563662E-03  0.0000000E+00
   1.336481      0.1827182      5.5708155E-02  2.3713877E-02  1.2120172E-02
  6.9241780E-03  4.2231758E-03  0.0000000E+00
   1.656366      0.2264092      6.8898432E-02  2.9241776E-02  1.4846925E-02
  8.3433483E-03  4.7925613E-03
   2.059227      0.2816882      8.5579403E-02  3.6137342E-02  1.8057225E-02
  9.5650936E-03
   2.748212      0.3776824      0.1145923      4.7782551E-02  2.2572247E-02
   4.068670      0.5699571      0.1731330      6.8927042E-02
   6.680973       1.000000      0.3015737    
   13.37911       2.266381    
   47.03863    
