   100.0000    
  5.7314016E-02  1.6693490E-02  6.8043633E-03  3.4495706E-03  1.9921316E-03
  1.2535765E-03  8.3887693E-04  5.8762514E-04
  7.0386261E-02  2.0511445E-02  8.3708875E-03  4.2489269E-03  2.4552932E-03
  1.5452432E-03  1.0341560E-03  7.2407007E-04
  8.7804005E-02  2.5608011E-02  1.0461373E-02  5.3147352E-03  3.0740341E-03
  1.9349069E-03  1.2952432E-03  9.0575824E-04
  0.1114986      3.2564379E-02  1.3317239E-02  6.7739626E-03  3.9198855E-03
  2.4695992E-03  1.6518240E-03  0.0000000E+00
  0.1445815      4.2274676E-02  1.7322961E-02  8.8251075E-03  5.1126606E-03
  3.2224604E-03  2.1512874E-03  0.0000000E+00
  0.1922389      5.6330469E-02  2.3122318E-02  1.1806152E-02  6.8472819E-03
  4.3115164E-03  2.8648067E-03  0.0000000E+00
  0.2635908      7.7449925E-02  3.1884834E-02  1.6316164E-02  9.4706723E-03
  5.9459941E-03  3.8966381E-03  0.0000000E+00
  0.3753577      0.1107833      4.5779683E-02  2.3479972E-02  1.3623033E-02
  8.4638763E-03  5.2235331E-03
  0.5611588      0.1668097      6.9277540E-02  3.5622314E-02  2.0529328E-02
  1.2076179E-02
  0.8950286      0.2693133      0.1125000      5.7778969E-02  3.1813305E-02
   1.563841      0.4801502      0.2017167      0.1003040    
   3.138412       1.000000      0.4130901    
   7.977468       2.718169    
   33.61946    
   1000.000    
  5.8042586E-02  1.6698873E-02  6.7954911E-03  3.4406870E-03  1.9824656E-03
  1.2451244E-03  8.3127571E-04  5.8078364E-04
  7.0889249E-02  2.0540347E-02  8.3646448E-03  4.2386833E-03  2.4440866E-03
  1.5355161E-03  1.0248702E-03  7.1533368E-04
  8.8101625E-02  2.5639649E-02  1.0458043E-02  5.3050634E-03  3.0613705E-03
  1.9234210E-03  1.2832349E-03  8.9407765E-04
  0.1116300      3.2599751E-02  1.3315441E-02  6.7614960E-03  3.9058866E-03
  2.4548220E-03  1.6355340E-03  0.0000000E+00
  0.1445876      4.2333152E-02  1.7323315E-02  8.8101625E-03  5.0921449E-03
  3.1991412E-03  2.1273931E-03  0.0000000E+00
  0.1921632      5.6396496E-02  2.3134729E-02  1.1783862E-02  6.8169618E-03
  4.2780461E-03  2.8287708E-03  0.0000000E+00
  0.2633745      7.7545173E-02  3.1884059E-02  1.6280193E-02  9.4202897E-03
  5.8883522E-03  3.8343174E-03  0.0000000E+00
  0.3752013      0.1109143      4.5768473E-02  2.3421004E-02  1.3533726E-02
  8.3539095E-03  5.1064589E-03
  0.5609233      0.1670066      6.9243155E-02  3.5498299E-02  2.0325638E-02
  1.1842906E-02
  0.8951512      0.2694579      0.1123636      5.7452139E-02  3.1311505E-02
   1.564681      0.4804079      0.2012882      9.9123277E-02
   3.140097       1.000000      0.4100912    
   7.985328       2.710682    
   35.08678    
   10000.00    
  6.4206377E-02  1.6675027E-02  6.7233965E-03  3.3894661E-03  1.9473308E-03
  1.2183804E-03  8.1046222E-04  5.6413468E-04
  7.6083839E-02  2.0494446E-02  8.2998928E-03  4.1902545E-03  2.4077392E-03
  1.5075242E-03  1.0023288E-03  6.9652451E-04
  9.2225008E-02  2.5618058E-02  1.0403081E-02  5.2597634E-03  3.0240056E-03
  1.8935864E-03  1.2572554E-03  8.7173056E-04
  0.1146901      3.2604799E-02  1.3271228E-02  6.7180223E-03  3.8659975E-03
  2.4184878E-03  1.6033680E-03  0.0000000E+00
  0.1466679      4.2368326E-02  1.7289501E-02  8.7638833E-03  5.0447867E-03
  3.1529916E-03  2.0834827E-03  0.0000000E+00
  0.1934790      5.6485131E-02  2.3109997E-02  1.1728771E-02  6.7520598E-03
  4.2117522E-03  2.7660336E-03  0.0000000E+00
  0.2640631      7.7696167E-02  3.1870298E-02  1.6202079E-02  9.3246149E-03
  5.7864562E-03  3.7334287E-03  0.0000000E+00
  0.3753135      0.1111430      4.5736294E-02  2.3289144E-02  1.3369760E-02
  8.1762802E-03  4.9408814E-03
  0.5609100      0.1673414      6.9150843E-02  3.5238266E-02  2.0010749E-02
  1.1504836E-02
  0.8953780      0.2699749      0.1120924      5.6861337E-02  3.0562520E-02
   1.565926      0.4810104      0.2002866      9.7294874E-02
   3.145826       1.000000      0.4050519    
   7.998925       2.696166    
   38.76747    
   100000.0    
  8.5103326E-02  1.7486073E-02  6.6486970E-03  3.2578616E-03  1.8418689E-03
  1.1407008E-03  7.5381849E-04  5.2255165E-04
  9.6963160E-02  2.1060197E-02  8.1635220E-03  4.0395330E-03  2.2929020E-03
  1.4242587E-03  9.4159920E-04  6.5193168E-04
  0.1127224      2.5911950E-02  1.0212039E-02  5.0907456E-03  2.9020663E-03
  1.8041328E-03  1.1917340E-03  8.2300091E-04
  0.1339982      3.2668464E-02  1.3044025E-02  6.5390836E-03  3.7340519E-03
  2.3216531E-03  1.5306378E-03  0.0000000E+00
  0.1636478      4.2318057E-02  1.7053008E-02  8.5786162E-03  4.9038636E-03
  3.0440250E-03  1.9982031E-03  0.0000000E+00
  0.2070081      5.6424078E-02  2.2893080E-02  1.1538184E-02  6.5947887E-03
  4.0808623E-03  2.6576817E-03  0.0000000E+00
  0.2736748      7.7717878E-02  3.1680141E-02  1.5989218E-02  9.1248872E-03
  5.6100627E-03  3.5849058E-03  0.0000000E+00
  0.3814915      0.1113567      4.5552559E-02  2.3018869E-02  1.3074573E-02
  7.9011684E-03  4.7223717E-03
  0.5644205      0.1678167      6.8894878E-02  3.4770887E-02  1.9496854E-02
  1.1040431E-02
  0.8975741      0.2707996      0.1115544      5.5849057E-02  2.9505838E-02
   1.569093      0.4821204      0.1985624      9.4627135E-02
   3.153639       1.000000      0.3976640    
   8.025157       2.675651    
   40.44923    
   1000000.    
  0.1325375      2.0781336E-02  6.9415811E-03  3.1615123E-03  1.7062761E-03
  1.0260445E-03  6.6467718E-04  4.5469345E-04
  0.1477302      2.4326282E-02  8.3450899E-03  3.8614580E-03  2.1070719E-03
  1.2752758E-03  8.2980649E-04  5.6899985E-04
  0.1654911      2.8956413E-02  1.0245977E-02  4.8254658E-03  2.6605173E-03
  1.6205463E-03  1.0580576E-03  7.2617113E-04
  0.1879183      3.5268586E-02  1.2890216E-02  6.1765239E-03  3.4382348E-03
  2.1052633E-03  1.3765601E-03  0.0000000E+00
  0.2184844      4.4203296E-02  1.6677519E-02  8.1171999E-03  4.5523606E-03
  2.7961659E-03  1.8249232E-03  0.0000000E+00
  0.2624344      5.7424493E-02  2.2264425E-02  1.0974861E-02  6.1855670E-03
  3.7945381E-03  2.4579491E-03  0.0000000E+00
  0.3277265      7.7880271E-02  3.0837404E-02  1.5328269E-02  8.6435163E-03
  5.2667754E-03  3.3459940E-03  0.0000000E+00
  0.4288298      0.1109966      4.4601195E-02  2.2228252E-02  1.2479653E-02
  7.4624713E-03  4.4293725E-03
  0.5999277      0.1675529      6.7860380E-02  3.3767410E-02  1.8647134E-02
  1.0423223E-02
  0.9198771      0.2711159      0.1101827      5.4187015E-02  2.8070176E-02
   1.582746      0.4832701      0.1955146      9.0920605E-02
   3.170556       1.000000      0.3870501    
   8.070176       2.649666    
   40.82113    
  1.0000000E+07
  0.1821560      2.5515085E-02  7.9378216E-03  3.4437089E-03  1.7950699E-03
  1.0515085E-03  6.6758646E-04  4.4922740E-04
  0.2100810      2.9764533E-02  9.3230316E-03  4.0654894E-03  2.1265636E-03
  1.2490803E-03  7.9433410E-04  5.3495221E-04
  0.2444812      3.5228107E-02  1.1164459E-02  4.9061812E-03  2.5809419E-03
  1.5217072E-03  9.7001472E-04  6.5397355E-04
  0.2855041      4.2328920E-02  1.3653422E-02  6.0724802E-03  3.2211186E-03
  1.9094924E-03  1.2205667E-03  0.0000000E+00
  0.3338852      5.1747609E-02  1.7133923E-02  7.7465051E-03  4.1519501E-03
  2.4779250E-03  1.5890361E-03  0.0000000E+00
  0.3916483      6.4790294E-02  2.2240620E-02  1.0263062E-02  5.5702724E-03
  3.3443710E-03  2.1431199E-03  0.0000000E+00
  0.4659677      8.4142752E-02  3.0114055E-02  1.4216336E-02  7.7980137E-03
  4.6872701E-03  2.9672554E-03  0.0000000E+00
  0.5750552      0.1150294      4.2972773E-02  2.0676969E-02  1.1387049E-02
  6.7604859E-03  4.0213396E-03
  0.7538632      0.1684327      6.5176606E-02  3.1659309E-02  1.7242460E-02
  9.6008098E-03
   1.067697      0.2694997      0.1064570      5.1287714E-02  2.6195733E-02
   1.697388      0.4819720      0.1902134      8.6166300E-02
   3.250552       1.000000      0.3739882    
   8.176969       2.623252    
   41.28035    
  1.0000000E+08
  0.2641473      3.6317829E-02  1.1145350E-02  4.7868220E-03  2.4748063E-03
  1.4406977E-03  9.0949610E-04  6.0930231E-04
  0.2984496      4.1104652E-02  1.2622094E-02  5.4224804E-03  2.8062016E-03
  1.6323644E-03  1.0300387E-03  6.8934110E-04
  0.3393411      4.6821706E-02  1.4401163E-02  6.1937990E-03  3.2054263E-03
  1.8647288E-03  1.1759690E-03  7.8565895E-04
  0.3922481      5.4341085E-02  1.6757753E-02  7.2189928E-03  3.7383721E-03
  2.1763567E-03  1.3705426E-03  0.0000000E+00
  0.4649225      6.4922482E-02  2.0116279E-02  8.6918613E-03  4.5096902E-03
  2.6240312E-03  1.6509690E-03  0.0000000E+00
  0.5655038      8.0077522E-02  2.5038760E-02  1.0887598E-02  5.6686047E-03
  3.3023257E-03  2.0697676E-03  0.0000000E+00
  0.7001938      0.1019574      3.2461241E-02  1.4261629E-02  7.4709305E-03
  4.3546516E-03  2.7015505E-03  0.0000000E+00
  0.8765504      0.1345349      4.4166669E-02  1.9767443E-02  1.0439922E-02
  6.0542636E-03  3.5717054E-03
   1.112985      0.1870543      6.4341091E-02  2.9476745E-02  1.5606590E-02
  8.6298455E-03
   1.481202      0.2829458      0.1026744      4.7674417E-02  2.4089148E-02
   2.187984      0.4858527      0.1825000      8.1007749E-02
   3.779070       1.000000      0.3608527    
   8.718992       2.631783    
   42.92636    
  1.0000000E+09
  0.3640918      4.9916491E-02  1.5286013E-02  6.5532359E-03  3.3841336E-03
  1.9672234E-03  1.2405011E-03  8.3006261E-04
  0.4336117      5.9457198E-02  1.8204594E-02  7.8016701E-03  4.0271399E-03
  2.3382045E-03  1.4734864E-03  9.8455115E-04
  0.5158664      7.0730686E-02  2.1649269E-02  9.2734862E-03  4.7828811E-03
  2.7766179E-03  1.7461377E-03  1.1640919E-03
  0.6093946      8.3569936E-02  2.5574112E-02  1.0951984E-02  5.6450940E-03
  3.2713988E-03  2.0536534E-03  0.0000000E+00
  0.7125261      9.7787052E-02  2.9937368E-02  1.2810020E-02  6.5970770E-03
  3.8162840E-03  2.3862212E-03  0.0000000E+00
  0.8298539      0.1140292      3.4926932E-02  1.4943632E-02  7.6847598E-03
  4.4321502E-03  2.7536533E-03  0.0000000E+00
  0.9858037      0.1359290      4.1691024E-02  1.7841335E-02  9.1565764E-03
  5.2526095E-03  3.2129437E-03  0.0000000E+00
   1.229228      0.1708351      5.2630477E-02  2.2546971E-02  1.1534447E-02
  6.5260958E-03  3.7724427E-03
   1.614614      0.2290188      7.1336113E-02  3.0688936E-02  1.5574113E-02
  8.3632562E-03
   2.206681      0.3288100      0.1053236      4.5636743E-02  2.2233820E-02
   3.150313      0.5240083      0.1760334      7.4759915E-02
   5.083507       1.000000      0.3405010    
   10.64927       2.530271    
   45.09394    
  1.0000000E+10
  0.3925058      5.3799458E-02  1.6468495E-02  7.0588235E-03  3.6445467E-03
  2.1184843E-03  1.3353570E-03  8.9344778E-04
  0.4816831      6.6024698E-02  2.0203056E-02  8.6560603E-03  4.4651455E-03
  2.5936780E-03  1.6332427E-03  1.0910613E-03
  0.5982834      8.1976138E-02  2.5078502E-02  1.0734770E-02  5.5348543E-03
  3.2091271E-03  2.0182123E-03  1.3449864E-03
  0.7513084      0.1028679      3.1442329E-02  1.3451958E-02  6.9269417E-03
  4.0108855E-03  2.5162236E-03  0.0000000E+00
  0.9505966      0.1301026      3.9732050E-02  1.6981369E-02  8.7314211E-03
  5.0450074E-03  3.1505129E-03  0.0000000E+00
   1.202847      0.1645593      5.0219804E-02  2.1436049E-02  1.0992254E-02
  6.3261464E-03  3.9229644E-03  0.0000000E+00
   1.501989      0.2053381      6.2591590E-02  2.6648525E-02  1.3621520E-02
  7.7831279E-03  4.7456566E-03  0.0000000E+00
   1.824157      0.2493197      7.5884447E-02  3.2216873E-02  1.6355453E-02
  9.1898683E-03  5.2773706E-03
   2.204312      0.3014444      9.1626547E-02  3.8685370E-02  1.9334311E-02
  1.0244924E-02
   2.861629      0.3935525      0.1194474      4.9822066E-02  2.3550346E-02
   4.138581      0.5806992      0.1767427      7.0504501E-02
   6.631778       1.000000      0.3037471    
   12.93490       2.248273    
   45.15386    
