   100.0000    
  5.5610485E-02  1.6554307E-02  6.8928837E-03  3.5520599E-03  2.0749064E-03
  1.3185018E-03  8.8898878E-04  6.2651688E-04
  6.8254679E-02  2.0344568E-02  8.4794005E-03  4.3745316E-03  2.5588016E-03
  1.6269663E-03  1.0969288E-03  7.7273411E-04
  8.5078649E-02  2.5393257E-02  1.0597752E-02  5.4741572E-03  3.2059923E-03
  2.0389513E-03  1.3751311E-03  9.6779026E-04
  0.1079700      3.2269660E-02  1.3490637E-02  6.9797747E-03  4.0928838E-03
  2.6052434E-03  1.7558052E-03  0.0000000E+00
  0.1399251      4.1887641E-02  1.7558053E-02  9.0996251E-03  5.3438200E-03
  3.4022471E-03  2.2906365E-03  0.0000000E+00
  0.1859176      5.5790260E-02  2.3445692E-02  1.2184269E-02  7.1670408E-03
  4.5632957E-03  3.0606741E-03  0.0000000E+00
  0.2546816      7.6689139E-02  3.2344569E-02  1.6868914E-02  9.9340817E-03
  6.3131088E-03  4.1797752E-03  0.0000000E+00
  0.3623970      0.1096929      4.6486888E-02  2.4329588E-02  1.4340075E-02
  9.0277148E-03  5.6344569E-03
  0.5412734      0.1652434      7.0471905E-02  3.7033707E-02  2.1722846E-02
  1.2981272E-02
  0.8629213      0.2669663      0.1148464      6.0464419E-02  3.4007490E-02
   1.507116      0.4773034      0.2073408      0.1062622    
   3.027715       1.000000      0.4313108    
   7.742321       2.762547    
   33.36330    
   1000.000    
  5.6384891E-02  1.6576739E-02  6.8854918E-03  3.5416665E-03  2.0653477E-03
  1.3092026E-03  8.8024582E-04  6.1840529E-04
  6.8809949E-02  2.0368705E-02  8.4757190E-03  4.3645087E-03  2.5479614E-03
  1.6157075E-03  1.0860312E-03  7.6244009E-04
  8.5446641E-02  2.5419664E-02  1.0596523E-02  5.4631294E-03  3.1924462E-03
  2.0248801E-03  1.3612111E-03  9.5413672E-04
  0.1081685      3.2314148E-02  1.3490708E-02  6.9679255E-03  4.0752399E-03
  2.5869305E-03  1.7371102E-03  0.0000000E+00
  0.1400030      4.1951440E-02  1.7550958E-02  9.0827337E-03  5.3192447E-03
  3.3767987E-03  2.2631893E-03  0.0000000E+00
  0.1858513      5.5875298E-02  2.3441248E-02  1.2159772E-02  7.1312948E-03
  4.5233816E-03  3.0170863E-03  0.0000000E+00
  0.2546463      7.6798566E-02  3.2344125E-02  1.6816547E-02  9.8756002E-03
  6.2455032E-03  4.1037169E-03  0.0000000E+00
  0.3622602      0.1098621      4.6477817E-02  2.4250599E-02  1.4235611E-02
  8.8983811E-03  5.4946044E-03
  0.5413669      0.1654676      7.0428655E-02  3.6885493E-02  2.1507794E-02
  1.2700840E-02
  0.8633093      0.2672362      0.1146882      6.0071941E-02  3.3408273E-02
   1.509292      0.4776678      0.2068345      0.1048711    
   3.032074       1.000000      0.4276079    
   7.751798       2.751799    
   34.80216    
   10000.00    
  6.2725089E-02  1.6611645E-02  6.8292315E-03  3.4933975E-03  2.0273109E-03
  1.2797118E-03  8.5669267E-04  5.9933978E-04
  7.4189678E-02  2.0378152E-02  8.4228693E-03  4.3172268E-03  2.5090037E-03
  1.5846340E-03  1.0601741E-03  7.4069627E-04
  8.9765906E-02  2.5450179E-02  1.0550721E-02  5.4186676E-03  3.1527614E-03
  1.9897961E-03  1.3310324E-03  9.2782115E-04
  0.1114196      3.2352943E-02  1.3455883E-02  6.9222688E-03  4.0306123E-03
  2.5450182E-03  1.7001801E-03  0.0000000E+00
  0.1422719      4.2016808E-02  1.7527010E-02  9.0336138E-03  5.2656066E-03
  3.3223289E-03  2.2118848E-03  0.0000000E+00
  0.1874250      5.6002401E-02  2.3424370E-02  1.2099341E-02  7.0573231E-03
  4.4477792E-03  2.9426771E-03  0.0000000E+00
  0.2554022      7.6995805E-02  3.2322928E-02  1.6731692E-02  9.7644059E-03
  6.1254501E-03  3.9855940E-03  0.0000000E+00
  0.3628452      0.1101441      4.6443578E-02  2.4114646E-02  1.4044117E-02
  8.6869756E-03  5.2971188E-03
  0.5417167      0.1658163      7.0333138E-02  3.6599640E-02  2.1113446E-02
  1.2297420E-02
  0.8640456      0.2678571      0.1143908      5.9378751E-02  3.2518007E-02
   1.511104      0.4783913      0.2057323      0.1027011    
   3.038716       1.000000      0.4218188    
   7.768607       2.735594    
   38.25030    
   100000.0    
  8.4695257E-02  1.7697517E-02  6.8171560E-03  3.3724606E-03  1.9187359E-03
  1.1951843E-03  7.9322798E-04  5.5184349E-04
  9.5801353E-02  2.1203913E-02  8.3461246E-03  4.1745673E-03  2.3897667E-03
  1.4930023E-03  9.9187356E-04  6.8939052E-04
  0.1107901      2.5974415E-02  1.0413845E-02  5.2565839E-03  3.0233257E-03
  1.8916478E-03  1.2567344E-03  8.7163283E-04
  0.1311964      3.2626037E-02  1.3273139E-02  6.7449212E-03  3.8916480E-03
  2.4364183E-03  1.6162528E-03  0.0000000E+00
  0.1598194      4.2121895E-02  1.7321294E-02  8.8457484E-03  5.1121144E-03
  3.1993978E-03  2.1143716E-03  0.0000000E+00
  0.2015049      5.6057185E-02  2.3235517E-02  1.1899172E-02  6.8803607E-03
  4.2964634E-03  2.8156508E-03  0.0000000E+00
  0.2657637      7.7140711E-02  3.2144468E-02  1.6508652E-02  9.5364936E-03
  5.9172311E-03  3.8073740E-03  0.0000000E+00
  0.3696012      0.1104590      4.6260346E-02  2.3792325E-02  1.3699022E-02
  8.3626779E-03  5.0368696E-03
  0.5459744      0.1664409      7.0052668E-02  3.6057185E-02  2.0496614E-02
  1.1745674E-02
  0.8672686      0.2687735      0.1137697      5.8209177E-02  3.1241534E-02
   1.515425      0.4796087      0.2037622      9.9518441E-02
   3.048909       1.000000      0.4129421    
   7.801354       2.711813    
   39.72912    
   1000000.    
  0.1372519      2.1557340E-02  7.2170882E-03  3.2934404E-03  1.7815483E-03
  1.0727162E-03  6.9595518E-04  4.7659443E-04
  0.1517952      2.5102258E-02  8.6426297E-03  4.0130285E-03  2.1951220E-03
  1.3319195E-03  8.6835329E-04  5.9642480E-04
  0.1684593      2.9692471E-02  1.0568095E-02  5.0022723E-03  2.7677624E-03
  1.6921678E-03  1.1075594E-03  7.6185423E-04
  0.1890623      3.5918798E-02  1.3246478E-02  6.3914554E-03  3.5767306E-03
  2.1996666E-03  1.4428117E-03  0.0000000E+00
  0.2173913      4.4720497E-02  1.7073171E-02  8.3881225E-03  4.7371611E-03
  2.9237994E-03  1.9163763E-03  0.0000000E+00
  0.2587487      5.7748828E-02  2.2738978E-02  1.1331616E-02  6.4384188E-03
  3.9736405E-03  2.5874868E-03  0.0000000E+00
  0.3211635      7.7882141E-02  3.1419482E-02  1.5815785E-02  9.0092411E-03
  5.5294652E-03  3.5327980E-03  0.0000000E+00
  0.4185730      0.1105893      4.5371912E-02  2.2966217E-02  1.3031360E-02
  7.8563858E-03  4.6917135E-03
  0.5835479      0.1666414      6.9034994E-02  3.4934103E-02  1.9527344E-02
  1.1021057E-02
  0.8921376      0.2695046      0.1123163      5.6294501E-02  2.9571276E-02
   1.533101      0.4811392      0.2002727      9.5197700E-02
   3.072262       1.000000      0.4006969    
   7.856386       2.679897    
   40.06968    
  1.0000000E+07
  0.1921418      2.6918337E-02  8.3728814E-03  3.6332821E-03  1.8936826E-03
  1.1098614E-03  7.0462248E-04  4.7442218E-04
  0.2204931      3.1232666E-02  9.7858245E-03  4.2681047E-03  2.2342065E-03
  1.3123268E-03  8.3482283E-04  5.6240370E-04
  0.2553159      3.6795069E-02  1.1664099E-02  5.1294300E-03  2.6995379E-03
  1.5932204E-03  1.0157165E-03  6.8520801E-04
  0.2966102      4.3975346E-02  1.4201849E-02  6.3220342E-03  3.3559322E-03
  1.9907551E-03  1.2742680E-03  0.0000000E+00
  0.3443760      5.3451464E-02  1.7734976E-02  8.0354391E-03  4.3158708E-03
  2.5793528E-03  1.6563946E-03  0.0000000E+00
  0.4000000      6.6471495E-02  2.2912173E-02  1.0611710E-02  5.7765795E-03
  3.4776579E-03  2.2342065E-03  0.0000000E+00
  0.4697997      8.5639447E-02  3.0893682E-02  1.4668721E-02  8.0862874E-03
  4.8798150E-03  3.1001540E-03  0.0000000E+00
  0.5718028      0.1161942      4.3929122E-02  2.1325117E-02  1.1824345E-02
  7.0570111E-03  4.2187981E-03
  0.7416025      0.1690293      6.6486903E-02  3.2681048E-02  1.7950693E-02
  1.0066256E-02
   1.043914      0.2691834      0.1085208      5.3081661E-02  2.7395995E-02
   1.653313      0.4807396      0.1944530      8.9691833E-02
   3.161788       1.000000      0.3853621    
   7.979970       2.647150    
   40.55470    
  1.0000000E+08
  0.2862929      3.9371353E-02  1.2081983E-02  5.1879454E-03  2.6830849E-03
  1.5615682E-03  9.8590401E-04  6.6056382E-04
  0.3212897      4.4232011E-02  1.3583926E-02  5.8360337E-03  3.0184702E-03
  1.7563188E-03  1.1085547E-03  7.4189884E-04
  0.3621192      4.9967594E-02  1.5366170E-02  6.6072587E-03  3.4202849E-03
  1.9896305E-03  1.2548607E-03  8.3862600E-04
  0.4147764      5.7469212E-02  1.7725211E-02  7.6344777E-03  3.9549577E-03
  2.3007127E-03  1.4499351E-03  0.0000000E+00
  0.4876863      6.8081655E-02  2.1095268E-02  9.1202203E-03  4.7326633E-03
  2.7559947E-03  1.7336357E-03  0.0000000E+00
  0.5887880      8.3376534E-02  2.6085546E-02  1.1343163E-02  5.9089432E-03
  3.4429682E-03  2.1597536E-03  0.0000000E+00
  0.7237524      0.1054115      3.3570964E-02  1.4771548E-02  7.7446532E-03
  4.5171743E-03  2.8046013E-03  0.0000000E+00
  0.8977641      0.1380428      4.5414776E-02  2.0366168E-02  1.0779325E-02
  6.2621515E-03  3.7005832E-03
   1.125567      0.1902139      6.5797150E-02  3.0281918E-02  1.6095268E-02
  8.9322748E-03
   1.474076      0.2854828      0.1046662      4.8995461E-02  2.4935190E-02
   2.150032      0.4868762      0.1860013      8.3635770E-02
   3.698963       1.000000      0.3695722    
   8.536941       2.644200    
   42.14193    
  1.0000000E+09
  0.3990643      5.4721884E-02  1.6754461E-02  7.1824640E-03  3.7099288E-03
  2.1556057E-03  1.3597297E-03  9.0989424E-04
  0.4746144      6.5084040E-02  1.9927222E-02  8.5392483E-03  4.4082482E-03
  2.5593485E-03  1.6127187E-03  1.0776295E-03
  0.5629873      7.7196322E-02  2.3618089E-02  1.0121295E-02  5.2209320E-03
  3.0289378E-03  1.9060820E-03  1.2706636E-03
  0.6617571      9.0746835E-02  2.7776815E-02  1.1892219E-02  6.1306530E-03
  3.5522440E-03  2.2301162E-03  0.0000000E+00
  0.7672847      0.1053024      3.2230116E-02  1.3794836E-02  7.1027549E-03
  4.1084737E-03  2.5714780E-03  0.0000000E+00
  0.8830358      0.1213308      3.7151273E-02  1.5900191E-02  8.1770923E-03
  4.7166869E-03  2.9319008E-03  0.0000000E+00
   1.035349      0.1427482      4.3787904E-02  1.8731588E-02  9.6187834E-03
  5.5172415E-03  3.3772311E-03  0.0000000E+00
   1.275515      0.1772656      5.4617919E-02  2.3410155E-02  1.1978859E-02
  6.7804540E-03  3.9213304E-03
   1.657598      0.2351412      7.3297523E-02  3.1554323E-02  1.6024951E-02
  8.6120255E-03
   2.240513      0.3344308      0.1072951      4.6577714E-02  2.2734361E-02
   3.151967      0.5274649      0.1783053      7.6121986E-02
   5.000866       1.000000      0.3451741    
   10.43147       2.528158    
   44.11714    
  1.0000000E+10
  0.4267079      5.8496401E-02  1.7902507E-02  7.6742196E-03  3.9615519E-03
  2.3017509E-03  1.4517680E-03  9.7133551E-04
  0.5242019      7.1850330E-02  2.1987643E-02  9.4181262E-03  4.8592519E-03
  2.8218334E-03  1.7765192E-03  1.1870924E-03
  0.6515620      8.9272231E-02  2.7308619E-02  1.1688981E-02  6.0264333E-03
  3.4946792E-03  2.1987644E-03  1.4646413E-03
  0.8185720      0.1121009      3.4260217E-02  1.4658429E-02  7.5489194E-03
  4.3717818E-03  2.7411606E-03  0.0000000E+00
   1.035530      0.1417267      4.3288708E-02  1.8503262E-02  9.5125306E-03
  5.4943361E-03  3.4328871E-03  0.0000000E+00
   1.307587      0.1788534      5.4582909E-02  2.3292141E-02  1.1948164E-02
  6.8743564E-03  4.2636460E-03  0.0000000E+00
   1.622039      0.2217645      6.7593552E-02  2.8784759E-02  1.4711638E-02
  8.4037082E-03  5.1253010E-03  0.0000000E+00
   1.943014      0.2657055      8.0861658E-02  3.4328874E-02  1.7421903E-02
  9.7940266E-03  5.6247856E-03
   2.305184      0.3153107      9.5811889E-02  4.0456578E-02  2.0219706E-02
  1.0717474E-02
   2.940268      0.4042225      0.1227600      5.1218677E-02  2.4219019E-02
   4.188122      0.5878819      0.1790251      7.1507037E-02
   6.610024       1.000000      0.3048404    
   12.67765       2.234810    
   44.06111    
