   100.0000    
  0.0000000E+00  1.5720930E-02  5.1965117E-03  2.4604651E-03  1.3779070E-03
  8.5290696E-04  5.6523253E-04  3.9348839E-04
  0.0000000E+00  1.9360464E-02  6.3953488E-03  3.0290699E-03  1.6965116E-03
  1.0509302E-03  6.9627911E-04  4.8453489E-04
  0.0000000E+00  2.4209302E-02  7.9953484E-03  3.7895348E-03  2.1232557E-03
  1.3151162E-03  8.7139534E-04  6.0558139E-04
  0.0000000E+00  3.0837208E-02  1.0180233E-02  4.8267441E-03  2.7069768E-03
  1.6767441E-03  1.1101163E-03  0.0000000E+00
  0.0000000E+00  4.0162791E-02  1.3244186E-02  6.2848837E-03  3.5267442E-03
  2.1837209E-03  1.4430233E-03  0.0000000E+00
  0.0000000E+00  5.3674418E-02  1.7686047E-02  8.3988374E-03  4.7151167E-03
  2.9174418E-03  1.9197674E-03  0.0000000E+00
  0.0000000E+00  7.4093021E-02  2.4395349E-02  1.1588371E-02  6.5058134E-03
  4.0139533E-03  2.6069768E-03  0.0000000E+00
  0.0000000E+00  0.1064884      3.5000000E-02  1.6639534E-02  9.3279071E-03
  5.6941858E-03  3.4953486E-03
  0.0000000E+00  0.1612791      5.2883718E-02  2.5127908E-02  1.3976744E-02
  8.1034880E-03
  0.0000000E+00  0.2624419      8.5593022E-02  4.0453486E-02  2.1511627E-02
  0.0000000E+00  0.4729070      0.1522093      6.9220930E-02
  0.0000000E+00   1.000000      0.3047674    
  0.0000000E+00   2.788372    
   23.33721    
   1000.000    
  0.0000000E+00  1.5777854E-02  5.2027418E-03  2.4584639E-03  1.3744626E-03
  8.4942486E-04  5.6186825E-04  3.9037992E-04
  0.0000000E+00  1.9391192E-02  6.3994420E-03  3.0266063E-03  1.6928081E-03
  1.0465899E-03  6.9211109E-04  4.8053908E-04
  0.0000000E+00  2.4236087E-02  7.9993028E-03  3.7852912E-03  2.1180434E-03
  1.3093994E-03  8.6592307E-04  6.0032529E-04
  0.0000000E+00  3.0870222E-02  1.0183571E-02  4.8228186E-03  2.7001277E-03
  1.6695713E-03  1.1025909E-03  0.0000000E+00
  0.0000000E+00  4.0176600E-02  1.3245033E-02  6.2774485E-03  3.5169048E-03
  2.1738121E-03  1.4325549E-03  0.0000000E+00
  0.0000000E+00  5.3700477E-02  1.7694900E-02  8.3885211E-03  4.7008246E-03
  2.9022889E-03  1.9031022E-03  0.0000000E+00
  0.0000000E+00  7.4125715E-02  2.4387127E-02  1.1571975E-02  6.4830952E-03
  3.9874520E-03  2.5781340E-03  0.0000000E+00
  0.0000000E+00  0.1065412      3.4994770E-02  1.6614383E-02  9.2854658E-03
  5.6430809E-03  3.4402232E-03
  0.0000000E+00  0.1613803      5.2863948E-02  2.5072616E-02  1.3884047E-02
  7.9934932E-03
  0.0000000E+00  0.2625770      8.5523412E-02  4.0292785E-02  2.1273384E-02
  0.0000000E+00  0.4731033      0.1519693      6.8676658E-02
  0.0000000E+00   1.000000      0.3033577    
  0.0000000E+00   2.783781    
   25.74648    
   10000.00    
  0.0000000E+00  1.6158219E-02  5.2430113E-03  2.4544715E-03  1.3641110E-03
  8.3888182E-04  5.5283611E-04  3.8278624E-04
  0.0000000E+00  1.9719291E-02  6.4296490E-03  3.0193713E-03  1.6807795E-03
  1.0350308E-03  6.8205548E-04  4.7187103E-04
  0.0000000E+00  2.4498319E-02  8.0199512E-03  3.7756641E-03  2.1041643E-03
  1.2968334E-03  8.5396128E-04  5.8983872E-04
  0.0000000E+00  3.1063681E-02  1.0196033E-02  4.8091868E-03  2.6829834E-03
  1.6529405E-03  1.0875768E-03  0.0000000E+00
  0.0000000E+00  4.0320151E-02  1.3258323E-02  6.2602945E-03  3.4949542E-03
  2.1517226E-03  1.4116692E-03  0.0000000E+00
  0.0000000E+00  5.3810466E-02  1.7689362E-02  8.3644586E-03  4.6699923E-03
  2.8708968E-03  1.8721726E-03  0.0000000E+00
  0.0000000E+00  7.4202530E-02  2.4382323E-02  1.1533465E-02  6.4366083E-03
  3.9380584E-03  2.5298691E-03  0.0000000E+00
  0.0000000E+00  0.1066118      3.4972742E-02  1.6541006E-02  9.2054289E-03
  5.5573601E-03  3.3592391E-03
  0.0000000E+00  0.1614662      5.2801300E-02  2.4939101E-02  1.3733906E-02
  7.8273984E-03
  0.0000000E+00  0.2626145      8.5361324E-02  4.0006962E-02  2.0902447E-02
  0.0000000E+00  0.4732630      0.1514906      6.7776360E-02
  0.0000000E+00   1.000000      0.3008932    
  0.0000000E+00   2.778100    
   31.74806    
   100000.0    
  0.0000000E+00  1.7495951E-02  5.5056699E-03  2.4890071E-03  1.3492247E-03
  8.1682485E-04  5.3228420E-04  3.6577179E-04
  0.0000000E+00  2.1083083E-02  6.6581806E-03  3.0363342E-03  1.6570239E-03
  1.0069428E-03  6.5771810E-04  4.5232585E-04
  0.0000000E+00  2.5838926E-02  8.2029626E-03  3.7722748E-03  2.0712798E-03
  1.2624392E-03  8.2573481E-04  5.6746119E-04
  0.0000000E+00  3.2295763E-02  1.0329785E-02  4.7870865E-03  2.6405924E-03
  1.6130526E-03  1.0548484E-03  0.0000000E+00
  0.0000000E+00  4.1379310E-02  1.3341819E-02  6.2219393E-03  3.4424902E-03
  2.1048367E-03  1.3723675E-03  0.0000000E+00
  0.0000000E+00  5.4640129E-02  1.7738950E-02  8.3082616E-03  4.6042581E-03
  2.8106919E-03  1.8213375E-03  0.0000000E+00
  0.0000000E+00  7.4820645E-02  2.4380928E-02  1.1453367E-02  6.3457531E-03
  3.8532747E-03  2.4554501E-03  0.0000000E+00
  0.0000000E+00  0.1070586      3.4934040E-02  1.6419809E-02  9.0638744E-03
  5.4223556E-03  3.2480906E-03
  0.0000000E+00  0.1618838      5.2684564E-02  2.4716500E-02  1.3480675E-02
  7.5931498E-03
  0.0000000E+00  0.2630178      8.5084476E-02  3.9504744E-02  2.0377228E-02
  0.0000000E+00  0.4737329      0.1506596      6.6431381E-02
  0.0000000E+00   1.000000      0.2971534    
  0.0000000E+00   2.767878    
   34.41333    
   1000000.    
  0.0000000E+00  1.9492796E-02  6.0380404E-03  2.6317004E-03  1.3809799E-03
  8.1406342E-04  5.1965419E-04  3.5146973E-04
  0.0000000E+00  2.3365995E-02  7.2541791E-03  3.1792508E-03  1.6760806E-03
  9.9146971E-04  6.3458213E-04  4.2997120E-04
  0.0000000E+00  2.8414987E-02  8.8438047E-03  3.8997119E-03  2.0680116E-03
  1.2288186E-03  7.8916433E-04  5.3533143E-04
  0.0000000E+00  3.5216138E-02  1.0974064E-02  4.8772334E-03  2.6051875E-03
  1.5561960E-03  1.0017292E-03  0.0000000E+00
  0.0000000E+00  4.4622481E-02  1.3925072E-02  6.2489919E-03  3.3636889E-03
  2.0184438E-03  1.3014410E-03  0.0000000E+00
  0.0000000E+00  5.8074929E-02  1.8190201E-02  8.2489913E-03  4.4737752E-03
  2.6927954E-03  1.7291066E-03  0.0000000E+00
  0.0000000E+00  7.8144096E-02  2.4645533E-02  1.1299136E-02  6.1579254E-03
  3.6979830E-03  2.3389049E-03  0.0000000E+00
  0.0000000E+00  0.1098790      3.4985591E-02  1.6161384E-02  8.8000000E-03
  5.2092220E-03  3.0974064E-03
  0.0000000E+00  0.1639193      5.2518733E-02  2.4288183E-02  1.3060519E-02
  7.2760805E-03
  0.0000000E+00  0.2644380      8.4564842E-02  3.8697407E-02  1.9642651E-02
  0.0000000E+00  0.4746974      0.1491643      6.4530261E-02
  0.0000000E+00   1.000000      0.2916427    
  0.0000000E+00   2.753891    
   34.81268    
  1.0000000E+07
  0.0000000E+00  2.1384438E-02  6.5617850E-03  2.8215102E-03  1.4610984E-03
  8.5137301E-04  5.3821510E-04  3.6098398E-04
  0.0000000E+00  2.5583524E-02  7.8558354E-03  3.3798628E-03  1.7517161E-03
  1.0211670E-03  6.4542337E-04  4.3260871E-04
  0.0000000E+00  3.1121280E-02  9.5629282E-03  4.1212817E-03  2.1384440E-03
  1.2471396E-03  7.8821514E-04  5.2780320E-04
  0.0000000E+00  3.8524028E-02  1.1853547E-02  5.1178490E-03  2.6601830E-03
  1.5537757E-03  9.8203658E-04  0.0000000E+00
  0.0000000E+00  4.8638444E-02  1.4988558E-02  6.4942790E-03  3.3855834E-03
  1.9805492E-03  1.2517162E-03  0.0000000E+00
  0.0000000E+00  6.2940508E-02  1.9405033E-02  8.4530897E-03  4.4256290E-03
  2.5938216E-03  1.6350115E-03  0.0000000E+00
  0.0000000E+00  8.4096104E-02  2.5903890E-02  1.1361556E-02  5.9805489E-03
  3.5068649E-03  2.1864988E-03  0.0000000E+00
  0.0000000E+00  0.1171625      3.5995424E-02  1.5926773E-02  8.4199086E-03
  4.8970249E-03  2.8913042E-03
  0.0000000E+00  0.1719680      5.2848972E-02  2.3592677E-02  1.2414187E-02
  6.8386723E-03
  0.0000000E+00  0.2716247      8.3787180E-02  3.7345536E-02  1.8615561E-02
  0.0000000E+00  0.4791762      0.1465675      6.1876431E-02
  0.0000000E+00   1.000000      0.2837529    
  0.0000000E+00   2.733409    
   34.87414    
  1.0000000E+08
  0.0000000E+00  2.4622779E-02  7.5399578E-03  3.2334863E-03  1.6709513E-03
  9.7127532E-04  6.1271939E-04  4.1019337E-04
  0.0000000E+00  2.9060021E-02  8.8979546E-03  3.8146866E-03  1.9704930E-03
  1.1445177E-03  7.2147086E-04  4.8228458E-04
  0.0000000E+00  3.4648485E-02  1.0608026E-02  4.5467755E-03  2.3471557E-03
  1.3624679E-03  8.5771771E-04  5.7214714E-04
  0.0000000E+00  4.2036436E-02  1.2864647E-02  5.5124625E-03  2.8434114E-03
  1.6497150E-03  1.0362132E-03  0.0000000E+00
  0.0000000E+00  5.2285682E-02  1.5994189E-02  6.8525765E-03  3.5330278E-03
  2.0453783E-03  1.2808763E-03  0.0000000E+00
  0.0000000E+00  6.7039229E-02  2.0509670E-02  8.7839505E-03  4.5244219E-03
  2.6131666E-03  1.6262435E-03  0.0000000E+00
  0.0000000E+00  8.8979550E-02  2.7204651E-02  1.1657539E-02  5.9930705E-03
  3.4447301E-03  2.1124401E-03  0.0000000E+00
  0.0000000E+00  0.1229462      3.7520956E-02  1.6083604E-02  8.2485750E-03
  4.6820166E-03  2.7148766E-03
  0.0000000E+00  0.1793898      5.4364592E-02  2.3281546E-02  1.1836370E-02
  6.3730865E-03
  0.0000000E+00  0.2818822      8.4095225E-02  3.5777356E-02  1.7335420E-02
  0.0000000E+00  0.4907791      0.1426176      5.8008272E-02
  0.0000000E+00   1.000000      0.2705935    
  0.0000000E+00   2.680228    
   34.57025    
  1.0000000E+09
  0.0000000E+00  2.6675919E-02  8.1650298E-03  3.5002134E-03  1.8072161E-03
  1.0501707E-03  6.6214777E-04  4.4310419E-04
  0.0000000E+00  3.2365501E-02  9.9060629E-03  4.2442358E-03  2.1904358E-03
  1.2713493E-03  8.0102478E-04  5.3511956E-04
  0.0000000E+00  3.9570879E-02  1.2105038E-02  5.1836036E-03  2.6729291E-03
  1.5499573E-03  9.7491458E-04  6.4976519E-04
  0.0000000E+00  4.8687018E-02  1.4880445E-02  6.3674208E-03  3.2803160E-03
  1.9000854E-03  1.1923569E-03  0.0000000E+00
  0.0000000E+00  6.0226299E-02  1.8403076E-02  7.8640049E-03  4.0446199E-03
  2.3377454E-03  1.4613578E-03  0.0000000E+00
  0.0000000E+00  7.5256191E-02  2.2971820E-02  9.8035866E-03  5.0320239E-03
  2.8970966E-03  1.7976089E-03  0.0000000E+00
  0.0000000E+00  9.6349277E-02  2.9365927E-02  1.2510675E-02  6.3973102E-03
  3.6571305E-03  2.2309991E-03  0.0000000E+00
  0.0000000E+00  0.1291631      3.9271988E-02  1.6673783E-02  8.4724594E-03
  4.7651581E-03  2.7391119E-03
  0.0000000E+00  0.1842442      5.5817679E-02  2.3558924E-02  1.1784798E-02
  6.2489323E-03
  0.0000000E+00  0.2842656      8.5204951E-02  3.5418443E-02  1.6727155E-02
  0.0000000E+00  0.4900726      0.1420794      5.5636209E-02
  0.0000000E+00   1.000000      0.2591802    
  0.0000000E+00   2.617421    
   33.91332    
  1.0000000E+10
  0.0000000E+00  2.6586693E-02  8.1369840E-03  3.4871323E-03  1.8004717E-03
  1.0468573E-03  6.5969443E-04  4.4140263E-04
  0.0000000E+00  3.2759152E-02  1.0024608E-02  4.2940634E-03  2.2157286E-03
  1.2867836E-03  8.1021228E-04  5.4126937E-04
  0.0000000E+00  4.0951505E-02  1.2519225E-02  5.3614271E-03  2.7642776E-03
  1.6036092E-03  1.0079975E-03  6.7169080E-04
  0.0000000E+00  5.1973753E-02  1.5882293E-02  6.7948326E-03  3.4994360E-03
  2.0260434E-03  1.2703784E-03  0.0000000E+00
  0.0000000E+00  6.7005023E-02  2.0455245E-02  8.7409001E-03  4.4940021E-03
  2.5961245E-03  1.6210397E-03  0.0000000E+00
  0.0000000E+00  8.7603815E-02  2.6719986E-02  1.1401620E-02  5.8453809E-03
  3.3620424E-03  2.0844869E-03  0.0000000E+00
  0.0000000E+00  0.1157593      3.5240438E-02  1.5000514E-02  7.6602073E-03
  4.3730135E-03  2.6648212E-03  0.0000000E+00
  0.0000000E+00  0.1540039      4.6765100E-02  1.9819543E-02  1.0049216E-02
  5.6403158E-03  3.2338768E-03
  0.0000000E+00  0.2091664      6.3262589E-02  2.6617453E-02  1.3267713E-02
  7.0081004E-03
  0.0000000E+00  0.3051369      9.1582082E-02  3.7875526E-02  1.7779145E-02
  0.0000000E+00  0.5041526      0.1482621      5.7695068E-02
  0.0000000E+00   1.000000      0.2700708    
  0.0000000E+00   2.667897    
   34.17410    
  9.9999998E+10
  0.0000000E+00  2.3941336E-02  7.3281387E-03  3.1411548E-03  1.6214481E-03
  9.4225479E-04  5.9413380E-04  3.9752520E-04
  0.0000000E+00  2.9615030E-02  9.0604946E-03  3.8808431E-03  2.0027496E-03
  1.1631531E-03  7.3226396E-04  4.8909255E-04
  0.0000000E+00  3.7231896E-02  1.1384050E-02  4.8735105E-03  2.5123740E-03
  1.4573785E-03  9.1622362E-04  6.1054080E-04
  0.0000000E+00  4.7699355E-02  1.4573785E-02  6.2346468E-03  3.2108156E-03
  1.8588449E-03  1.1659028E-03  0.0000000E+00
  0.0000000E+00  6.2474791E-02  1.9074243E-02  8.1494031E-03  4.1888175E-03
  2.4197982E-03  1.5114573E-03  0.0000000E+00
  0.0000000E+00  8.3923005E-02  2.5591200E-02  1.0916590E-02  5.5967001E-03
  3.2190648E-03  1.9954168E-03  0.0000000E+00
  0.0000000E+00  0.1159487      3.5316221E-02  1.5022915E-02  7.6709432E-03
  4.3785516E-03  2.6672776E-03  0.0000000E+00
  0.0000000E+00  0.1651696      5.0146651E-02  2.1237396E-02  1.0760769E-02
  6.0366634E-03  3.4592117E-03
  0.0000000E+00  0.2407883      7.2804756E-02  3.0604949E-02  1.5242896E-02
  8.0403304E-03
  0.0000000E+00  0.3546288      0.1064161      4.3941338E-02  2.0577449E-02
  0.0000000E+00  0.5430797      0.1600367      6.2163148E-02
  0.0000000E+00   1.000000      0.2760770    
  0.0000000E+00   2.632447    
   33.26306    
  1.0000000E+12
  0.0000000E+00  1.8235704E-02  5.5822874E-03  2.3926080E-03  1.2350070E-03
  7.1757328E-04  4.5258019E-04  3.0278941E-04
  0.0000000E+00  2.2573221E-02  6.9065555E-03  2.9581590E-03  1.5264993E-03
  8.8633195E-04  5.5815902E-04  3.7287310E-04
  0.0000000E+00  2.8410044E-02  8.6889826E-03  3.7189680E-03  1.9170153E-03
  1.1122734E-03  6.9944211E-04  4.6582986E-04
  0.0000000E+00  3.6464434E-02  1.1143655E-02  4.7670854E-03  2.4546722E-03
  1.4211995E-03  8.9121342E-04  0.0000000E+00
  0.0000000E+00  4.7921896E-02  1.4630405E-02  6.2510464E-03  3.2133893E-03
  1.8556486E-03  1.1589959E-03  0.0000000E+00
  0.0000000E+00  6.4776845E-02  1.9755928E-02  8.4239887E-03  4.3200837E-03
  2.4846583E-03  1.5404463E-03  0.0000000E+00
  0.0000000E+00  9.0655506E-02  2.7594142E-02  1.1736402E-02  5.9937239E-03
  3.4211993E-03  2.0836820E-03  0.0000000E+00
  0.0000000E+00  0.1323570      4.0195260E-02  1.7022315E-02  8.6262198E-03
  4.8375172E-03  2.7712693E-03
  0.0000000E+00  0.2037657      6.1589956E-02  2.5885634E-02  1.2887030E-02
  6.7970711E-03
  0.0000000E+00  0.3327754      9.9790797E-02  4.1206416E-02  1.9288704E-02
  0.0000000E+00  0.5695258      0.1677824      6.5118551E-02
  0.0000000E+00   1.000000      0.2766388    
  0.0000000E+00   2.389121    
   29.29568    
  9.9999998E+12
  0.0000000E+00  1.2829819E-02  3.9269249E-03  1.6831780E-03  8.6905347E-04
  5.0514960E-04  3.1834235E-04  2.1299657E-04
  0.0000000E+00  1.5880335E-02  4.8587546E-03  2.0814124E-03  1.0740559E-03
  6.2334479E-04  3.9269251E-04  2.6228544E-04
  0.0000000E+00  1.9990191E-02  6.1108391E-03  2.6169689E-03  1.3491908E-03
  7.8224624E-04  4.9190782E-04  3.2780776E-04
  0.0000000E+00  2.5669446E-02  7.8420797E-03  3.3550761E-03  1.7278077E-03
  1.0004904E-03  6.2726828E-04  0.0000000E+00
  0.0000000E+00  3.3746935E-02  1.0304071E-02  4.4021579E-03  2.2628740E-03
  1.3070133E-03  8.1657676E-04  0.0000000E+00
  0.0000000E+00  4.5669448E-02  1.3928397E-02  5.9391861E-03  3.0456106E-03
  1.7518392E-03  1.0858264E-03  0.0000000E+00
  0.0000000E+00  6.4051010E-02  1.9499755E-02  8.2932813E-03  4.2354097E-03
  2.4173614E-03  1.4722904E-03  0.0000000E+00
  0.0000000E+00  9.4016671E-02  2.8548308E-02  1.2094164E-02  6.1255521E-03
  3.4359982E-03  1.9686122E-03
  0.0000000E+00  0.1465424      4.4306032E-02  1.8621875E-02  9.2692496E-03
  4.8886710E-03
  0.0000000E+00  0.2477195      7.4301131E-02  3.0671898E-02  1.4355076E-02
  0.0000000E+00  0.4673860      0.1376655      5.3408533E-02
  0.0000000E+00   1.000000      0.2767043    
  0.0000000E+00   2.338401    
   26.23835    
  1.0000000E+14
  0.0000000E+00  1.1314879E-02  3.4632352E-03  1.4844291E-03  7.6643599E-04
  4.4550173E-04  2.8079585E-04  1.8784603E-04
  0.0000000E+00  1.4005192E-02  4.2850347E-03  1.8356402E-03  9.4723183E-04
  5.4974051E-04  3.4632353E-04  2.3135815E-04
  0.0000000E+00  1.7629758E-02  5.3935987E-03  2.3079584E-03  1.1898789E-03
  6.8987894E-04  4.3382353E-04  2.8910037E-04
  0.0000000E+00  2.2638408E-02  6.9204154E-03  2.9593427E-03  1.5237889E-03
  8.8235294E-04  5.5320066E-04  0.0000000E+00
  0.0000000E+00  2.9770762E-02  9.0916958E-03  3.8832179E-03  1.9961074E-03
  1.1526817E-03  7.2015572E-04  0.0000000E+00
  0.0000000E+00  4.0289793E-02  1.2288062E-02  5.2422150E-03  2.6868512E-03
  1.5454153E-03  9.5804501E-04  0.0000000E+00
  0.0000000E+00  5.6531142E-02  1.7210208E-02  7.3226648E-03  3.7378895E-03
  2.1336505E-03  1.2997405E-03  0.0000000E+00
  0.0000000E+00  8.3044983E-02  2.5220588E-02  1.0683391E-02  5.4108999E-03
  3.0354674E-03  1.7387545E-03
  0.0000000E+00  0.1297578      3.9225779E-02  1.6483566E-02  8.2050171E-03
  4.3295845E-03
  0.0000000E+00  0.2207613      6.6219725E-02  2.7331315E-02  1.2794117E-02
  0.0000000E+00  0.4260813      0.1254758      4.8702423E-02
  0.0000000E+00   1.000000      0.2766868    
  0.0000000E+00   3.062284    
   35.19031    
