   100.0000    
  0.0000000E+00  1.5509816E-02  5.5579478E-03  2.8131728E-03  1.6592779E-03
  1.0702977E-03  7.3274225E-04  5.2381254E-04
  0.0000000E+00  1.9062698E-02  6.8334392E-03  3.4654844E-03  2.0474985E-03
  1.3217226E-03  9.0563647E-04  6.4787833E-04
  0.0000000E+00  2.3799874E-02  8.5433815E-03  4.3388219E-03  2.5674480E-03
  1.6605447E-03  1.1386954E-03  8.1443950E-04
  0.0000000E+00  3.0259658E-02  1.0873972E-02  5.5357818E-03  3.2830907E-03
  2.1266623E-03  1.4597846E-03  0.0000000E+00
  0.0000000E+00  3.9322358E-02  1.4148194E-02  7.2260923E-03  4.2963903E-03
  2.7884736E-03  1.9145028E-03  0.0000000E+00
  0.0000000E+00  5.2457251E-02  1.8910702E-02  9.6896766E-03  5.7821404E-03
  3.7599748E-03  2.5775807E-03  0.0000000E+00
  0.0000000E+00  7.2260924E-02  2.6124129E-02  1.3445218E-02  8.0557317E-03
  5.2438253E-03  3.5630146E-03  0.0000000E+00
  0.0000000E+00  0.1037365      3.7625078E-02  1.9487016E-02  1.1722608E-02
  7.5997463E-03  4.9056364E-03
  0.0000000E+00  0.1571248      5.7245091E-02  2.9886002E-02  1.8011399E-02
  1.1184294E-02
  0.0000000E+00  0.2560481      9.3920201E-02  4.9461685E-02  2.8948700E-02
  0.0000000E+00  0.4644712      0.1716276      8.9360356E-02
  0.0000000E+00   1.000000      0.3662445    
  0.0000000E+00   2.929069    
   23.76187    
   1000.000    
  0.0000000E+00  1.5603284E-02  5.5723307E-03  2.8117497E-03  1.6531901E-03
  1.0625394E-03  7.2520529E-04  5.1648769E-04
  0.0000000E+00  1.9140871E-02  6.8477574E-03  3.4624131E-03  2.0391659E-03
  1.3126973E-03  8.9639926E-04  6.3866074E-04
  0.0000000E+00  2.3866078E-02  8.5533792E-03  4.3329122E-03  2.5571699E-03
  1.6481364E-03  1.1263423E-03  8.0164248E-04
  0.0000000E+00  3.0322172E-02  1.0878080E-02  5.5268477E-03  3.2684777E-03
  2.1099178E-03  1.4421983E-03  0.0000000E+00
  0.0000000E+00  3.9387237E-02  1.4156664E-02  7.2078328E-03  4.2747944E-03
  2.7637398E-03  1.8888187E-03  0.0000000E+00
  0.0000000E+00  5.2533165E-02  1.8913455E-02  9.6651921E-03  5.7492102E-03
  3.7220465E-03  2.5363234E-03  0.0000000E+00
  0.0000000E+00  7.2394185E-02  2.6121289E-02  1.3411244E-02  8.0037899E-03
  5.1794057E-03  3.4908401E-03  0.0000000E+00
  0.0000000E+00  0.1038534      3.7612129E-02  1.9418824E-02  1.1623499E-02
  7.4731517E-03  4.7694254E-03
  0.0000000E+00  0.1572963      5.7195198E-02  2.9740999E-02  1.7795324E-02
  1.0915983E-02
  0.0000000E+00  0.2562855      9.3746051E-02  4.9090337E-02  2.8370183E-02
  0.0000000E+00  0.4647505      0.1710676      8.8060640E-02
  0.0000000E+00   1.000000      0.3627922    
  0.0000000E+00   2.919773    
   26.36765    
   10000.00    
  0.0000000E+00  1.6224040E-02  5.6765261E-03  2.8206420E-03  1.6400251E-03
  1.0453115E-03  7.0799241E-04  5.0075515E-04
  0.0000000E+00  1.9666456E-02  6.9288858E-03  3.4644429E-03  2.0226557E-03
  1.2913783E-03  8.7602268E-04  6.1976083E-04
  0.0000000E+00  2.4304593E-02  8.6154817E-03  4.3278788E-03  2.5349276E-03
  1.6224040E-03  1.1006922E-03  7.7847700E-04
  0.0000000E+00  3.0685965E-02  1.0931403E-02  5.5135307E-03  3.2391441E-03
  2.0767779E-03  1.4090622E-03  0.0000000E+00
  0.0000000E+00  3.9691627E-02  1.4191315E-02  7.1869097E-03  4.2341091E-03
  2.7180617E-03  1.8426683E-03  0.0000000E+00
  0.0000000E+00  5.2806795E-02  1.8936437E-02  9.6286964E-03  5.6884829E-03
  3.6538702E-03  2.4669603E-03  0.0000000E+00
  0.0000000E+00  7.2624288E-02  2.6129639E-02  1.3341723E-02  7.9043424E-03
  5.0692256E-03  3.3782253E-03  0.0000000E+00
  0.0000000E+00  0.1041536      3.7589680E-02  1.9295154E-02  1.1453744E-02
  7.2750151E-03  4.5764628E-03
  0.0000000E+00  0.1576463      5.7117686E-02  2.9483950E-02  1.7438641E-02
  1.0522340E-02
  0.0000000E+00  0.2568282      9.3455002E-02  4.8445560E-02  2.7507866E-02
  0.0000000E+00  0.4655129      0.1700440      8.5966013E-02
  0.0000000E+00   1.000000      0.3572687    
  0.0000000E+00   2.904972    
   31.61107    
   100000.0    
  0.0000000E+00  1.8693751E-02  6.2143751E-03  2.9212500E-03  1.6306250E-03
  1.0093750E-03  6.6937500E-04  4.6693752E-04
  0.0000000E+00  2.2043752E-02  7.4125002E-03  3.5343750E-03  1.9950001E-03
  1.2443750E-03  8.2937506E-04  5.7987502E-04
  0.0000000E+00  2.6518751E-02  9.0187499E-03  4.3631252E-03  2.4887500E-03
  1.5625000E-03  1.0456250E-03  7.3125004E-04
  0.0000000E+00  3.2668751E-02  1.1243750E-02  5.5125002E-03  3.1718751E-03
  2.0018748E-03  1.3418751E-03  0.0000000E+00
  0.0000000E+00  4.1387498E-02  1.4412501E-02  7.1500000E-03  4.1425000E-03
  2.6231250E-03  1.7575000E-03  0.0000000E+00
  0.0000000E+00  5.4181248E-02  1.9075001E-02  9.5437504E-03  5.5612498E-03
  3.5256252E-03  2.3524999E-03  0.0000000E+00
  0.0000000E+00  7.3750004E-02  2.6187500E-02  1.3200000E-02  7.7125002E-03
  4.8806248E-03  3.2087502E-03  0.0000000E+00
  0.0000000E+00  0.1050625      3.7550002E-02  1.9037500E-02  1.1137500E-02
  6.9687502E-03  4.3156249E-03
  0.0000000E+00  0.1585000      5.6912500E-02  2.8993752E-02  1.6856251E-02
  9.9750003E-03
  0.0000000E+00  0.2577500      9.2874996E-02  4.7337499E-02  2.6262501E-02
  0.0000000E+00  0.4665000      0.1681250      8.2874998E-02
  0.0000000E+00   1.000000      0.3486875    
  0.0000000E+00   2.881250    
   33.46875    
   1000000.    
  0.0000000E+00  2.3172541E-02  7.2789113E-03  3.2047001E-03  1.6951144E-03
  1.0061843E-03  6.4564007E-04  4.3908469E-04
  0.0000000E+00  2.7105752E-02  8.5899811E-03  3.8194186E-03  2.0371056E-03
  1.2164502E-03  7.8540505E-04  5.3555967E-04
  0.0000000E+00  3.2059368E-02  1.0272108E-02  4.6252315E-03  2.4928879E-03
  1.5009276E-03  9.7402593E-04  6.6728506E-04
  0.0000000E+00  3.8509585E-02  1.2498453E-02  5.7167588E-03  3.1205935E-03
  1.8961038E-03  1.2380952E-03  0.0000000E+00
  0.0000000E+00  4.7328383E-02  1.5572046E-02  7.2541740E-03  4.0154606E-03
  2.4632034E-03  1.6153371E-03  0.0000000E+00
  0.0000000E+00  5.9975263E-02  2.0024737E-02  9.5114401E-03  5.3395173E-03
  3.2999378E-03  2.1645022E-03  0.0000000E+00
  0.0000000E+00  7.9097092E-02  2.6821274E-02  1.2987012E-02  7.3716757E-03
  4.5670993E-03  2.9598020E-03  0.0000000E+00
  0.0000000E+00  0.1095857      3.7810758E-02  1.8596165E-02  1.0618429E-02
  6.5120589E-03  3.9777365E-03
  0.0000000E+00  0.1620903      5.6722324E-02  2.8169448E-02  1.5986394E-02
  9.2640687E-03
  0.0000000E+00  0.2605442      9.1960423E-02  4.5627706E-02  2.4619665E-02
  0.0000000E+00  0.4688312      0.1650587      7.8664191E-02
  0.0000000E+00   1.000000      0.3365492    
  0.0000000E+00   2.849721    
   33.72294    
  1.0000000E+07
  0.0000000E+00  2.7172333E-02  8.3555831E-03  3.5970875E-03  1.8652913E-03
  1.0879855E-03  6.8871363E-04  4.6213594E-04
  0.0000000E+00  3.1826459E-02  9.7997580E-03  4.2269421E-03  2.1947816E-03
  1.2815534E-03  8.1128639E-04  5.4441747E-04
  0.0000000E+00  3.7906554E-02  1.1705098E-02  5.0612870E-03  2.6334950E-03
  1.5400486E-03  9.7572815E-04  6.5473298E-04
  0.0000000E+00  4.5879856E-02  1.4223302E-02  6.1771846E-03  3.2275487E-03
  1.8925972E-03  1.2008495E-03  0.0000000E+00
  0.0000000E+00  5.6456309E-02  1.7621359E-02  7.7123791E-03  4.0509710E-03
  2.3853155E-03  1.5157767E-03  0.0000000E+00
  0.0000000E+00  7.0813112E-02  2.2317963E-02  9.8786410E-03  5.2372576E-03
  3.1019419E-03  1.9733012E-03  0.0000000E+00
  0.0000000E+00  9.1322817E-02  2.9132284E-02  1.3100728E-02  7.0327669E-03
  4.1893204E-03  2.6480581E-03  0.0000000E+00
  0.0000000E+00  0.1226335      3.9690532E-02  1.8216019E-02  9.9089816E-03
  5.8913836E-03  3.5436894E-03
  0.0000000E+00  0.1750607      5.7506070E-02  2.6972089E-02  1.4733010E-02
  8.3555831E-03
  0.0000000E+00  0.2717233      9.0776704E-02  4.3070391E-02  2.2512138E-02
  0.0000000E+00  0.4763350      0.1603155      7.3118933E-02
  0.0000000E+00   1.000000      0.3202063    
  0.0000000E+00   2.805218    
   33.75607    
  1.0000000E+08
  0.0000000E+00  3.4391657E-02  1.0533025E-02  4.5191194E-03  2.3348783E-03
  1.3580533E-03  8.5689453E-04  5.7352259E-04
  0.0000000E+00  3.9524909E-02  1.2108921E-02  5.1923520E-03  2.6819236E-03
  1.5590962E-03  9.8261877E-04  6.5701036E-04
  0.0000000E+00  4.5637313E-02  1.3980300E-02  5.9965234E-03  3.0955968E-03
  1.7977983E-03  1.1320973E-03  7.5550401E-04
  0.0000000E+00  5.3487830E-02  1.6384704E-02  7.0278095E-03  3.6280416E-03
  2.1054461E-03  1.3232909E-03  0.0000000E+00
  0.0000000E+00  6.4368479E-02  1.9733489E-02  8.4646577E-03  4.3690614E-03
  2.5330244E-03  1.5880649E-03  0.0000000E+00
  0.0000000E+00  8.0069527E-02  2.4571260E-02  1.0550406E-02  5.4472769E-03
  3.1529549E-03  1.9658168E-03  0.0000000E+00
  0.0000000E+00  0.1030707      3.1720743E-02  1.3655852E-02  7.0567783E-03
  4.0706834E-03  2.5052144E-03  0.0000000E+00
  0.0000000E+00  0.1378331      4.2607184E-02  1.8435689E-02  9.5365010E-03
  5.4536499E-03  3.1848203E-03
  0.0000000E+00  0.1933372      6.0139045E-02  2.6263036E-02  1.3563151E-02
  7.4044033E-03
  0.0000000E+00  0.2918887      9.1251440E-02  4.0162221E-02  1.9994205E-02
  0.0000000E+00  0.4944380      0.1538239      6.5932795E-02
  0.0000000E+00   1.000000      0.2965237    
  0.0000000E+00   2.717265    
   33.36037    
  1.0000000E+09
  0.0000000E+00  3.8430542E-02  1.1765642E-02  5.0429478E-03  2.6039237E-03
  1.5132555E-03  9.5440086E-04  6.3838816E-04
  0.0000000E+00  4.6436902E-02  1.4209968E-02  6.0869567E-03  3.1420996E-03
  1.8244963E-03  1.1495228E-03  7.6776242E-04
  0.0000000E+00  5.6256626E-02  1.7205726E-02  7.3647932E-03  3.7985153E-03
  2.2036054E-03  1.3860021E-03  9.2364795E-04
  0.0000000E+00  6.7974545E-02  2.0774126E-02  8.8918349E-03  4.5800637E-03
  2.6527040E-03  1.6643690E-03  0.0000000E+00
  0.0000000E+00  8.1548251E-02  2.4925768E-02  1.0657476E-02  5.4825027E-03
  3.1686106E-03  1.9803818E-03  0.0000000E+00
  0.0000000E+00  9.7560979E-02  2.9793212E-02  1.2720042E-02  6.5323431E-03
  3.7619299E-03  2.3351007E-03  0.0000000E+00
  0.0000000E+00  0.1187699      3.6235418E-02  1.5445387E-02  7.9056202E-03
  4.5222691E-03  2.7613998E-03  0.0000000E+00
  0.0000000E+00  0.1518558      4.6272535E-02  1.9676564E-02  1.0010604E-02
  5.6362669E-03  3.2460233E-03
  0.0000000E+00  0.2077412      6.3202545E-02  2.6760338E-02  1.3430540E-02
  7.1474016E-03
  0.0000000E+00  0.3072640      9.3160123E-02  3.9072111E-02  1.8610816E-02
  0.0000000E+00  0.5067869      0.1512725      6.0604453E-02
  0.0000000E+00   1.000000      0.2749205    
  0.0000000E+00   2.611877    
   32.48144    
  1.0000000E+10
  0.0000000E+00  3.5922103E-02  1.0994839E-02  4.7114030E-03  2.4331301E-03
  1.4138902E-03  8.9160015E-04  5.9643359E-04
  0.0000000E+00  4.4481464E-02  1.3608634E-02  5.8329422E-03  3.0084467E-03
  1.7465978E-03  1.0999531E-03  7.3486625E-04
  0.0000000E+00  5.5889253E-02  1.7085874E-02  7.3158145E-03  3.7714688E-03
  2.1872360E-03  1.3754106E-03  9.1647112E-04
  0.0000000E+00  7.1187235E-02  2.1764429E-02  9.3101831E-03  4.7958707E-03
  2.7756921E-03  1.7409667E-03  0.0000000E+00
  0.0000000E+00  9.1928676E-02  2.8071329E-02  1.1994369E-02  6.1661191E-03
  3.5617081E-03  2.2247771E-03  0.0000000E+00
  0.0000000E+00  0.1195683      3.6471140E-02  1.5556077E-02  7.9774754E-03
  4.5898641E-03  2.8456124E-03  0.0000000E+00
  0.0000000E+00  0.1548100      4.7160957E-02  2.0061005E-02  1.0248709E-02
  5.8517125E-03  3.5664006E-03  0.0000000E+00
  0.0000000E+00  0.1966682      5.9737213E-02  2.5330830E-02  1.2848428E-02
  7.2125765E-03  4.1365554E-03
  0.0000000E+00  0.2491788      7.5410604E-02  3.1750351E-02  1.5832942E-02
  8.3716568E-03
  0.0000000E+00  0.3395589      0.1020648      4.2285312E-02  1.9873299E-02
  0.0000000E+00  0.5297982      0.1567339      6.1285783E-02
  0.0000000E+00   1.000000      0.2756452    
  0.0000000E+00   2.593149    
   32.06007    
  9.9999998E+10
  0.0000000E+00  2.8462104E-02  8.7122880E-03  3.7343635E-03  1.9278881E-03
  1.1203090E-03  7.0640177E-04  4.7277409E-04
  0.0000000E+00  3.5437822E-02  1.0842531E-02  4.6431199E-03  2.3966152E-03
  1.3914643E-03  8.7637966E-04  5.8535690E-04
  0.0000000E+00  4.4922736E-02  1.3734363E-02  5.8793230E-03  3.0309050E-03
  1.7575424E-03  1.1052245E-03  7.3657098E-04
  0.0000000E+00  5.8094185E-02  1.7752023E-02  7.5938189E-03  3.9109639E-03
  2.2637970E-03  1.4197939E-03  0.0000000E+00
  0.0000000E+00  7.6968357E-02  2.3502575E-02  1.0040470E-02  5.1618838E-03
  2.9808683E-03  1.8620309E-03  0.0000000E+00
  0.0000000E+00  0.1047829      3.1957321E-02  1.3631347E-02  6.9904341E-03
  4.0213391E-03  2.4919058E-03  0.0000000E+00
  0.0000000E+00  0.1469095      4.4738777E-02  1.9025018E-02  9.7167036E-03
  5.5445181E-03  3.3782192E-03  0.0000000E+00
  0.0000000E+00  0.2112951      6.4164825E-02  2.7181750E-02  1.3774835E-02
  7.7262688E-03  4.4260486E-03
  0.0000000E+00  0.3055187      9.2384107E-02  3.8852099E-02  1.9337747E-02
  1.0206033E-02
  0.0000000E+00  0.4249448      0.1275202      5.2685797E-02  2.4683591E-02
  0.0000000E+00  0.5897719      0.1739146      6.7623250E-02
  0.0000000E+00   1.000000      0.2770419    
  0.0000000E+00   2.493745    
   30.34216    
  1.0000000E+12
  0.0000000E+00  1.7214570E-02  5.2687693E-03  2.2589960E-03  1.1659262E-03
  6.7769876E-04  4.2714347E-04  2.8587296E-04
  0.0000000E+00  2.1452688E-02  6.5637492E-03  2.8120836E-03  1.4509107E-03
  8.4229233E-04  5.3043093E-04  3.5428698E-04
  0.0000000E+00  2.7232341E-02  8.3274096E-03  3.5650821E-03  1.8378498E-03
  1.0657485E-03  6.7014660E-04  4.4646824E-04
  0.0000000E+00  3.5317637E-02  1.0795201E-02  4.6179476E-03  2.3767212E-03
  1.3767214E-03  8.6339400E-04  0.0000000E+00
  0.0000000E+00  4.7045756E-02  1.4366948E-02  6.1372719E-03  3.1541537E-03
  1.8220789E-03  1.1381608E-03  0.0000000E+00
  0.0000000E+00  6.4704575E-02  1.9735672E-02  8.4162587E-03  4.3158596E-03
  2.4811195E-03  1.5386494E-03  0.0000000E+00
  0.0000000E+00  9.2625499E-02  2.8187472E-02  1.1994669E-02  6.1239447E-03
  3.4962238E-03  2.1292758E-03  0.0000000E+00
  0.0000000E+00  0.1393381      4.2314526E-02  1.7918702E-02  9.0804091E-03
  5.0910702E-03  2.9164816E-03
  0.0000000E+00  0.2225678      6.7258999E-02  2.8276321E-02  1.4071523E-02
  7.4211461E-03
  0.0000000E+00  0.3767215      0.1129942      4.6645932E-02  2.1839183E-02
  0.0000000E+00  0.6394935      0.1883829      7.3145270E-02
  0.0000000E+00   1.000000      0.2769880    
  0.0000000E+00   2.154154    
   25.07774    
  9.9999998E+12
  0.0000000E+00  8.6974083E-03  2.6624030E-03  1.1410300E-03  5.8913941E-04
  3.4230898E-04  2.1586446E-04  1.4439583E-04
  0.0000000E+00  1.0840345E-02  3.3165039E-03  1.4203972E-03  7.3308649E-04
  4.2567035E-04  2.6803545E-04  1.7906429E-04
  0.0000000E+00  1.3766409E-02  4.2095813E-03  1.8018625E-03  9.2898018E-04
  5.3876359E-04  3.3871870E-04  2.2573768E-04
  0.0000000E+00  1.7861551E-02  5.4594409E-03  2.3347919E-03  1.2027374E-03
  6.9617410E-04  4.3666552E-04  0.0000000E+00
  0.0000000E+00  2.3819141E-02  7.2714011E-03  3.1066979E-03  1.5965444E-03
  9.2224841E-04  5.7612476E-04  0.0000000E+00
  0.0000000E+00  3.2817233E-02  1.0007854E-02  4.2679235E-03  2.1889375E-03
  1.2588353E-03  7.8020868E-04  0.0000000E+00
  0.0000000E+00  4.7155838E-02  1.4349826E-02  6.1068102E-03  3.1179176E-03
  1.7794233E-03  1.0839223E-03  0.0000000E+00
  0.0000000E+00  7.1580835E-02  2.1732301E-02  9.2056543E-03  4.6639740E-03
  2.6152809E-03  1.4989341E-03
  0.0000000E+00  0.1170201      3.5364076E-02  1.4865926E-02  7.3981821E-03
  3.9021652E-03
  0.0000000E+00  0.2117132      6.3480310E-02  2.6208907E-02  1.2262986E-02
  0.0000000E+00  0.4377875      0.1289128      5.0039265E-02
  0.0000000E+00   1.000000      0.2767867    
  0.0000000E+00   2.059912    
   20.85717    
  1.0000000E+14
  0.0000000E+00  6.5426156E-03  2.0025314E-03  8.5822784E-04  4.4312235E-04
  2.5755275E-04  1.6236286E-04  1.0860759E-04
  0.0000000E+00  8.1544304E-03  2.4953587E-03  1.0691982E-03  5.5147678E-04
  3.2016877E-04  2.0168777E-04  1.3468353E-04
  0.0000000E+00  1.0354430E-02  3.1662446E-03  1.3552742E-03  6.9881853E-04
  4.0523207E-04  2.5476792E-04  1.6978903E-04
  0.0000000E+00  1.3443038E-02  4.1071726E-03  1.7569619E-03  9.0464129E-04
  5.2371307E-04  3.2852319E-04  0.0000000E+00
  0.0000000E+00  1.7915612E-02  5.4717297E-03  2.3375526E-03  1.2016877E-03
  6.9392403E-04  4.3341774E-04  0.0000000E+00
  0.0000000E+00  2.4700422E-02  7.5324890E-03  3.2126582E-03  1.6472572E-03
  9.4767933E-04  5.8725738E-04  0.0000000E+00
  0.0000000E+00  3.5518985E-02  1.0810127E-02  4.5991559E-03  2.3485231E-03
  1.3400844E-03  8.1645563E-04  0.0000000E+00
  0.0000000E+00  5.3999998E-02  1.6396625E-02  6.9443039E-03  3.5189872E-03
  1.9729957E-03  1.1308017E-03
  0.0000000E+00  8.8607594E-02  2.6801687E-02  1.1265822E-02  5.6059072E-03
  2.9569620E-03
  0.0000000E+00  0.1626160      4.8759494E-02  2.0126581E-02  9.4177211E-03
  0.0000000E+00  0.3534177      0.1040506      4.0388186E-02
  0.0000000E+00   1.000000      0.2767088    
  0.0000000E+00   3.668354    
   33.73840    
