   100.0000    
  0.0000000E+00  1.5781531E-02  4.8153154E-03  2.1434685E-03  1.1463964E-03
  6.8558555E-04  4.4211713E-04  3.0135133E-04
  0.0000000E+00  1.9452704E-02  5.9279278E-03  2.6373873E-03  1.4103603E-03
  8.4279280E-04  5.4324325E-04  3.6959461E-04
  0.0000000E+00  2.4369368E-02  7.4144141E-03  3.2972973E-03  1.7617117E-03
  1.0522522E-03  6.7747751E-04  4.6013514E-04
  0.0000000E+00  3.1081080E-02  9.4436929E-03  4.1959458E-03  2.2403153E-03
  1.3364865E-03  8.5878378E-04  0.0000000E+00
  0.0000000E+00  4.0540539E-02  1.2288288E-02  5.4527028E-03  2.9076575E-03
  1.7322073E-03  1.1094594E-03  0.0000000E+00
  0.0000000E+00  5.4279275E-02  1.6403154E-02  7.2680181E-03  3.8693694E-03
  2.2972971E-03  1.4621621E-03  0.0000000E+00
  0.0000000E+00  7.5022519E-02  2.2590090E-02  9.9842343E-03  5.3018015E-03
  3.1283784E-03  1.9587837E-03  0.0000000E+00
  0.0000000E+00  0.1079955      3.2342345E-02  1.4238738E-02  7.5135133E-03
  4.3648649E-03  2.5720720E-03
  0.0000000E+00  0.1637387      4.8626125E-02  2.1256758E-02  1.1047296E-02
  6.0495492E-03
  0.0000000E+00  0.2662162      7.7950455E-02  3.3513512E-02  1.6427927E-02
  0.0000000E+00  0.4781531      0.1359459      5.4932430E-02
  0.0000000E+00   1.000000      0.2594595    
  0.0000000E+00   2.700450    
   23.19820    
   1000.000    
  0.0000000E+00  1.5800495E-02  4.8164828E-03  2.1416347E-03  1.1447872E-03
  6.8408018E-04  4.4089169E-04  3.0015764E-04
  0.0000000E+00  1.9461833E-02  5.9288447E-03  2.6367933E-03  1.4084665E-03
  8.4125192E-04  5.4176990E-04  3.6838549E-04
  0.0000000E+00  2.4363881E-02  7.4149966E-03  3.2943028E-03  1.7597388E-03
  1.0502139E-03  6.7552354E-04  4.5823012E-04
  0.0000000E+00  3.1074082E-02  9.4415667E-03  4.1927495E-03  2.2375591E-03
  1.3339338E-03  8.5633865E-04  0.0000000E+00
  0.0000000E+00  4.0531412E-02  1.2285521E-02  5.4492233E-03  2.9047513E-03
  1.7286647E-03  1.1058321E-03  0.0000000E+00
  0.0000000E+00  5.4244541E-02  1.6399460E-02  7.2641298E-03  3.8639945E-03
  2.2922764E-03  1.4564287E-03  0.0000000E+00
  0.0000000E+00  7.5005628E-02  2.2585003E-02  9.9797342E-03  5.2938526E-03
  3.1186671E-03  1.9486602E-03  0.0000000E+00
  0.0000000E+00  0.1079712      3.2335062E-02  1.4228778E-02  7.4983113E-03
  4.3481197E-03  2.5534788E-03
  0.0000000E+00  0.1637244      4.8615176E-02  2.1236207E-02  1.1017788E-02
  6.0121594E-03
  0.0000000E+00  0.2661563      7.7932902E-02  3.3460930E-02  1.6349921E-02
  0.0000000E+00  0.4780455      0.1358703      5.4739926E-02
  0.0000000E+00   1.000000      0.2589507    
  0.0000000E+00   2.699842    
   25.39968    
   10000.00    
  0.0000000E+00  1.6047716E-02  4.8278188E-03  2.1345939E-03  1.1375197E-03
  6.7859556E-04  4.3664195E-04  2.9687150E-04
  0.0000000E+00  1.9657889E-02  5.9351786E-03  2.6288542E-03  1.4013054E-03
  8.3569664E-04  5.3747470E-04  3.6484358E-04
  0.0000000E+00  2.4510467E-02  7.4161608E-03  3.2860679E-03  1.7524195E-03
  1.0443395E-03  6.7071803E-04  4.5442270E-04
  0.0000000E+00  3.1172631E-02  9.4418190E-03  4.1841101E-03  2.2300249E-03
  1.3274814E-03  8.5077656E-04  0.0000000E+00
  0.0000000E+00  4.0580690E-02  1.2282242E-02  5.4400181E-03  2.8966917E-03
  1.7206842E-03  1.0985821E-03  0.0000000E+00
  0.0000000E+00  5.4265138E-02  1.6394328E-02  7.2518568E-03  3.8532526E-03
  2.2822416E-03  1.4460949E-03  0.0000000E+00
  0.0000000E+00  7.4994378E-02  2.2574836E-02  9.9639883E-03  5.2757147E-03
  3.1015081E-03  1.9322530E-03  0.0000000E+00
  0.0000000E+00  0.1079226      3.2320507E-02  1.4204366E-02  7.4724285E-03
  4.3191537E-03  2.5275715E-03
  0.0000000E+00  0.1636732      4.8593294E-02  2.1192888E-02  1.0963313E-02
  5.9576863E-03
  0.0000000E+00  0.2662615      7.7875316E-02  3.3355843E-02  1.6225524E-02
  0.0000000E+00  0.4780554      0.1356966      5.4445196E-02
  0.0000000E+00   1.000000      0.2581589    
  0.0000000E+00   2.698627    
   32.09543    
   100000.0    
  0.0000000E+00  1.6763382E-02  4.9527665E-03  2.1448494E-03  1.1275304E-03
  6.6689163E-04  4.2690060E-04  2.8924877E-04
  0.0000000E+00  2.0474585E-02  6.0391366E-03  2.6248314E-03  1.3848403E-03
  8.2051277E-04  5.2564102E-04  3.5605038E-04
  0.0000000E+00  2.5348628E-02  7.4943770E-03  3.2726044E-03  1.7307693E-03
  1.0267657E-03  6.5766985E-04  4.4466936E-04
  0.0000000E+00  3.1961314E-02  9.4894283E-03  4.1610436E-03  2.2049034E-03
  1.3079172E-03  8.3625730E-04  0.0000000E+00
  0.0000000E+00  4.1228071E-02  1.2303194E-02  5.4116058E-03  2.8677464E-03
  1.6992802E-03  1.0823212E-03  0.0000000E+00
  0.0000000E+00  5.4745842E-02  1.6394513E-02  7.2199726E-03  3.8236615E-03
  2.2559604E-03  1.4264508E-03  0.0000000E+00
  0.0000000E+00  7.5281151E-02  2.2559604E-02  9.9257752E-03  5.2406657E-03
  3.0701754E-03  1.9059830E-03  0.0000000E+00
  0.0000000E+00  0.1080522      3.2276202E-02  1.4154296E-02  7.4201529E-03
  4.2712549E-03  2.4876294E-03
  0.0000000E+00  0.1636752      4.8538014E-02  2.1111112E-02  1.0874944E-02
  5.8771926E-03
  0.0000000E+00  0.2660819      7.7777773E-02  3.3175889E-02  1.6041385E-02
  0.0000000E+00  0.4781826      0.1354026      5.3981103E-02
  0.0000000E+00   1.000000      0.2568601    
  0.0000000E+00   2.694557    
   35.80747    
   1000000.    
  0.0000000E+00  1.7053271E-02  5.1674531E-03  2.2178018E-03  1.1501462E-03
  6.7161163E-04  4.2548889E-04  2.8590695E-04
  0.0000000E+00  2.0928299E-02  6.3025397E-03  2.7039784E-03  1.4032368E-03
  8.2018430E-04  5.1989214E-04  3.4929201E-04
  0.0000000E+00  2.6095752E-02  7.7995057E-03  3.3445719E-03  1.7381434E-03
  1.0170826E-03  6.4508879E-04  4.3313106E-04
  0.0000000E+00  3.3153519E-02  9.8111937E-03  4.2099347E-03  2.1926276E-03
  1.2850079E-03  8.1501465E-04  0.0000000E+00
  0.0000000E+00  4.2953473E-02  1.2598338E-02  5.4191952E-03  2.8298495E-03
  1.6605980E-03  1.0519219E-03  0.0000000E+00
  0.0000000E+00  5.6844238E-02  1.6605979E-02  7.1723983E-03  3.7559003E-03
  2.2029669E-03  1.3877276E-03  0.0000000E+00
  0.0000000E+00  7.7433132E-02  2.2656776E-02  9.8291757E-03  5.1494720E-03
  3.0029221E-03  1.8597438E-03  0.0000000E+00
  0.0000000E+00  0.1098449      3.2276917E-02  1.4018881E-02  7.3072603E-03
  4.1874577E-03  2.4342549E-03
  0.0000000E+00  0.1648460      4.8437852E-02  2.0930547E-02  1.0719263E-02
  5.7630930E-03
  0.0000000E+00  0.2668015      7.7567995E-02  3.2883797E-02  1.5785569E-02
  0.0000000E+00  0.4783098      0.1349067      5.3337827E-02
  0.0000000E+00   1.000000      0.2551135    
  0.0000000E+00   2.692740    
   36.41268    
  1.0000000E+07
  0.0000000E+00  1.7431585E-02  5.3319875E-03  2.2857785E-03  1.1814715E-03
  6.8730372E-04  4.3382685E-04  2.9048900E-04
  0.0000000E+00  2.1253927E-02  6.4917007E-03  2.7815164E-03  1.4374158E-03
  8.3580083E-04  5.2714220E-04  3.5262448E-04
  0.0000000E+00  2.6357112E-02  8.0349930E-03  3.4410048E-03  1.7768058E-03
  1.0325258E-03  6.5051595E-04  4.3427545E-04
  0.0000000E+00  3.3355765E-02  1.0127860E-02  4.3337820E-03  2.2359802E-03
  1.2981157E-03  8.1650965E-04  0.0000000E+00
  0.0000000E+00  4.3203231E-02  1.3037236E-02  5.5675195E-03  2.8712428E-03
  1.6644236E-03  1.0439659E-03  0.0000000E+00
  0.0000000E+00  5.7604305E-02  1.7198296E-02  7.3261550E-03  3.7729924E-03
  2.1825931E-03  1.3611484E-03  0.0000000E+00
  0.0000000E+00  7.9407804E-02  2.3351278E-02  9.9147605E-03  5.0986991E-03
  2.9362945E-03  1.8055182E-03  0.0000000E+00
  0.0000000E+00  0.1136608      3.2839838E-02  1.3927770E-02  7.1444591E-03
  4.0623597E-03  2.3553164E-03
  0.0000000E+00  0.1700314      4.8564382E-02  2.0583222E-02  1.0437416E-02
  5.5921939E-03
  0.0000000E+00  0.2714222      7.7119783E-02  3.2301482E-02  1.5392552E-02
  0.0000000E+00  0.4809332      0.1338044      5.2355316E-02
  0.0000000E+00   1.000000      0.2523553    
  0.0000000E+00   2.685061    
   36.49619    
  1.0000000E+08
  0.0000000E+00  1.8430851E-02  5.6427303E-03  2.4179963E-03  1.2488919E-03
  7.2606379E-04  4.5789007E-04  3.0651598E-04
  0.0000000E+00  2.2273937E-02  6.8151597E-03  2.9210993E-03  1.5073138E-03
  8.7544322E-04  5.5164006E-04  3.6857271E-04
  0.0000000E+00  2.7304964E-02  8.3488477E-03  3.5749115E-03  1.8437500E-03
  1.0698139E-03  6.7287229E-04  4.4858156E-04
  0.0000000E+00  3.4086879E-02  1.0414450E-02  4.4547874E-03  2.2960992E-03
  1.3300090E-03  8.3488476E-04  0.0000000E+00
  0.0000000E+00  4.3617021E-02  1.3300088E-02  5.6826239E-03  2.9233156E-03
  1.6901596E-03  1.0567376E-03  0.0000000E+00
  0.0000000E+00  5.7446808E-02  1.7468972E-02  7.4490248E-03  3.8231383E-03
  2.2019059E-03  1.3667996E-03  0.0000000E+00
  0.0000000E+00  7.8413121E-02  2.3714539E-02  1.0077571E-02  5.1507093E-03
  2.9454788E-03  1.7974292E-03  0.0000000E+00
  0.0000000E+00  0.1119459      3.3466313E-02  1.4133423E-02  7.1675531E-03
  4.0292554E-03  2.3160460E-03
  0.0000000E+00  0.1694149      4.9490251E-02  2.0656029E-02  1.0294770E-02
  5.4521277E-03
  0.0000000E+00  0.2754876      7.7526592E-02  3.1693261E-02  1.4893617E-02
  0.0000000E+00  0.4886968      0.1316711      5.0620567E-02
  0.0000000E+00   1.000000      0.2460106    
  0.0000000E+00   2.655142    
   36.23670    
  1.0000000E+09
  0.0000000E+00  1.9083044E-02  5.8412631E-03  2.5043252E-03  1.2928201E-03
  7.5129757E-04  4.7361592E-04  3.1704150E-04
  0.0000000E+00  2.3313148E-02  7.1345158E-03  3.0557958E-03  1.5772060E-03
  9.1587368E-04  5.7677337E-04  3.8538061E-04
  0.0000000E+00  2.8827854E-02  8.8170422E-03  3.7759517E-03  1.9463667E-03
  1.1288928E-03  7.0977508E-04  4.7318338E-04
  0.0000000E+00  3.6115918E-02  1.1038062E-02  4.7231833E-03  2.4329585E-03
  1.4083046E-03  8.8343426E-04  0.0000000E+00
  0.0000000E+00  4.5934256E-02  1.4026817E-02  5.9926473E-03  3.0817473E-03
  1.7802768E-03  1.1124568E-03  0.0000000E+00
  0.0000000E+00  5.9623700E-02  1.8179065E-02  7.7551901E-03  3.9770762E-03
  2.2880621E-03  1.4193339E-03  0.0000000E+00
  0.0000000E+00  7.9714529E-02  2.4243081E-02  1.0317906E-02  5.2703288E-03
  3.0103808E-03  1.8347751E-03  0.0000000E+00
  0.0000000E+00  0.1113754      3.3758651E-02  1.4294983E-02  7.2469721E-03
  4.0679066E-03  2.3334774E-03
  0.0000000E+00  0.1650735      4.9632352E-02  2.0826126E-02  1.0367647E-02
  5.4736161E-03
  0.0000000E+00  0.2649221      7.8049310E-02  3.2006919E-02  1.4952422E-02
  0.0000000E+00  0.4766436      0.1328071      5.0454155E-02
  0.0000000E+00   1.000000      0.2413495    
  0.0000000E+00   2.618945    
   35.66177    
  1.0000000E+10
  0.0000000E+00  1.9684764E-02  6.0245185E-03  2.5831871E-03  1.3334063E-03
  7.7473727E-04  4.8861641E-04  3.2683887E-04
  0.0000000E+00  2.4233799E-02  7.4124341E-03  3.1764447E-03  1.6385725E-03
  9.5140102E-04  5.9916812E-04  4.0017514E-04
  0.0000000E+00  3.0253941E-02  9.2556914E-03  3.9623468E-03  2.0424693E-03
  1.1845446E-03  7.4474601E-04  4.9627846E-04
  0.0000000E+00  3.8441330E-02  1.1746935E-02  5.0240802E-03  2.5875657E-03
  1.4978107E-03  9.3957962E-04  0.0000000E+00
  0.0000000E+00  4.9715411E-02  1.5181698E-02  6.4864270E-03  3.3340629E-03
  1.9257880E-03  1.2029335E-03  0.0000000E+00
  0.0000000E+00  6.5652363E-02  2.0021889E-02  8.5398424E-03  4.3782834E-03
  2.5197023E-03  1.5615148E-03  0.0000000E+00
  0.0000000E+00  8.8660240E-02  2.6992118E-02  1.1482049E-02  5.8647110E-03
  3.3471978E-03  2.0391855E-03  0.0000000E+00
  0.0000000E+00  0.1229422      3.7324868E-02  1.5812172E-02  8.0144480E-03
  4.4964971E-03  2.5766199E-03
  0.0000000E+00  0.1774737      5.3633973E-02  2.2548161E-02  1.1225918E-02
  5.9238174E-03
  0.0000000E+00  0.2756130      8.2464971E-02  3.4019265E-02  1.5930384E-02
  0.0000000E+00  0.4800788      0.1399737      5.4071803E-02
  0.0000000E+00   1.000000      0.2622592    
  0.0000000E+00   2.736427    
   36.66813    
  9.9999998E+10
  0.0000000E+00  1.9338047E-02  5.9190230E-03  2.5364181E-03  1.3099829E-03
  7.6113967E-04  4.7986291E-04  3.2112256E-04
  0.0000000E+00  2.3843188E-02  7.2964863E-03  3.1255356E-03  1.6126820E-03
  9.3637535E-04  5.8976008E-04  3.9395885E-04
  0.0000000E+00  2.9862897E-02  9.1345338E-03  3.9095972E-03  2.0160668E-03
  1.1692374E-03  7.3521852E-04  4.8993144E-04
  0.0000000E+00  3.8110539E-02  1.1647386E-02  4.9807196E-03  2.5642675E-03
  1.4852185E-03  9.3144813E-04  0.0000000E+00
  0.0000000E+00  4.9657241E-02  1.5164953E-02  6.4781494E-03  3.3311911E-03
  1.9235219E-03  1.2015853E-03  0.0000000E+00
  0.0000000E+00  6.6388175E-02  2.0244217E-02  8.6332476E-03  4.4258782E-03
  2.5471295E-03  1.5781919E-03  0.0000000E+00
  0.0000000E+00  9.1366753E-02  2.7806342E-02  1.1831620E-02  6.0411314E-03
  3.4490146E-03  2.1006856E-03  0.0000000E+00
  0.0000000E+00  0.1301628      3.9524425E-02  1.6741645E-02  8.4832907E-03
  4.7579263E-03  2.7249358E-03
  0.0000000E+00  0.1928449      5.8290489E-02  2.4507284E-02  1.2197943E-02
  6.4353044E-03
  0.0000000E+00  0.2990574      8.9652956E-02  3.7017994E-02  1.7330762E-02
  0.0000000E+00  0.5010712      0.1474079      5.7197947E-02
  0.0000000E+00   1.000000      0.2746358    
  0.0000000E+00   2.782776    
   36.88946    
  1.0000000E+12
  0.0000000E+00  1.7575875E-02  5.3793774E-03  2.3054474E-03  1.1904669E-03
  6.9182878E-04  4.3618676E-04  2.9182879E-04
  0.0000000E+00  2.1673150E-02  6.6322954E-03  2.8404668E-03  1.4661478E-03
  8.5116731E-04  5.3599221E-04  3.5817121E-04
  0.0000000E+00  2.7178988E-02  8.3093382E-03  3.5564201E-03  1.8338521E-03
  1.0634240E-03  6.6867704E-04  4.4552531E-04
  0.0000000E+00  3.4688715E-02  1.0603112E-02  4.5350194E-03  2.3346303E-03
  1.3521400E-03  8.4805448E-04  0.0000000E+00
  0.0000000E+00  4.5291826E-02  1.3830739E-02  5.9085600E-03  3.0369649E-03
  1.7540856E-03  1.0957199E-03  0.0000000E+00
  0.0000000E+00  6.0719840E-02  1.8515565E-02  7.8968871E-03  4.0486380E-03
  2.3287938E-03  1.4433851E-03  0.0000000E+00
  0.0000000E+00  8.4046692E-02  2.5583658E-02  1.0883268E-02  5.5564200E-03
  3.1712062E-03  1.9319066E-03  0.0000000E+00
  0.0000000E+00  0.1210506      3.6750972E-02  1.5570039E-02  7.8891050E-03
  4.4241240E-03  2.5350193E-03
  0.0000000E+00  0.1833268      5.5428017E-02  2.3287937E-02  1.1595331E-02
  6.1147856E-03
  0.0000000E+00  0.2957198      8.8657580E-02  3.6595330E-02  1.7134242E-02
  0.0000000E+00  0.5147860      0.1515953      5.8832686E-02
  0.0000000E+00   1.000000      0.2764591    
  0.0000000E+00   2.669261    
   35.03891    
  9.9999998E+12
  0.0000000E+00  1.5591026E-02  4.7713546E-03  2.0448663E-03  1.0559104E-03
  6.1363244E-04  3.8688525E-04  2.5884382E-04
  0.0000000E+00  1.9223468E-02  5.8843833E-03  2.5211389E-03  1.3006040E-03
  7.5513375E-04  4.7558240E-04  3.1768766E-04
  0.0000000E+00  2.4106989E-02  7.3718727E-03  3.1561693E-03  1.6269198E-03
  9.4357203E-04  5.9327006E-04  3.9534082E-04
  0.0000000E+00  3.0785162E-02  9.4081108E-03  4.0241587E-03  2.0724763E-03
  1.1998274E-03  7.5254531E-04  0.0000000E+00
  0.0000000E+00  4.0207077E-02  1.2274374E-02  5.2441759E-03  2.6954270E-03
  1.5568594E-03  9.7239006E-04  0.0000000E+00
  0.0000000E+00  5.3908542E-02  1.6441761E-02  7.0129423E-03  3.5962036E-03
  2.0672996E-03  1.2817946E-03  0.0000000E+00
  0.0000000E+00  7.4702330E-02  2.2743745E-02  9.6738562E-03  4.9404660E-03
  2.8196722E-03  1.7173425E-03  0.0000000E+00
  0.0000000E+00  0.1078689      3.2752372E-02  1.3872304E-02  7.0284731E-03
  3.9413287E-03  2.2588440E-03
  0.0000000E+00  0.1642105      4.9646247E-02  2.0862814E-02  1.0386541E-02
  5.4771355E-03
  0.0000000E+00  0.2683348      8.0483176E-02  3.3235550E-02  1.5553063E-02
  0.0000000E+00  0.4838654      0.1424849      5.5289041E-02
  0.0000000E+00   1.000000      0.2767903    
  0.0000000E+00   2.567731    
   33.42537    
  1.0000000E+14
  0.0000000E+00  1.5030776E-02  4.6015638E-03  1.9713859E-03  1.0181334E-03
  5.9158209E-04  3.7298287E-04  2.4954250E-04
  0.0000000E+00  1.8532690E-02  5.6729331E-03  2.4305440E-03  1.2538679E-03
  7.2799867E-04  4.5849278E-04  3.0627186E-04
  0.0000000E+00  2.3240725E-02  7.1069705E-03  3.0427552E-03  1.5684578E-03
  9.0966560E-04  5.7195144E-04  3.8113460E-04
  0.0000000E+00  2.9678924E-02  9.0717021E-03  3.8795541E-03  1.9980038E-03
  1.1567128E-03  7.2550325E-04  0.0000000E+00
  0.0000000E+00  3.8762271E-02  1.1834970E-02  5.0557312E-03  2.5985693E-03
  1.5010814E-03  9.3761436E-04  0.0000000E+00
  0.0000000E+00  5.1988024E-02  1.5854267E-02  6.7609386E-03  3.4669770E-03
  1.9946764E-03  1.2360673E-03  0.0000000E+00
  0.0000000E+00  7.2051242E-02  2.1926470E-02  9.3295621E-03  4.7645983E-03
  2.7183497E-03  1.6561304E-03  0.0000000E+00
  0.0000000E+00  0.1040592      3.1592082E-02  1.3382133E-02  6.7809019E-03
  3.8030276E-03  2.1793379E-03
  0.0000000E+00  0.1585593      4.7928795E-02  2.0146398E-02  1.0028281E-02
  5.2886372E-03
  0.0000000E+00  0.2596906      7.7890538E-02  3.2157712E-02  1.5052403E-02
  0.0000000E+00  0.4716353      0.1389120      5.3901181E-02
  0.0000000E+00   1.000000      0.2766595    
  0.0000000E+00   2.660123    
   40.05989    
