   100.0000    
  0.0000000E+00  1.5762273E-02  5.0387597E-03  2.3225413E-03  1.2751177E-03
  7.7747373E-04  5.0919590E-04  3.5111717E-04
  0.0000000E+00  1.9425444E-02  6.2015499E-03  2.8590972E-03  1.5701473E-03
  9.5698430E-04  6.2653894E-04  4.3167654E-04
  0.0000000E+00  2.4304604E-02  7.7549773E-03  3.5750114E-03  1.9623041E-03
  1.1965344E-03  7.8264176E-04  5.3853169E-04
  0.0000000E+00  3.0992551E-02  9.8738410E-03  4.5523634E-03  2.4988600E-03
  1.5230278E-03  9.9498406E-04  0.0000000E+00
  0.0000000E+00  4.0370874E-02  1.2848457E-02  5.9218728E-03  3.2512539E-03
  1.9790241E-03  1.2900137E-03  0.0000000E+00
  0.0000000E+00  5.4005165E-02  1.7160662E-02  7.9039363E-03  4.3365252E-03
  2.6356587E-03  1.7084663E-03  0.0000000E+00
  0.0000000E+00  7.4601002E-02  2.3635810E-02  1.0886152E-02  5.9644319E-03
  3.6084510E-03  2.3058215E-03  0.0000000E+00
  0.0000000E+00  0.1072807      3.3880528E-02  1.5579876E-02  8.5073719E-03
  5.0813193E-03  3.0642955E-03
  0.0000000E+00  0.1624867      5.1071592E-02  2.3407811E-02  1.2640218E-02
  7.1469829E-03
  0.0000000E+00  0.2643259      8.2292140E-02  3.7330899E-02  1.9151846E-02
  0.0000000E+00  0.4754522      0.1450524      6.2669098E-02
  0.0000000E+00   1.000000      0.2840857    
  0.0000000E+00   2.746618    
   23.25581    
   1000.000    
  0.0000000E+00  1.5798267E-02  5.0402554E-03  2.3211301E-03  1.2723682E-03
  7.7487470E-04  5.0675980E-04  3.4892908E-04
  0.0000000E+00  1.9444022E-02  6.2023392E-03  2.8573601E-03  1.5661553E-03
  9.5397240E-04  6.2357588E-04  4.2898377E-04
  0.0000000E+00  2.4320221E-02  7.7548232E-03  3.5713201E-03  1.9595930E-03
  1.1926173E-03  7.7897613E-04  5.3486251E-04
  0.0000000E+00  3.0988913E-02  9.8739183E-03  4.5480784E-03  2.4943035E-03
  1.5176971E-03  9.8982232E-04  0.0000000E+00
  0.0000000E+00  4.0376730E-02  1.2846727E-02  5.9167552E-03  3.2432023E-03
  1.9717454E-03  1.2826979E-03  0.0000000E+00
  0.0000000E+00  5.4002736E-02  1.7150234E-02  7.8960964E-03  4.3262951E-03
  2.6249429E-03  1.6967948E-03  0.0000000E+00
  0.0000000E+00  7.4586056E-02  2.3636641E-02  1.0871943E-02  5.9471368E-03
  3.5910681E-03  2.2861918E-03  0.0000000E+00
  0.0000000E+00  0.1072763      3.3875134E-02  1.5555218E-02  8.4778983E-03
  5.0478508E-03  3.0274950E-03
  0.0000000E+00  0.1625399      5.1055752E-02  2.3363208E-02  1.2579371E-02
  7.0742825E-03
  0.0000000E+00  0.2643172      8.2242146E-02  3.7217073E-02  1.9003494E-02
  0.0000000E+00  0.4754671      0.1448732      6.2296826E-02
  0.0000000E+00   1.000000      0.2831536    
  0.0000000E+00   2.743430    
   25.58104    
   10000.00    
  0.0000000E+00  1.6117772E-02  5.0675366E-03  2.3144635E-03  1.2633177E-03
  7.6688413E-04  5.0022767E-04  3.4360297E-04
  0.0000000E+00  1.9714676E-02  6.2209740E-03  2.8502049E-03  1.5571407E-03
  9.4536343E-04  6.1648199E-04  4.2297767E-04
  0.0000000E+00  2.4525724E-02  7.7674910E-03  3.5635147E-03  1.9487024E-03
  1.1830323E-03  7.7067839E-04  5.2769767E-04
  0.0000000E+00  3.1142812E-02  9.8801032E-03  4.5378660E-03  2.4814084E-03
  1.5062983E-03  9.7966299E-04  0.0000000E+00
  0.0000000E+00  4.0476553E-02  1.2848686E-02  5.9037791E-03  3.2281072E-03
  1.9578084E-03  1.2689331E-03  0.0000000E+00
  0.0000000E+00  5.4074973E-02  1.7149795E-02  7.8797992E-03  4.3056607E-03
  2.6043404E-03  1.6770374E-03  0.0000000E+00
  0.0000000E+00  7.4639551E-02  2.3630291E-02  1.0846865E-02  5.9174378E-03
  3.5574441E-03  2.2552740E-03  0.0000000E+00
  0.0000000E+00  0.1073000      3.3844285E-02  1.5510700E-02  8.4246472E-03
  4.9901349E-03  2.9731370E-03
  0.0000000E+00  0.1625436      5.1009256E-02  2.3281226E-02  1.2475337E-02
  6.9646379E-03
  0.0000000E+00  0.2643800      8.2136892E-02  3.7016239E-02  1.8758537E-02
  0.0000000E+00  0.4756412      0.1445439      6.1693728E-02
  0.0000000E+00   1.000000      0.2815298    
  0.0000000E+00   2.739414    
   31.87130    
   100000.0    
  0.0000000E+00  1.7154114E-02  5.2598878E-03  2.3367177E-03  1.2506440E-03
  7.4965903E-04  4.8492194E-04  3.3126230E-04
  0.0000000E+00  2.0806182E-02  6.3873315E-03  2.8549780E-03  1.5365963E-03
  9.2347321E-04  5.9827243E-04  4.0869828E-04
  0.0000000E+00  2.5625095E-02  7.8951353E-03  3.5520531E-03  1.9199877E-03
  1.1569934E-03  7.4996206E-04  5.1174418E-04
  0.0000000E+00  3.2156385E-02  9.9696917E-03  4.5128050E-03  2.4473404E-03
  1.4765873E-03  9.5605390E-04  0.0000000E+00
  0.0000000E+00  4.1339595E-02  1.2900440E-02  5.8690710E-03  3.1883616E-03
  1.9230187E-03  1.2410971E-03  0.0000000E+00
  0.0000000E+00  5.4735564E-02  1.7169269E-02  7.8330049E-03  4.2567058E-03
  2.5609941E-03  1.6411577E-03  0.0000000E+00
  0.0000000E+00  7.5102285E-02  2.3624791E-02  1.0786483E-02  5.8524017E-03
  3.4990150E-03  2.2048794E-03  0.0000000E+00
  0.0000000E+00  0.1076072      3.3808149E-02  1.5426579E-02  8.3270185E-03
  4.8992271E-03  2.8989241E-03
  0.0000000E+00  0.1627519      5.0931960E-02  2.3124715E-02  1.2301863E-02
  6.8070916E-03
  0.0000000E+00  0.2645855      8.1936657E-02  3.6687378E-02  1.8396726E-02
  0.0000000E+00  0.4758297      0.1439461      6.0797084E-02
  0.0000000E+00   1.000000      0.2789817    
  0.0000000E+00   2.732232    
   34.94469    
   1000000.    
  0.0000000E+00  1.8339884E-02  5.6365281E-03  2.4433020E-03  1.2760810E-03
  7.4947078E-04  4.7701845E-04  3.2189293E-04
  0.0000000E+00  2.2210462E-02  6.8173571E-03  2.9634109E-03  1.5527668E-03
  9.1427274E-04  5.8300572E-04  3.9371027E-04
  0.0000000E+00  2.7320832E-02  8.3686113E-03  3.6498336E-03  1.9201692E-03
  1.1342607E-03  7.2467490E-04  4.8956758E-04
  0.0000000E+00  3.4230419E-02  1.0450559E-02  4.5811916E-03  2.4221346E-03
  1.4351375E-03  9.1835501E-04  0.0000000E+00
  0.0000000E+00  4.3816146E-02  1.3338373E-02  5.8829752E-03  3.1267009E-03
  1.8596915E-03  1.1895978E-03  0.0000000E+00
  0.0000000E+00  5.7499237E-02  1.7493196E-02  7.7774413E-03  4.1563348E-03
  2.4750528E-03  1.5754459E-03  0.0000000E+00
  0.0000000E+00  7.7834889E-02  2.3798004E-02  1.0656184E-02  5.7106134E-03
  3.3867552E-03  2.1227698E-03  0.0000000E+00
  0.0000000E+00  0.1099184      3.3837311E-02  1.5225279E-02  8.1357723E-03
  4.7505288E-03  2.7955850E-03
  0.0000000E+00  0.1644995      5.0786212E-02  2.2815239E-02  1.2016933E-02
  6.5920772E-03
  0.0000000E+00  0.2656486      8.1554279E-02  3.6135469E-02  1.7901421E-02
  0.0000000E+00  0.4764137      0.1429392      5.9510127E-02
  0.0000000E+00   1.000000      0.2753251    
  0.0000000E+00   2.724524    
   35.42485    
  1.0000000E+07
  0.0000000E+00  1.9548532E-02  5.9924754E-03  2.5733635E-03  1.3319789E-03
  7.7577127E-04  4.8999250E-04  3.2851769E-04
  0.0000000E+00  2.3581639E-02  7.2264862E-03  3.1060949E-03  1.6072235E-03
  9.3619258E-04  5.9127162E-04  3.9593678E-04
  0.0000000E+00  2.8924003E-02  8.8607976E-03  3.8103838E-03  1.9729119E-03
  1.1494356E-03  7.2565838E-04  4.8532733E-04
  0.0000000E+00  3.6132433E-02  1.1063959E-02  4.7614747E-03  2.4680211E-03
  1.4383746E-03  9.0744923E-04  0.0000000E+00
  0.0000000E+00  4.6109859E-02  1.4099323E-02  6.0767494E-03  3.1542513E-03
  1.8389768E-03  1.1586155E-03  0.0000000E+00
  0.0000000E+00  6.0436416E-02  1.8404815E-02  7.9503385E-03  4.1354401E-03
  2.4108351E-03  1.5139203E-03  0.0000000E+00
  0.0000000E+00  8.1866063E-02  2.4770506E-02  1.0723853E-02  5.5921744E-03
  3.2550788E-03  2.0180587E-03  0.0000000E+00
  0.0000000E+00  0.1154703      3.4612492E-02  1.5048909E-02  7.8615500E-03
  4.5297216E-03  2.6531226E-03
  0.0000000E+00  0.1711061      5.1000752E-02  2.2287434E-02  1.1545523E-02
  6.2859296E-03
  0.0000000E+00  0.2716328      8.0948077E-02  3.5139203E-02  1.7185854E-02
  0.0000000E+00  0.4800602      0.1410685      5.7667419E-02
  0.0000000E+00   1.000000      0.2699774    
  0.0000000E+00   2.710309    
   35.48532    
  1.0000000E+08
  0.0000000E+00  2.1703135E-02  6.6454764E-03  2.8489062E-03  1.4717623E-03
  8.5555890E-04  5.3976942E-04  3.6117685E-04
  0.0000000E+00  2.5872268E-02  7.9213493E-03  3.3959199E-03  1.7534005E-03
  1.0184803E-03  6.4178003E-04  4.2903610E-04
  0.0000000E+00  3.1224130E-02  9.5549980E-03  4.0937318E-03  2.1126554E-03
  1.2264933E-03  7.7188056E-04  5.1478419E-04
  0.0000000E+00  3.8364872E-02  1.1734181E-02  5.0251335E-03  2.5916619E-03
  1.5020699E-03  9.4337674E-04  0.0000000E+00
  0.0000000E+00  4.8299827E-02  1.4761976E-02  6.3187466E-03  3.2539917E-03
  1.8835010E-03  1.1787405E-03  0.0000000E+00
  0.0000000E+00  6.2655233E-02  1.9130692E-02  8.1800707E-03  4.2075696E-03
  2.4275577E-03  1.5094619E-03  0.0000000E+00
  0.0000000E+00  8.4151395E-02  2.5620934E-02  1.0946186E-02  5.6164996E-03
  3.2214667E-03  1.9722057E-03  0.0000000E+00
  0.0000000E+00  0.1179184      3.5703726E-02  1.5212893E-02  7.7720289E-03
  4.3953285E-03  2.5399174E-03
  0.0000000E+00  0.1747487      5.2217625E-02  2.2131875E-02  1.1167948E-02
  5.9727975E-03
  0.0000000E+00  0.2788291      8.1268482E-02  3.4018334E-02  1.6277352E-02
  0.0000000E+00  0.4897990      0.1379805      5.4819632E-02
  0.0000000E+00   1.000000      0.2600532    
  0.0000000E+00   2.667061    
   35.21585    
  1.0000000E+09
  0.0000000E+00  2.3112064E-02  7.0735188E-03  3.0321202E-03  1.5660243E-03
  9.0977881E-04  5.7359028E-04  3.8386867E-04
  0.0000000E+00  2.8108496E-02  8.6024273E-03  3.6859387E-03  1.9014990E-03
  1.1043540E-03  6.9564598E-04  4.6466812E-04
  0.0000000E+00  3.4532476E-02  1.0561028E-02  4.5210565E-03  2.3311921E-03
  1.3523198E-03  8.5039262E-04  5.6673808E-04
  0.0000000E+00  4.2798001E-02  1.3080657E-02  5.5960030E-03  2.8822271E-03
  1.6688081E-03  1.0473947E-03  0.0000000E+00
  0.0000000E+00  5.3576019E-02  1.6359743E-02  6.9935764E-03  3.5960032E-03
  2.0785155E-03  1.2986439E-03  0.0000000E+00
  0.0000000E+00  6.8037115E-02  2.0756602E-02  8.8593867E-03  4.5467522E-03
  2.6167023E-03  1.6231263E-03  0.0000000E+00
  0.0000000E+00  8.8779442E-02  2.7037831E-02  1.1513205E-02  5.8857962E-03
  3.3633120E-03  2.0513919E-03  0.0000000E+00
  0.0000000E+00  0.1211706      3.6802284E-02  1.5617417E-02  7.9257675E-03
  4.4539617E-03  2.5581729E-03
  0.0000000E+00  0.1757316      5.3076375E-02  2.2355461E-02  1.1163455E-02
  5.9086373E-03
  0.0000000E+00  0.2756602      8.2098506E-02  3.3961456E-02  1.5974304E-02
  0.0000000E+00  0.4839401      0.1382156      5.3476091E-02
  0.0000000E+00   1.000000      0.2518201    
  0.0000000E+00   2.618130    
   34.60386    
  1.0000000E+10
  0.0000000E+00  2.3432668E-02  7.1731792E-03  3.0742199E-03  1.5870115E-03
  9.2240656E-04  5.8152940E-04  3.8909193E-04
  0.0000000E+00  2.8858587E-02  8.8290693E-03  3.7826821E-03  1.9510824E-03
  1.1331178E-03  7.1366318E-04  4.7666571E-04
  0.0000000E+00  3.6041606E-02  1.1023334E-02  4.7188639E-03  2.4332302E-03
  1.4113017E-03  8.8726456E-04  5.9122854E-04
  0.0000000E+00  4.5740794E-02  1.3979477E-02  5.9797578E-03  3.0798425E-03
  1.7824009E-03  1.1182176E-03  0.0000000E+00
  0.0000000E+00  5.9024457E-02  1.8020803E-02  7.7003092E-03  3.9583920E-03
  2.2870395E-03  1.4281699E-03  0.0000000E+00
  0.0000000E+00  7.7452913E-02  2.3629462E-02  1.0075907E-02  5.1672761E-03
  2.9730108E-03  1.8428451E-03  0.0000000E+00
  0.0000000E+00  0.1032471      3.1430982E-02  1.3375035E-02  6.8315994E-03
  3.9007592E-03  2.3770030E-03  0.0000000E+00
  0.0000000E+00  0.1398088      4.2465560E-02  1.7992690E-02  9.1200452E-03
  5.1180767E-03  2.9336519E-03
  0.0000000E+00  0.1949677      5.8954176E-02  2.4796177E-02  1.2354512E-02
  6.5237558E-03
  0.0000000E+00  0.2922406      8.7601915E-02  3.6210291E-02  1.6980601E-02
  0.0000000E+00  0.4938150      0.1447849      5.6184985E-02
  0.0000000E+00   1.000000      0.2670790    
  0.0000000E+00   2.697498    
   35.18414    
  9.9999998E+10
  0.0000000E+00  2.1967515E-02  6.7251772E-03  2.8818443E-03  1.4880797E-03
  8.6481532E-04  5.4519257E-04  3.6481532E-04
  0.0000000E+00  2.7128637E-02  8.3010215E-03  3.5564580E-03  1.8352109E-03
  1.0653655E-03  6.7094574E-04  4.4812678E-04
  0.0000000E+00  3.4045063E-02  1.0411317E-02  4.4576894E-03  2.2976159E-03
  1.3321980E-03  8.3783077E-04  5.5829185E-04
  0.0000000E+00  4.3528948E-02  1.3295783E-02  5.6890226E-03  2.9290020E-03
  1.6963584E-03  1.0637935E-03  0.0000000E+00
  0.0000000E+00  5.6850929E-02  1.7356563E-02  7.4168197E-03  3.8132041E-03
  2.2019912E-03  1.3754258E-03  0.0000000E+00
  0.0000000E+00  7.6159291E-02  2.3225045E-02  9.9056857E-03  5.0785961E-03
  2.9211424E-03  1.8103223E-03  0.0000000E+00
  0.0000000E+00  0.1049777      3.1962276E-02  1.3597066E-02  6.9426252E-03
  3.9625359E-03  2.4141998E-03  0.0000000E+00
  0.0000000E+00  0.1493319      4.5349751E-02  1.9203562E-02  9.7340848E-03
  5.4597850E-03  3.1281111E-03
  0.0000000E+00  0.2190202      6.6230021E-02  2.7835997E-02  1.3859051E-02
  7.3120249E-03
  0.0000000E+00  0.3297092      9.8886557E-02  4.0843595E-02  1.9124968E-02
  0.0000000E+00  0.5248886      0.1545717      6.0020961E-02
  0.0000000E+00   1.000000      0.2754781    
  0.0000000E+00   2.694525    
   34.70003    
  1.0000000E+12
  0.0000000E+00  1.8123921E-02  5.5472795E-03  2.3780225E-03  1.2273316E-03
  7.1340677E-04  4.4980572E-04  3.0094991E-04
  0.0000000E+00  2.2387739E-02  6.8512522E-03  2.9350172E-03  1.5144646E-03
  8.7931781E-04  5.5375654E-04  3.6992662E-04
  0.0000000E+00  2.8119603E-02  8.6010369E-03  3.6819950E-03  1.8976685E-03
  1.1010362E-03  6.9214159E-04  4.6124784E-04
  0.0000000E+00  3.6010362E-02  1.0999569E-02  4.7063907E-03  2.4233593E-03
  1.4032815E-03  8.8007346E-04  0.0000000E+00
  0.0000000E+00  4.7161054E-02  1.4399827E-02  6.1517707E-03  3.1627808E-03
  1.8264250E-03  1.1409757E-03  0.0000000E+00
  0.0000000E+00  6.3471504E-02  1.9354491E-02  8.2556140E-03  4.2335927E-03
  2.4352332E-03  1.5090675E-03  0.0000000E+00
  0.0000000E+00  8.8331178E-02  2.6889032E-02  1.1442142E-02  5.8408896E-03
  3.3333334E-03  2.0304406E-03  0.0000000E+00
  0.0000000E+00  0.1281304      3.8892489E-02  1.6472366E-02  8.3473669E-03
  4.6815635E-03  2.6813471E-03
  0.0000000E+00  0.1954879      5.9088949E-02  2.4838082E-02  1.2359672E-02
  6.5209414E-03
  0.0000000E+00  0.3168178      9.5023751E-02  3.9227117E-02  1.8361399E-02
  0.0000000E+00  0.5454448      0.1606218      6.2348876E-02
  0.0000000E+00   1.000000      0.2766623    
  0.0000000E+00   2.503238    
   31.53066    
  9.9999998E+12
  0.0000000E+00  1.4168776E-02  4.3375525E-03  1.8590718E-03  9.5949363E-04
  5.5780588E-04  3.5164558E-04  2.3527426E-04
  0.0000000E+00  1.7510548E-02  5.3578061E-03  2.2953588E-03  1.1839663E-03
  6.8759493E-04  4.3299579E-04  2.8928270E-04
  0.0000000E+00  2.1991562E-02  6.7265821E-03  2.8793251E-03  1.4843881E-03
  8.6075946E-04  5.4126582E-04  3.6067510E-04
  0.0000000E+00  2.8168775E-02  8.6075952E-03  3.6818564E-03  1.8962026E-03
  1.0978903E-03  6.8843883E-04  0.0000000E+00
  0.0000000E+00  3.6911391E-02  1.1265824E-02  4.8143459E-03  2.4751055E-03
  1.4295358E-03  8.9282700E-04  0.0000000E+00
  0.0000000E+00  4.9721520E-02  1.5164557E-02  6.4666667E-03  3.3156117E-03
  1.9071731E-03  1.1822785E-03  0.0000000E+00
  0.0000000E+00  6.9316462E-02  2.1097047E-02  8.9789033E-03  4.5831227E-03
  2.6160337E-03  1.5932489E-03  0.0000000E+00
  0.0000000E+00  0.1009283      3.0641351E-02  1.2978903E-02  6.5755276E-03
  3.6877638E-03  2.1122363E-03
  0.0000000E+00  0.1554430      4.6987340E-02  1.9746836E-02  9.8312236E-03
  5.1848101E-03
  0.0000000E+00  0.2583123      7.7459916E-02  3.1974684E-02  1.4970465E-02
  0.0000000E+00  0.4761181      0.1402532      5.4413501E-02
  0.0000000E+00   1.000000      0.2767088    
  0.0000000E+00   2.437975    
   28.98734    
  1.0000000E+14
  0.0000000E+00  1.3035715E-02  3.9906832E-03  1.7104038E-03  8.8276400E-04
  5.1319879E-04  3.2352487E-04  2.1645964E-04
  0.0000000E+00  1.6110249E-02  4.9293479E-03  2.1118014E-03  1.0892857E-03
  6.3260872E-04  3.9836959E-04  2.6614909E-04
  0.0000000E+00  2.0240685E-02  6.1894413E-03  2.6498449E-03  1.3656833E-03
  7.9192547E-04  4.9805903E-04  3.3183230E-04
  0.0000000E+00  2.5916148E-02  7.9192556E-03  3.3881988E-03  1.7445653E-03
  1.0100931E-03  6.3346274E-04  0.0000000E+00
  0.0000000E+00  3.3959627E-02  1.0372671E-02  4.4301241E-03  2.2771740E-03
  1.3152175E-03  8.2142861E-04  0.0000000E+00
  0.0000000E+00  4.5760874E-02  1.3951863E-02  5.9510870E-03  3.0512423E-03
  1.7554349E-03  1.0877330E-03  0.0000000E+00
  0.0000000E+00  6.3804351E-02  1.9425467E-02  8.2608704E-03  4.2189439E-03
  2.4083853E-03  1.4666150E-03  0.0000000E+00
  0.0000000E+00  9.2934787E-02  2.8222052E-02  1.1956522E-02  6.0566771E-03
  3.3967395E-03  1.9456523E-03
  0.0000000E+00  0.1434006      4.3354038E-02  1.8222051E-02  9.0683233E-03
  4.7833850E-03
  0.0000000E+00  0.2394410      7.1801245E-02  2.9642859E-02  1.3874223E-02
  0.0000000E+00  0.4482143      0.1319876      5.1226713E-02
  0.0000000E+00   1.000000      0.2767857    
  0.0000000E+00   2.865683    
   36.79348    
