   100.0000    
  0.0000000E+00  1.5099541E-02  5.9264931E-03  3.2649313E-03  2.0713629E-03
  1.4196018E-03  1.0229709E-03  7.6385913E-04
  0.0000000E+00  1.8496173E-02  7.2771823E-03  4.0245024E-03  2.5620216E-03
  1.7611027E-03  1.2725880E-03  9.5222058E-04
  0.0000000E+00  2.3010721E-02  9.0811644E-03  5.0444105E-03  3.2251149E-03
  2.2251150E-03  1.6128637E-03  1.2094947E-03
  0.0000000E+00  2.9157735E-02  1.1552834E-02  6.4532924E-03  4.1439510E-03
  2.8732007E-03  2.0903521E-03  0.0000000E+00
  0.0000000E+00  3.7764166E-02  1.5038285E-02  8.4532928E-03  5.4640127E-03
  3.8101075E-03  2.7831546E-03  0.0000000E+00
  0.0000000E+00  5.0199080E-02  2.0122513E-02  1.1408882E-02  7.4364478E-03
  5.2189897E-03  3.8284841E-03  0.0000000E+00
  0.0000000E+00  6.9004595E-02  2.7880553E-02  1.5984688E-02  1.0532925E-02
  7.4548246E-03  5.4609496E-03  0.0000000E+00
  0.0000000E+00  9.8836146E-02  4.0398162E-02  2.3525268E-02  1.5724350E-02
  1.1206739E-02  7.8897402E-03
  0.0000000E+00  0.1497090      6.2205210E-02  3.7029099E-02  2.5194487E-02
  1.7522207E-02
  0.0000000E+00  0.2449311      0.1044104      6.4196020E-02  4.3644719E-02
  0.0000000E+00  0.4496172      0.1999388      0.1271669    
  0.0000000E+00   1.000000      0.4747320    
  0.0000000E+00   3.209801    
   24.90965    
   1000.000    
  0.0000000E+00  1.5285714E-02  5.9696045E-03  3.2735560E-03  2.0632218E-03
  1.4048631E-03  1.0054711E-03  7.4528874E-04
  0.0000000E+00  1.8662613E-02  7.3161093E-03  4.0273555E-03  2.5486322E-03
  1.7410334E-03  1.2492401E-03  9.2765957E-04
  0.0000000E+00  2.3167172E-02  9.1155013E-03  5.0425529E-03  3.2036474E-03
  2.1972645E-03  1.5808509E-03  1.1756838E-03
  0.0000000E+00  2.9313069E-02  1.1583586E-02  6.4407294E-03  4.1155014E-03
  2.8334344E-03  2.0446808E-03  0.0000000E+00
  0.0000000E+00  3.7933130E-02  1.5066869E-02  8.4316107E-03  5.4194527E-03
  3.7507599E-03  2.7139818E-03  0.0000000E+00
  0.0000000E+00  5.0395135E-02  2.0145897E-02  1.1367780E-02  7.3617017E-03
  5.1246202E-03  3.7142858E-03  0.0000000E+00
  0.0000000E+00  6.9240116E-02  2.7899694E-02  1.5911853E-02  1.0404255E-02
  7.2887535E-03  5.2583585E-03  0.0000000E+00
  0.0000000E+00  9.9148929E-02  4.0395133E-02  2.3382979E-02  1.5483282E-02
  1.0869301E-02  7.4924012E-03
  0.0000000E+00  0.1501216      6.2158052E-02  3.6717325E-02  2.4635259E-02
  1.6744681E-02
  0.0000000E+00  0.2455319      0.1041033      6.3282676E-02  4.2006079E-02
  0.0000000E+00  0.4504559      0.1986018      0.1234954    
  0.0000000E+00   1.000000      0.4656535    
  0.0000000E+00   3.182371    
   27.73556    
   10000.00    
  0.0000000E+00  1.6391475E-02  6.2383669E-03  3.3353348E-03  2.0579407E-03
  1.3758632E-03  9.6907833E-04  7.0819579E-04
  0.0000000E+00  1.9600721E-02  7.5352746E-03  4.0708496E-03  2.5313718E-03
  1.7021915E-03  1.2035425E-03  8.8171725E-04
  0.0000000E+00  2.3956770E-02  9.2915045E-03  5.0645452E-03  3.1732214E-03
  2.1441011E-03  1.5214650E-03  1.1161814E-03
  0.0000000E+00  2.9987991E-02  1.1723207E-02  6.4425101E-03  4.0618433E-03
  2.7589314E-03  1.9633744E-03  0.0000000E+00
  0.0000000E+00  3.8516961E-02  1.5172621E-02  8.4028821E-03  5.3347349E-03
  3.6415490E-03  2.5962174E-03  0.0000000E+00
  0.0000000E+00  5.0975684E-02  2.0228161E-02  1.1299911E-02  7.2260587E-03
  4.9564694E-03  3.5334735E-03  0.0000000E+00
  0.0000000E+00  6.9798864E-02  2.7949566E-02  1.5776044E-02  1.0174122E-02
  7.0039029E-03  4.9504656E-03  0.0000000E+00
  0.0000000E+00  9.9819876E-02  4.0408283E-02  2.3110177E-02  1.5052537E-02
  1.0342239E-02  6.9468631E-03
  0.0000000E+00  0.1509757      6.2023420E-02  3.6115281E-02  2.3713600E-02
  1.5646953E-02
  0.0000000E+00  0.2467127      0.1035725      6.1693188E-02  3.9627742E-02
  0.0000000E+00  0.4521165      0.1962173      0.1179526    
  0.0000000E+00   1.000000      0.4512159    
  0.0000000E+00   3.143200    
   31.94236    
   100000.0    
  0.0000000E+00  2.1368049E-02  7.4669020E-03  3.6422478E-03  2.0953221E-03
  1.3298029E-03  9.0114737E-04  6.3989410E-04
  0.0000000E+00  2.4204180E-02  8.6554866E-03  4.3248013E-03  2.5348633E-03
  1.6301854E-03  1.1150339E-03  7.9670490E-04
  0.0000000E+00  2.8084731E-02  1.0267726E-02  5.2544866E-03  3.1362167E-03
  2.0417769E-03  1.4080611E-03  1.0105914E-03
  0.0000000E+00  3.3568699E-02  1.2524272E-02  6.5578115E-03  3.9746985E-03
  2.6175345E-03  1.8167108E-03  0.0000000E+00
  0.0000000E+00  4.1541629E-02  1.5789939E-02  8.4289499E-03  5.1838774E-03
  3.4451308E-03  2.4001179E-03  0.0000000E+00
  0.0000000E+00  5.3456899E-02  2.0664901E-02  1.1220947E-02  6.9844075E-03
  4.6690204E-03  3.2538984E-03  0.0000000E+00
  0.0000000E+00  7.1903504E-02  2.8208297E-02  1.5545748E-02  9.7764051E-03
  6.5578115E-03  4.5219185E-03  0.0000000E+00
  0.0000000E+00  0.1017064      4.0453073E-02  2.2621360E-02  1.4345396E-02
  9.5763458E-03  6.2577226E-03
  0.0000000E+00  0.1528979      6.1753459E-02  3.5069138E-02  2.2309503E-02
  1.4218887E-02
  0.0000000E+00  0.2489556      0.1025007      5.9135042E-02  3.6451899E-02
  0.0000000E+00  0.4548396      0.1920859      0.1101500    
  0.0000000E+00   1.000000      0.4301265    
  0.0000000E+00   3.086202    
   33.00971    
   1000000.    
  0.0000000E+00  3.0353073E-02  9.6042138E-03  4.2539863E-03  2.2619588E-03
  1.3488040E-03  8.7015942E-04  5.9396354E-04
  0.0000000E+00  3.4481775E-02  1.1056378E-02  4.9629835E-03  2.6682802E-03
  1.6059226E-03  1.0435649E-03  7.1640086E-04
  0.0000000E+00  3.9322320E-02  1.2847381E-02  5.8741453E-03  3.2061504E-03
  1.9535876E-03  1.2813210E-03  8.8581996E-04
  0.0000000E+00  4.5244876E-02  1.5148063E-02  7.0956717E-03  3.9493162E-03
  2.4416286E-03  1.6184510E-03  0.0000000E+00
  0.0000000E+00  5.3018223E-02  1.8268792E-02  8.8126417E-03  5.0170841E-03
  3.1520498E-03  2.1113325E-03  0.0000000E+00
  0.0000000E+00  6.4123005E-02  2.2787584E-02  1.1355353E-02  6.6230064E-03
  4.2255125E-03  2.8470955E-03  0.0000000E+00
  0.0000000E+00  8.1292711E-02  2.9783597E-02  1.5327448E-02  9.1400910E-03
  5.8912300E-03  3.9493162E-03  0.0000000E+00
  0.0000000E+00  0.1095672      4.1315485E-02  2.1890661E-02  1.3265945E-02
  8.5364459E-03  5.4271067E-03
  0.0000000E+00  0.1592825      6.1674260E-02  3.3428244E-02  2.0358769E-02
  1.2494304E-02
  0.0000000E+00  0.2543565      0.1007688      5.5410020E-02  3.2517083E-02
  0.0000000E+00  0.4595672      0.1856492      0.1001993    
  0.0000000E+00   1.000000      0.4023348    
  0.0000000E+00   3.009681    
   33.05808    
  1.0000000E+07
  0.0000000E+00  3.8469829E-02  1.1831896E-02  5.0969827E-03  2.6452048E-03
  1.5439116E-03  9.7764004E-04  6.5651938E-04
  0.0000000E+00  4.3615304E-02  1.3448276E-02  5.8054957E-03  3.0172414E-03
  1.7637392E-03  1.1177263E-03  7.5080816E-04
  0.0000000E+00  5.0377157E-02  1.5587284E-02  6.7510777E-03  3.5183188E-03
  2.0619612E-03  1.3084590E-03  8.7931036E-04
  0.0000000E+00  5.9132546E-02  1.8402478E-02  8.0199353E-03  4.1998923E-03
  2.4703662E-03  1.5716595E-03  0.0000000E+00
  0.0000000E+00  7.0393316E-02  2.2125540E-02  9.7386856E-03  5.1427805E-03
  3.0441810E-03  1.9442349E-03  0.0000000E+00
  0.0000000E+00  8.4967673E-02  2.7155172E-02  1.2144396E-02  6.5005384E-03
  3.8846983E-03  2.4924569E-03  0.0000000E+00
  0.0000000E+00  0.1045797      3.4240302E-02  1.5705818E-02  8.5748918E-03
  5.1885778E-03  3.3270472E-03  0.0000000E+00
  0.0000000E+00  0.1333513      4.5096982E-02  2.1408943E-02  1.1971983E-02
  7.2979527E-03  4.4908407E-03
  0.0000000E+00  0.1814655      6.3631460E-02  3.1411637E-02  1.7882545E-02
  1.0514547E-02
  0.0000000E+00  0.2728987      9.9245690E-02  5.0484911E-02  2.7963361E-02
  0.0000000E+00  0.4722522      0.1767242      8.8415951E-02
  0.0000000E+00   1.000000      0.3677263    
  0.0000000E+00   2.912177    
   32.94720    
  1.0000000E+08
  0.0000000E+00  5.5649444E-02  1.7049734E-02  7.3128925E-03  3.7783680E-03
  2.1977306E-03  1.3867697E-03  9.2853693E-04
  0.0000000E+00  6.1395463E-02  1.8804925E-02  8.0661522E-03  4.1670687E-03
  2.4215353E-03  1.5270400E-03  1.0212457E-03
  0.0000000E+00  6.7431189E-02  2.0659102E-02  8.8604540E-03  4.5774989E-03
  2.6581362E-03  1.6747947E-03  1.1178175E-03
  0.0000000E+00  7.5012065E-02  2.2988895E-02  9.8623848E-03  5.0941571E-03
  2.9575084E-03  1.8597296E-03  0.0000000E+00
  0.0000000E+00  8.5924670E-02  2.6364075E-02  1.1318204E-02  5.8450024E-03
  3.3920810E-03  2.1277161E-03  0.0000000E+00
  0.0000000E+00  0.1021729      3.1409949E-02  1.3507967E-02  6.9821347E-03
  4.0463544E-03  2.5277645E-03  0.0000000E+00
  0.0000000E+00  0.1261227      3.8942542E-02  1.6813135E-02  8.7083532E-03
  5.0386288E-03  3.1120232E-03  0.0000000E+00
  0.0000000E+00  0.1615162      5.0313856E-02  2.1909704E-02  1.1400290E-02
  6.5572187E-03  3.8532112E-03
  0.0000000E+00  0.2159585      6.8396911E-02  3.0275229E-02  1.5837761E-02
  8.7590544E-03
  0.0000000E+00  0.3092709      0.1003621      4.5485273E-02  2.3247225E-02
  0.0000000E+00  0.5019314      0.1664655      7.5132787E-02
  0.0000000E+00   1.000000      0.3254466    
  0.0000000E+00   2.761951    
   32.37566    
  1.0000000E+09
  0.0000000E+00  6.3022375E-02  1.9292928E-02  8.2689645E-03  4.2701522E-03
  2.4816794E-03  1.5648643E-03  1.0471380E-03
  0.0000000E+00  7.6153688E-02  2.3311546E-02  9.9841552E-03  5.1534954E-03
  2.9926717E-03  1.8849276E-03  1.2592592E-03
  0.0000000E+00  9.1443852E-02  2.7965933E-02  1.1978609E-02  6.1774608E-03
  3.5828876E-03  2.2539117E-03  1.5020795E-03
  0.0000000E+00  0.1079224      3.2996632E-02  1.4119627E-02  7.2747073E-03
  4.2146961E-03  2.6440879E-03  0.0000000E+00
  0.0000000E+00  0.1238067      3.7829272E-02  1.6175479E-02  8.3224401E-03
  4.8108534E-03  3.0065358E-03  0.0000000E+00
  0.0000000E+00  0.1385621      4.2305406E-02  1.8072885E-02  9.2810458E-03
  5.3456128E-03  3.3194693E-03  0.0000000E+00
  0.0000000E+00  0.1567241      4.7831252E-02  2.0400077E-02  1.0441671E-02
  5.9754406E-03  3.6502276E-03  0.0000000E+00
  0.0000000E+00  0.1873440      5.7140023E-02  2.4321645E-02  1.2384630E-02
  6.9815801E-03  4.0245592E-03
  0.0000000E+00  0.2416320      7.3658146E-02  3.1273518E-02  1.5729846E-02
  8.3897803E-03
  0.0000000E+00  0.3386809      0.1033868      4.3612596E-02  2.0895226E-02
  0.0000000E+00  0.5296098      0.1613785      6.5735787E-02
  0.0000000E+00   1.000000      0.2889681    
  0.0000000E+00   2.592592    
   31.11507    
  1.0000000E+10
  0.0000000E+00  5.0673895E-02  1.5514210E-02  6.6481102E-03  3.4324641E-03
  1.9953120E-03  1.2576912E-03  8.4148842E-04
  0.0000000E+00  6.3785523E-02  1.9513624E-02  8.3621442E-03  4.3143858E-03
  2.5051276E-03  1.5777907E-03  1.0539115E-03
  0.0000000E+00  8.1599765E-02  2.4948725E-02  1.0684148E-02  5.5083502E-03
  3.1951361E-03  2.0084968E-03  1.3385584E-03
  0.0000000E+00  0.1059478      3.2376207E-02  1.3849986E-02  7.1330210E-03
  4.1297977E-03  2.5900968E-03  0.0000000E+00
  0.0000000E+00  0.1388807      4.2411368E-02  1.8121887E-02  9.3158511E-03
  5.3808964E-03  3.3621446E-03  0.0000000E+00
  0.0000000E+00  0.1812189      5.5273950E-02  2.3586286E-02  1.2094932E-02
  6.9572222E-03  4.3143858E-03  0.0000000E+00
  0.0000000E+00  0.2286844      6.9645472E-02  2.9636683E-02  1.5147963E-02
  8.6463522E-03  5.2695577E-03  0.0000000E+00
  0.0000000E+00  0.2704366      8.2171112E-02  3.4837384E-02  1.7667741E-02
  9.9194264E-03  5.6914738E-03
  0.0000000E+00  0.3099912      9.3876347E-02  3.9525345E-02  1.9718722E-02
  1.0426311E-02
  0.0000000E+00  0.3860240      0.1161735      4.8168767E-02  2.2663346E-02
  0.0000000E+00  0.5610899      0.1664225      6.5279812E-02
  0.0000000E+00   1.000000      0.2795195    
  0.0000000E+00   2.508057    
   30.07618    
  9.9999998E+10
  0.0000000E+00  3.0905893E-02  9.4635002E-03  4.0545291E-03  2.0932278E-03
  1.2163589E-03  7.6693052E-04  5.1319262E-04
  0.0000000E+00  3.9252419E-02  1.2005278E-02  5.1442389E-03  2.6543536E-03
  1.5408971E-03  9.7097619E-04  6.4837292E-04
  0.0000000E+00  5.0958659E-02  1.5584873E-02  6.6710641E-03  3.4388741E-03
  1.9947230E-03  1.2541777E-03  8.3561998E-04
  0.0000000E+00  6.7889184E-02  2.0747581E-02  8.8742301E-03  4.5699207E-03
  2.6455584E-03  1.6596306E-03  0.0000000E+00
  0.0000000E+00  9.3227796E-02  2.8469658E-02  1.2163588E-02  6.2524187E-03
  3.6112575E-03  2.2559366E-03  0.0000000E+00
  0.0000000E+00  0.1324538      4.0395778E-02  1.7229551E-02  8.8390503E-03
  5.0817942E-03  3.1503958E-03  0.0000000E+00
  0.0000000E+00  0.1946350      5.9261214E-02  2.5206685E-02  1.2875989E-02
  7.3482851E-03  4.4758134E-03  0.0000000E+00
  0.0000000E+00  0.2912049      8.8390499E-02  3.7458222E-02  1.8979771E-02
  1.0650836E-02  6.1020227E-03
  0.0000000E+00  0.4191732      0.1267370      5.3289361E-02  2.6534742E-02
  1.4001759E-02
  0.0000000E+00  0.5289358      0.1587511      6.5576077E-02  3.0729990E-02
  0.0000000E+00  0.6448549      0.1902375      7.3992960E-02
  0.0000000E+00   1.000000      0.2776605    
  0.0000000E+00   2.364995    
   27.88918    
  1.0000000E+12
  0.0000000E+00  1.2576731E-02  3.8508209E-03  1.6498929E-03  8.5189153E-04
  4.9500354E-04  3.1206282E-04  2.0881514E-04
  0.0000000E+00  1.5995719E-02  4.8929336E-03  2.0967165E-03  1.0817273E-03
  6.2812271E-04  3.9543182E-04  2.6423982E-04
  0.0000000E+00  2.0824412E-02  6.3668806E-03  2.7262669E-03  1.4054248E-03
  8.1513205E-04  5.1249110E-04  3.4150606E-04
  0.0000000E+00  2.7887223E-02  8.5224835E-03  3.6438259E-03  1.8768737E-03
  1.0867238E-03  6.8165595E-04  0.0000000E+00
  0.0000000E+00  3.8650963E-02  1.1805853E-02  5.0428263E-03  2.5927909E-03
  1.4975019E-03  9.3540328E-04  0.0000000E+00
  0.0000000E+00  5.5995718E-02  1.7080657E-02  7.2840825E-03  3.7366166E-03
  2.1484655E-03  1.3315489E-03  0.0000000E+00
  0.0000000E+00  8.5724488E-02  2.6102785E-02  1.1102783E-02  5.6709494E-03
  3.2359029E-03  1.9710921E-03  0.0000000E+00
  0.0000000E+00  0.1406139      4.2683799E-02  1.8083511E-02  9.1648819E-03
  5.1391860E-03  2.9443253E-03
  0.0000000E+00  0.2492149      7.5339042E-02  3.1666666E-02  1.5763741E-02
  8.3154887E-03
  0.0000000E+00  0.4628837      0.1388651      5.7316203E-02  2.6841542E-02
  0.0000000E+00  0.7562455      0.2228408      8.6509638E-02
  0.0000000E+00   1.000000      0.2769807    
  0.0000000E+00   1.978230    
   22.22698    
  9.9999998E+12
  0.0000000E+00  3.4626720E-03  1.0599215E-03  4.5432217E-04  2.3457760E-04
  1.3634577E-04  8.5943029E-05  5.7504909E-05
  0.0000000E+00  4.4066799E-03  1.3487230E-03  5.7750492E-04  2.9803536E-04
  1.7298626E-04  1.0893909E-04  7.2789786E-05
  0.0000000E+00  5.7396861E-03  1.7554028E-03  7.5137528E-04  3.8732809E-04
  2.2465619E-04  1.4125738E-04  9.4125739E-05
  0.0000000E+00  7.6935170E-03  2.3506877E-03  1.0058939E-03  5.1777996E-04
  2.9980353E-04  1.8801572E-04  0.0000000E+00
  0.0000000E+00  1.0687623E-02  3.2632612E-03  1.3939097E-03  7.1660115E-04
  4.1385068E-04  2.5854618E-04  0.0000000E+00
  0.0000000E+00  1.5540276E-02  4.7387034E-03  2.0206287E-03  1.0363458E-03
  5.9607072E-04  3.6944990E-04  0.0000000E+00
  0.0000000E+00  2.3988213E-02  7.3035364E-03  3.1070728E-03  1.5864440E-03
  9.0550096E-04  5.5157172E-04  0.0000000E+00
  0.0000000E+00  4.0166996E-02  1.2200393E-02  5.1660114E-03  2.6178781E-03
  1.4675835E-03  8.4096263E-04
  0.0000000E+00  7.5176820E-02  2.2730844E-02  9.5510799E-03  4.7544204E-03
  2.5078584E-03
  0.0000000E+00  0.1635560      4.9056973E-02  2.0255402E-02  9.4803534E-03
  0.0000000E+00  0.4191552      0.1234774      4.7907662E-02
  0.0000000E+00   1.000000      0.2767191    
  0.0000000E+00   1.727898    
   16.68959    
  1.0000000E+14
  0.0000000E+00  1.6316520E-03  4.9930590E-04  2.1402127E-04  1.1050439E-04
  6.4229520E-05  4.0490515E-05  2.7089309E-05
  0.0000000E+00  2.0763536E-03  6.3535396E-04  2.7209625E-04  1.4039797E-04
  8.1536324E-05  5.1318832E-05  3.4294309E-05
  0.0000000E+00  2.7047663E-03  8.2693197E-04  3.5409533E-04  1.8255437E-04
  1.0587690E-04  6.6543267E-05  4.4349839E-05
  0.0000000E+00  3.6260991E-03  1.1082832E-03  4.7385468E-04  2.4405368E-04
  1.4132346E-04  8.8616376E-05  0.0000000E+00
  0.0000000E+00  5.0393338E-03  1.5386395E-03  6.5710320E-04  3.3789911E-04
  1.9514114E-04  1.2188801E-04  0.0000000E+00
  0.0000000E+00  7.3345671E-03  2.2364645E-03  9.5372513E-04  4.8912538E-04
  2.8125866E-04  1.7436371E-04  0.0000000E+00
  0.0000000E+00  1.1341970E-02  3.4530309E-03  1.4687645E-03  7.5011572E-04
  4.2808885E-04  2.6075888E-04  0.0000000E+00
  0.0000000E+00  1.9074501E-02  5.7936143E-03  2.4534937E-03  1.2429430E-03
  6.9736229E-04  3.9944472E-04
  0.0000000E+00  3.6154557E-02  1.0930125E-02  4.5932438E-03  2.2869043E-03
  1.2059233E-03
  0.0000000E+00  8.1813976E-02  2.4530308E-02  1.0129569E-02  4.7385469E-03
  0.0000000E+00  0.2410921      7.0985653E-02  2.7556686E-02
  0.0000000E+00   1.000000      0.2767237    
  0.0000000E+00   3.932439    
   32.62379    
