   100.0000    
  0.0000000E+00  1.5343338E-02  5.7435199E-03  3.0218279E-03  1.8408367E-03
  1.2187357E-03  8.5266028E-04  6.2073668E-04
  0.0000000E+00  1.8831287E-02  7.0577529E-03  3.7235105E-03  2.2733060E-03
  1.5079582E-03  1.0568439E-03  7.6989539E-04
  0.0000000E+00  2.3478853E-02  8.8176448E-03  4.6657571E-03  2.8553887E-03
  1.8985902E-03  1.3328786E-03  9.7226014E-04
  0.0000000E+00  2.9809002E-02  1.1218735E-02  5.9572533E-03  3.6593906E-03
  2.4402000E-03  1.7162346E-03  0.0000000E+00
  0.0000000E+00  3.8685765E-02  1.4602091E-02  7.7853566E-03  4.8021828E-03
  3.2141882E-03  2.2651204E-03  0.0000000E+00
  0.0000000E+00  5.1523417E-02  1.9527057E-02  1.0472942E-02  6.4938609E-03
  4.3624374E-03  3.0759433E-03  0.0000000E+00
  0.0000000E+00  7.0941336E-02  2.7007731E-02  1.4588448E-02  9.1086859E-03
  6.1437013E-03  4.3060482E-03  0.0000000E+00
  0.0000000E+00  0.1017281      3.9004095E-02  2.1282401E-02  1.3396999E-02
  9.0359254E-03  6.0436558E-03
  0.0000000E+00  0.1540700      5.9618004E-02  3.2992266E-02  2.0941338E-02
  1.3633469E-02
  0.0000000E+00  0.2514779      9.8772168E-02  5.5661660E-02  3.4702133E-02
  0.0000000E+00  0.4583901      0.1840382      0.1045020    
  0.0000000E+00   1.000000      0.4105957    
  0.0000000E+00   3.040928    
   24.18827    
   1000.000    
  0.0000000E+00  1.5475543E-02  5.7653985E-03  3.0226451E-03  1.8333333E-03
  1.2083333E-03  8.4148551E-04  6.0960150E-04
  0.0000000E+00  1.8944746E-02  7.0788045E-03  3.7214677E-03  2.2631341E-03
  1.4945653E-03  1.0421196E-03  7.5543480E-04
  0.0000000E+00  2.3582429E-02  8.8360505E-03  4.6603261E-03  2.8410326E-03
  1.8808878E-03  1.3134058E-03  9.5244561E-04
  0.0000000E+00  2.9913949E-02  1.1236413E-02  5.9465584E-03  3.6390398E-03
  2.4148552E-03  1.6888587E-03  0.0000000E+00
  0.0000000E+00  3.8795292E-02  1.4615037E-02  7.7717388E-03  4.7735507E-03
  3.1770833E-03  2.2241848E-03  0.0000000E+00
  0.0000000E+00  5.1675726E-02  1.9538043E-02  1.0443841E-02  6.4447466E-03
  4.3043480E-03  3.0104166E-03  0.0000000E+00
  0.0000000E+00  7.1105078E-02  2.7015397E-02  1.4538044E-02  9.0307975E-03
  6.0416665E-03  4.1906703E-03  0.0000000E+00
  0.0000000E+00  0.1019475      3.8994566E-02  2.1186594E-02  1.3247282E-02
  8.8405795E-03  5.8242758E-03
  0.0000000E+00  0.1543478      5.9601448E-02  3.2785326E-02  2.0606883E-02
  1.3197464E-02
  0.0000000E+00  0.2518569      9.8550722E-02  5.5117752E-02  3.3777174E-02
  0.0000000E+00  0.4587862      0.1831975      0.1023551    
  0.0000000E+00   1.000000      0.4051630    
  0.0000000E+00   3.025815    
   26.90217    
   10000.00    
  0.0000000E+00  1.6276978E-02  5.9262589E-03  3.0467624E-03  1.8201438E-03
  1.1848022E-03  8.1609708E-04  5.8543164E-04
  0.0000000E+00  1.9622302E-02  7.2077336E-03  3.7338131E-03  2.2428057E-03
  1.4653776E-03  1.0116906E-03  7.2661869E-04
  0.0000000E+00  2.4145683E-02  8.9343525E-03  4.6582734E-03  2.8120503E-03
  1.8430755E-03  1.2751798E-03  9.1591728E-04
  0.0000000E+00  3.0382192E-02  1.1308453E-02  5.9307553E-03  3.5971222E-03
  2.3646583E-03  1.6380395E-03  0.0000000E+00
  0.0000000E+00  3.9190646E-02  1.4667265E-02  7.7383094E-03  4.7122301E-03
  3.1061152E-03  2.1515286E-03  0.0000000E+00
  0.0000000E+00  5.2023381E-02  1.9568345E-02  1.0382194E-02  6.3534169E-03
  4.1978420E-03  2.9006295E-03  0.0000000E+00
  0.0000000E+00  7.1447842E-02  2.7018884E-02  1.4433453E-02  8.8758990E-03
  5.8678058E-03  4.0098922E-03  0.0000000E+00
  0.0000000E+00  0.1023381      3.8952336E-02  2.0989208E-02  1.2972122E-02
  8.5251797E-03  5.5080932E-03
  0.0000000E+00  0.1548111      5.9442449E-02  3.2378595E-02  2.0040467E-02
  1.2558453E-02
  0.0000000E+00  0.2525180      9.8111510E-02  5.4091725E-02  3.2387592E-02
  0.0000000E+00  0.4599820      0.1815647      9.9055752E-02
  0.0000000E+00   1.000000      0.3963130    
  0.0000000E+00   3.000899    
   31.67716    
   100000.0    
  0.0000000E+00  1.9706408E-02  6.7215306E-03  3.2197509E-03  1.8242884E-03
  1.1427937E-03  7.6556945E-04  5.3870108E-04
  0.0000000E+00  2.2860322E-02  7.9270462E-03  3.8683277E-03  2.2228649E-03
  1.4065837E-03  9.4884343E-04  6.6992885E-04
  0.0000000E+00  2.7108543E-02  9.5507121E-03  4.7464413E-03  2.7651247E-03
  1.7655694E-03  1.1975090E-03  8.4741996E-04
  0.0000000E+00  3.3002671E-02  1.1806050E-02  5.9697512E-03  3.5200180E-03
  2.2642349E-03  1.5413702E-03  0.0000000E+00
  0.0000000E+00  4.1423488E-02  1.5040036E-02  7.7179717E-03  4.5951959E-03
  2.9737547E-03  2.0271353E-03  0.0000000E+00
  0.0000000E+00  5.3870108E-02  1.9822065E-02  1.0302491E-02  6.1832741E-03
  4.0133451E-03  2.7282031E-03  0.0000000E+00
  0.0000000E+00  7.2953746E-02  2.7157474E-02  1.4261567E-02  8.6121000E-03
  5.5916370E-03  3.7513347E-03  0.0000000E+00
  0.0000000E+00  0.1036477      3.8963523E-02  2.0649467E-02  1.2522243E-02
  8.0560502E-03  5.1023136E-03
  0.0000000E+00  0.1561388      5.9252668E-02  3.1690393E-02  1.9172600E-02
  1.1712634E-02
  0.0000000E+00  0.2540480      9.7375445E-02  5.2491106E-02  3.0480430E-02
  0.0000000E+00  0.4617438      0.1788701      9.4350539E-02
  0.0000000E+00   1.000000      0.3834965    
  0.0000000E+00   2.966637    
   33.18061    
   1000000.    
  0.0000000E+00  2.6015729E-02  8.2088253E-03  3.6273482E-03  1.9244212E-03
  1.1450415E-03  7.3700311E-04  5.0240278E-04
  0.0000000E+00  3.0026212E-02  9.5806029E-03  4.2839670E-03  2.2953255E-03
  1.3765837E-03  8.9165574E-04  6.1031018E-04
  0.0000000E+00  3.4923546E-02  1.1314985E-02  5.1376144E-03  2.7889907E-03
  1.6893841E-03  1.1022281E-03  7.5840979E-04
  0.0000000E+00  4.1148975E-02  1.3582351E-02  6.2909569E-03  3.4696376E-03
  2.1266928E-03  1.3988642E-03  0.0000000E+00
  0.0000000E+00  4.9541287E-02  1.6697247E-02  7.9161208E-03  4.4429884E-03
  2.7584098E-03  1.8269987E-03  0.0000000E+00
  0.0000000E+00  6.1555266E-02  2.1205766E-02  1.0314548E-02  5.8977720E-03
  3.6994321E-03  2.4565312E-03  0.0000000E+00
  0.0000000E+00  7.9860203E-02  2.8130189E-02  1.4027960E-02  8.1476634E-03
  5.1419837E-03  3.3813892E-03  0.0000000E+00
  0.0000000E+00  0.1094801      3.9418962E-02  2.0078637E-02  1.1782438E-02
  7.3831370E-03  4.5915246E-03
  0.0000000E+00  0.1608126      5.9065096E-02  3.0541722E-02  1.7894277E-02
  1.0637834E-02
  0.0000000E+00  0.2578419      9.6068151E-02  4.9978156E-02  2.7999125E-02
  0.0000000E+00  0.4648318      0.1744867      8.7986022E-02
  0.0000000E+00   1.000000      0.3654871    
  0.0000000E+00   2.918305    
   33.33333    
  1.0000000E+07
  0.0000000E+00  3.1617273E-02  9.7248098E-03  4.1892463E-03  2.1731583E-03
  1.2679932E-03  8.0270960E-04  5.3895003E-04
  0.0000000E+00  3.6528368E-02  1.1257409E-02  4.8602880E-03  2.5241324E-03
  1.4745978E-03  9.3395426E-04  6.2743441E-04
  0.0000000E+00  4.2929724E-02  1.3272651E-02  5.7451315E-03  2.9936493E-03
  1.7523287E-03  1.1113463E-03  7.4640138E-04
  0.0000000E+00  5.1270112E-02  1.5935648E-02  6.9348011E-03  3.6287045E-03
  2.1312449E-03  1.3539373E-03  0.0000000E+00
  0.0000000E+00  6.2150724E-02  1.9483490E-02  8.5563082E-03  4.5088907E-03
  2.6621509E-03  1.6964438E-03  0.0000000E+00
  0.0000000E+00  7.6629981E-02  2.4335310E-02  1.0838273E-02  5.7747676E-03
  3.4373414E-03  2.1960204E-03  0.0000000E+00
  0.0000000E+00  9.6697718E-02  3.1295516E-02  1.4225233E-02  7.7053346E-03
  4.6274345E-03  2.9445386E-03  0.0000000E+00
  0.0000000E+00  0.1269263      4.2040646E-02  1.9631669E-02  1.0825572E-02
  6.5156650E-03  3.9610500E-03
  0.0000000E+00  0.1775191      6.0245555E-02  2.8983913E-02  1.6151566E-02
  9.3141412E-03
  0.0000000E+00  0.2719729      9.4750211E-02  4.6486031E-02  2.4944963E-02
  0.0000000E+00  0.4745978      0.1679932      8.0059275E-02
  0.0000000E+00   1.000000      0.3419983    
  0.0000000E+00   2.852667    
   33.31499    
  1.0000000E+08
  0.0000000E+00  4.2427834E-02  1.2997232E-02  5.5753263E-03  2.8809805E-03
  1.6753657E-03  1.0569395E-03  7.0778962E-04
  0.0000000E+00  4.7924079E-02  1.4681692E-02  6.2949779E-03  3.2526690E-03
  1.8904706E-03  1.1917753E-03  7.9715304E-04
  0.0000000E+00  5.4171607E-02  1.6595492E-02  7.1174372E-03  3.6761565E-03
  2.1356267E-03  1.3448002E-03  8.9758798E-04
  0.0000000E+00  6.2079873E-02  1.9027283E-02  8.1613287E-03  4.2151045E-03
  2.4464214E-03  1.5385528E-03  0.0000000E+00
  0.0000000E+00  7.3151439E-02  2.2435745E-02  9.6283117E-03  4.9742982E-03
  2.8841437E-03  1.8086199E-03  0.0000000E+00
  0.0000000E+00  8.9244761E-02  2.7417952E-02  1.1787267E-02  6.0893632E-03
  3.5266902E-03  2.2008698E-03  0.0000000E+00
  0.0000000E+00  0.1128114      3.4780547E-02  1.5001977E-02  7.7619613E-03
  4.4839857E-03  2.7651244E-03  0.0000000E+00
  0.0000000E+00  0.1479241      4.5947012E-02  1.9952551E-02  1.0355871E-02
  5.9391065E-03  3.4796360E-03
  0.0000000E+00  0.2029656      6.3780151E-02  2.8066430E-02  1.4594701E-02
  8.0189798E-03
  0.0000000E+00  0.2991301      9.5413201E-02  4.2625543E-02  2.1510478E-02
  0.0000000E+00  0.4974298      0.1598656      7.0304468E-02
  0.0000000E+00   1.000000      0.3105180    
  0.0000000E+00   2.739027    
   32.84302    
  1.0000000E+09
  0.0000000E+00  4.7894187E-02  1.4664114E-02  6.2861117E-03  3.2453879E-03
  1.8861816E-03  1.1893491E-03  7.9568388E-04
  0.0000000E+00  5.7814129E-02  1.7695788E-02  7.5809257E-03  3.9122864E-03
  2.2721894E-03  1.4312565E-03  9.5614343E-04
  0.0000000E+00  6.9718063E-02  2.1326138E-02  9.1333101E-03  4.7093630E-03
  2.7319873E-03  1.7180647E-03  1.1451443E-03
  0.0000000E+00  8.3362341E-02  2.5492517E-02  1.0908457E-02  5.6213015E-03
  3.2551340E-03  2.0424642E-03  0.0000000E+00
  0.0000000E+00  9.8190039E-02  3.0003481E-02  1.2826313E-02  6.5993732E-03
  3.8148277E-03  2.3846151E-03  0.0000000E+00
  0.0000000E+00  0.1142012      3.4876436E-02  1.4890358E-02  7.6470585E-03
  4.4030626E-03  2.7337277E-03  0.0000000E+00
  0.0000000E+00  0.1346328      4.1072048E-02  1.7518273E-02  8.9662373E-03
  5.1305252E-03  3.1336581E-03  0.0000000E+00
  0.0000000E+00  0.1671076      5.0957184E-02  2.1677688E-02  1.1033762E-02
  6.2199784E-03  3.5816219E-03
  0.0000000E+00  0.2226941      6.7838490E-02  2.8771317E-02  1.4458754E-02
  7.7027497E-03
  0.0000000E+00  0.3214758      9.7841978E-02  4.1176468E-02  1.9683257E-02
  0.0000000E+00  0.5172293      0.1561782      6.3139573E-02
  0.0000000E+00   1.000000      0.2823181    
  0.0000000E+00   2.605639    
   31.80647    
  1.0000000E+10
  0.0000000E+00  4.2326517E-02  1.2957097E-02  5.5542761E-03  2.8672616E-03
  1.6662828E-03  1.0506767E-03  7.0285052E-04
  0.0000000E+00  5.2692197E-02  1.6124388E-02  6.9075725E-03  3.5646413E-03
  2.0693925E-03  1.3031961E-03  8.7071699E-04
  0.0000000E+00  6.6570684E-02  2.0362798E-02  8.7158075E-03  4.4946731E-03
  2.6063921E-03  1.6389288E-03  1.0921394E-03
  0.0000000E+00  8.5344084E-02  2.6084077E-02  1.1157501E-02  5.7443129E-03
  3.3256551E-03  2.0866685E-03  0.0000000E+00
  0.0000000E+00  0.1106824      3.3803627E-02  1.4439965E-02  7.4229771E-03
  4.2873593E-03  2.6786642E-03  0.0000000E+00
  0.0000000E+00  0.1439102      4.3910164E-02  1.8727325E-02  9.6055279E-03
  5.5254824E-03  3.4264326E-03  0.0000000E+00
  0.0000000E+00  0.1842787      5.6118626E-02  2.3884250E-02  1.2202706E-02
  6.9680386E-03  4.2470489E-03  0.0000000E+00
  0.0000000E+00  0.2272963      6.9075726E-02  2.9283041E-02  1.4848833E-02
  8.3357329E-03  4.7826087E-03
  0.0000000E+00  0.2757270      8.3472505E-02  3.5156924E-02  1.7529514E-02
  9.2686443E-03
  0.0000000E+00  0.3607832      0.1084941      4.4946730E-02  2.1143103E-02
  0.0000000E+00  0.5444860      0.1613303      6.3173048E-02
  0.0000000E+00   1.000000      0.2777138    
  0.0000000E+00   2.551684    
   31.06824    
  9.9999998E+10
  0.0000000E+00  3.0325867E-02  9.2810588E-03  3.9775968E-03  2.0529530E-03
  1.1932791E-03  7.5234217E-04  5.0346233E-04
  0.0000000E+00  3.8004074E-02  1.1625255E-02  4.9796337E-03  2.5702647E-03
  1.4920571E-03  9.3951117E-04  6.2769855E-04
  0.0000000E+00  4.8533604E-02  1.4845214E-02  6.3543790E-03  3.2769858E-03
  1.8999999E-03  1.1945009E-03  7.9592667E-04
  0.0000000E+00  6.3421592E-02  1.9378819E-02  8.2892058E-03  4.2688390E-03
  2.4704684E-03  1.5501019E-03  0.0000000E+00
  0.0000000E+00  8.5030556E-02  2.5967414E-02  1.1091650E-02  5.7026478E-03
  3.2932791E-03  2.0570266E-03  0.0000000E+00
  0.0000000E+00  0.1174338      3.5804480E-02  1.5272914E-02  7.8329938E-03
  4.5050918E-03  2.7922608E-03  0.0000000E+00
  0.0000000E+00  0.1672505      5.0916500E-02  2.1670062E-02  1.1061100E-02
  6.3136457E-03  3.8452137E-03  0.0000000E+00
  0.0000000E+00  0.2437882      7.4032582E-02  3.1364560E-02  1.5892057E-02
  8.9144604E-03  5.1079434E-03
  0.0000000E+00  0.3519349      0.1064155      4.4725053E-02  2.2281060E-02
  1.1755602E-02
  0.0000000E+00  0.4712831      0.1414053      5.8411404E-02  2.7372710E-02
  0.0000000E+00  0.6164970      0.1818330      7.0712827E-02
  0.0000000E+00   1.000000      0.2773931    
  0.0000000E+00   2.425662    
   29.04277    
  1.0000000E+12
  0.0000000E+00  1.5596906E-02  4.7731549E-03  2.0457872E-03  1.0558227E-03
  6.1384065E-04  3.8699558E-04  2.5893789E-04
  0.0000000E+00  1.9569308E-02  5.9868279E-03  2.5642901E-03  1.3234371E-03
  7.6834619E-04  4.8390130E-04  3.2322810E-04
  0.0000000E+00  2.5047040E-02  7.6604639E-03  3.2793223E-03  1.6903616E-03
  9.8045147E-04  6.1645411E-04  4.1072545E-04
  0.0000000E+00  3.2845493E-02  1.0036588E-02  4.2933305E-03  2.2109554E-03
  1.2795316E-03  8.0273882E-04  0.0000000E+00
  0.0000000E+00  4.4334099E-02  1.3537529E-02  5.7829809E-03  2.9730294E-03
  1.7164957E-03  1.0725486E-03  0.0000000E+00
  0.0000000E+00  6.2042646E-02  1.8921180E-02  8.0702482E-03  4.1375700E-03
  2.3803052E-03  1.4750157E-03  0.0000000E+00
  0.0000000E+00  9.0842560E-02  2.7660463E-02  1.1760401E-02  6.0077356E-03
  3.4288103E-03  2.0886471E-03  0.0000000E+00
  0.0000000E+00  0.1407067      4.2734683E-02  1.8105790E-02  9.1720670E-03
  5.1442604E-03  2.9468951E-03
  0.0000000E+00  0.2331173      7.0478775E-02  2.9625757E-02  1.4750157E-02
  7.7785901E-03
  0.0000000E+00  0.4090529      0.1226218      5.0648127E-02  2.3708969E-02
  0.0000000E+00  0.6892118      0.2030106      7.8831270E-02
  0.0000000E+00   1.000000      0.2769183    
  0.0000000E+00   2.053105    
   23.41627    
  9.9999998E+12
  0.0000000E+00  6.1449753E-03  1.8813838E-03  8.0642500E-04  4.1639208E-04
  2.4192751E-04  1.5251235E-04  1.0205930E-04
  0.0000000E+00  7.7141677E-03  2.3599670E-03  1.0111203E-03  5.2182865E-04
  3.0288301E-04  1.9073312E-04  1.2742997E-04
  0.0000000E+00  9.8764412E-03  3.0205930E-03  1.2932455E-03  6.6680397E-04
  3.8661447E-04  2.4308071E-04  1.6198517E-04
  0.0000000E+00  1.2957166E-02  3.9604614E-03  1.6939867E-03  8.7232288E-04
  5.0494232E-04  3.1676274E-04  0.0000000E+00
  0.0000000E+00  1.7516473E-02  5.3500822E-03  2.2845962E-03  1.1746293E-03
  6.7833607E-04  4.2380558E-04  0.0000000E+00
  0.0000000E+00  2.4571663E-02  7.4958811E-03  3.1960460E-03  1.6387973E-03
  9.4275124E-04  5.8443157E-04  0.0000000E+00
  0.0000000E+00  3.6173806E-02  1.1013179E-02  4.6828664E-03  2.3920923E-03
  1.3653212E-03  8.3154853E-04  0.0000000E+00
  0.0000000E+00  5.6754529E-02  1.7236408E-02  7.2981878E-03  3.6989292E-03
  2.0741350E-03  1.1882207E-03
  0.0000000E+00  9.7199336E-02  2.9382206E-02  1.2347611E-02  6.1490936E-03
  3.2421744E-03
  0.0000000E+00  0.1877677      5.6301482E-02  2.3245471E-02  1.0881383E-02
  0.0000000E+00  0.4217463      0.1242586      4.8228994E-02
  0.0000000E+00   1.000000      0.2767710    
  0.0000000E+00   1.888797    
   18.54201    
  1.0000000E+14
  0.0000000E+00  3.9366754E-03  1.2052769E-03  5.1662268E-04  2.6675459E-04
  1.5498680E-04  9.7730866E-05  6.5382577E-05
  0.0000000E+00  4.9419524E-03  1.5121371E-03  6.4775726E-04  3.3430077E-04
  1.9406331E-04  1.2221636E-04  8.1635881E-05
  0.0000000E+00  6.3298149E-03  1.9356199E-03  8.2849601E-04  4.2717677E-04
  2.4773084E-04  1.5575197E-04  1.0377308E-04
  0.0000000E+00  8.3034299E-03  2.5379946E-03  1.0854881E-03  5.5883906E-04
  3.2374667E-04  2.0298152E-04  0.0000000E+00
  0.0000000E+00  1.1226912E-02  3.4274405E-03  1.4643800E-03  7.5277040E-04
  4.3482846E-04  2.7150396E-04  0.0000000E+00
  0.0000000E+00  1.5757255E-02  4.8047490E-03  2.0493402E-03  1.0509234E-03
  6.0448545E-04  3.7467017E-04  0.0000000E+00
  0.0000000E+00  2.3218995E-02  7.0686014E-03  3.0079153E-03  1.5353562E-03
  8.7625324E-04  5.3377310E-04  0.0000000E+00
  0.0000000E+00  3.6517147E-02  1.1089710E-02  4.6965699E-03  2.3802109E-03
  1.3348284E-03  7.6464377E-04
  0.0000000E+00  6.2981524E-02  1.9036939E-02  8.0000004E-03  3.9815302E-03
  2.1005278E-03
  0.0000000E+00  0.1242744      3.7255935E-02  1.5385223E-02  7.2005270E-03
  0.0000000E+00  0.3021108      8.8944592E-02  3.4511872E-02
  0.0000000E+00   1.000000      0.2767810    
  0.0000000E+00   3.926121    
   33.50924    
