   100.0000    
  0.0000000E+00  1.4347063E-02  6.1875544E-03  3.8115690E-03  2.7081505E-03
  2.0709902E-03  1.6555653E-03  1.3619632E-03
  0.0000000E+00  1.7414548E-02  7.5591584E-03  4.6941279E-03  3.3619630E-03
  2.5924626E-03  2.0885188E-03  1.7309376E-03
  0.0000000E+00  2.1472393E-02  9.3952669E-03  5.8886944E-03  4.2602979E-03
  3.3181419E-03  2.7002629E-03  2.2585450E-03
  0.0000000E+00  2.6976336E-02  1.1910604E-02  7.5556529E-03  5.5337423E-03
  4.3645925E-03  3.5959682E-03  0.0000000E+00
  0.0000000E+00  3.4653813E-02  1.5477650E-02  9.9649429E-03  7.4145487E-03
  5.9430320E-03  4.9754600E-03  0.0000000E+00
  0.0000000E+00  4.5749340E-02  2.0736195E-02  1.3610867E-02  1.0333041E-02
  8.4680105E-03  7.2375108E-03  0.0000000E+00
  0.0000000E+00  6.2497806E-02  2.8886942E-02  1.9447852E-02  1.5205960E-02
  1.2830850E-02  1.1235758E-02  0.0000000E+00
  0.0000000E+00  8.9219980E-02  4.2366344E-02  2.9588079E-02  2.4110427E-02
  2.1191936E-02  1.8588956E-02
  0.0000000E+00  0.1352322      6.6801049E-02  4.9325153E-02  4.2795792E-02
  3.8878176E-02
  0.0000000E+00  0.2232252      0.1175285      9.5179670E-02  8.9482903E-02
  0.0000000E+00  0.4202454      0.2489045      0.2345311    
  0.0000000E+00   1.000000      0.7551271    
  0.0000000E+00   3.980719    
   28.86065    
   1000.000    
  0.0000000E+00  1.4803677E-02  6.3550547E-03  3.8813702E-03  2.7209690E-03
  2.0467837E-03  1.6048454E-03  1.2923976E-03
  0.0000000E+00  1.7836258E-02  7.7109439E-03  4.7485381E-03  3.3583962E-03
  2.5480366E-03  2.0133667E-03  1.6324144E-03
  0.0000000E+00  2.1888053E-02  9.5405187E-03  5.9289895E-03  4.2355889E-03
  3.2439432E-03  2.5864663E-03  2.1136175E-03
  0.0000000E+00  2.7401840E-02  1.2055137E-02  7.5806179E-03  5.4786969E-03
  4.2447788E-03  3.4193820E-03  0.0000000E+00
  0.0000000E+00  3.5129491E-02  1.5630743E-02  9.9665830E-03  7.3107770E-03
  5.7443609E-03  4.6858815E-03  0.0000000E+00
  0.0000000E+00  4.6307437E-02  2.0893902E-02  1.3575606E-02  1.0142022E-02
  8.1144534E-03  6.7192982E-03  0.0000000E+00
  0.0000000E+00  6.3191317E-02  2.9064327E-02  1.9331664E-02  1.4820384E-02
  1.2138680E-02  1.0192147E-02  0.0000000E+00
  0.0000000E+00  9.0142027E-02  4.2548038E-02  2.9273182E-02  2.3233082E-02
  1.9590644E-02  1.6215539E-02
  0.0000000E+00  0.1365915      6.6908941E-02  4.8387635E-02  4.0375941E-02
  3.4427736E-02
  0.0000000E+00  0.2251462      0.1170426      9.1645777E-02  8.0601506E-02
  0.0000000E+00  0.4231412      0.2446115      0.2156224    
  0.0000000E+00   1.000000      0.7097745    
  0.0000000E+00   3.852966    
   31.70426    
   10000.00    
  0.0000000E+00  1.7517401E-02  7.3178653E-03  4.2598611E-03  2.8391338E-03
  2.0348027E-03  1.5251352E-03  1.1794276E-03
  0.0000000E+00  2.0069605E-02  8.4996130E-03  5.0487234E-03  3.4261409E-03
  2.4918793E-03  1.8909513E-03  1.4756380E-03
  0.0000000E+00  2.3743233E-02  1.0177881E-02  6.1500384E-03  4.2420728E-03
  3.1291570E-03  2.4013922E-03  1.8901780E-03
  0.0000000E+00  2.8986851E-02  1.2575406E-02  7.7200308E-03  5.4075792E-03
  4.0433099E-03  3.1368909E-03  0.0000000E+00
  0.0000000E+00  3.6550656E-02  1.6055685E-02  1.0015468E-02  7.1283835E-03
  5.4037124E-03  4.2382055E-03  0.0000000E+00
  0.0000000E+00  4.7687549E-02  2.1260634E-02  1.3503480E-02  9.7834496E-03
  7.5290021E-03  5.9659705E-03  0.0000000E+00
  0.0000000E+00  6.4686775E-02  2.9365815E-02  1.9071925E-02  1.4114462E-02
  1.1051817E-02  8.8089714E-03  0.0000000E+00
  0.0000000E+00  9.1956690E-02  4.2768754E-02  2.8600154E-02  2.1755608E-02
  1.7339520E-02  1.3441608E-02
  0.0000000E+00  0.1389791      6.6860013E-02  4.6620261E-02  3.6736272E-02
  2.9033257E-02
  0.0000000E+00  0.2285383      0.1158546      8.6001545E-02  6.9481820E-02
  0.0000000E+00  0.4277649      0.2370456      0.1907966    
  0.0000000E+00   1.000000      0.6485692    
  0.0000000E+00   3.679814    
   33.75870    
   100000.0    
  0.0000000E+00  3.0776098E-02  1.0954671E-02  5.4203300E-03  3.1682693E-03
  2.0473902E-03  1.4134615E-03  1.0233517E-03
  0.0000000E+00  3.2094780E-02  1.1902473E-02  6.1167586E-03  3.6847526E-03
  2.4368134E-03  1.7129121E-03  1.2575550E-03
  0.0000000E+00  3.4155220E-02  1.3221154E-02  7.0741759E-03  4.3990384E-03
  2.9800825E-03  2.1339285E-03  1.5872252E-03
  0.0000000E+00  3.7671704E-02  1.5164835E-02  8.4478026E-03  5.4223901E-03
  3.7616759E-03  2.7396979E-03  0.0000000E+00
  0.0000000E+00  4.3626372E-02  1.8145604E-02  1.0494506E-02  6.9368137E-03
  4.9223904E-03  3.6401101E-03  0.0000000E+00
  0.0000000E+00  5.3461540E-02  2.2857143E-02  1.3667583E-02  9.2857145E-03
  6.7156595E-03  5.0247256E-03  0.0000000E+00
  0.0000000E+00  6.9574177E-02  3.0487638E-02  1.8784340E-02  1.3083791E-02
  9.6291211E-03  7.2252750E-03  0.0000000E+00
  0.0000000E+00  9.6497253E-02  4.3399729E-02  2.7554944E-02  1.9670330E-02
  1.4635989E-02  1.0583792E-02
  0.0000000E+00  0.1438874      6.6730767E-02  4.3866757E-02  3.2074176E-02
  2.3317309E-02
  0.0000000E+00  0.2346841      0.1136676      7.8159340E-02  5.7218406E-02
  0.0000000E+00  0.4355083      0.2256868      0.1622940    
  0.0000000E+00   1.000000      0.5755495    
  0.0000000E+00   3.475961    
   33.56456    
   1000000.    
  0.0000000E+00  5.0000001E-02  1.5750142E-02  6.9480892E-03  3.6862521E-03
  2.1962349E-03  1.4164289E-03  9.6805481E-04
  0.0000000E+00  5.4358240E-02  1.7347405E-02  7.7524241E-03  4.1620079E-03
  2.5048489E-03  1.6303479E-03  1.1220764E-03
  0.0000000E+00  5.9041645E-02  1.9229891E-02  8.7621221E-03  4.7855107E-03
  2.9224185E-03  1.9252710E-03  1.3382772E-03
  0.0000000E+00  6.4061604E-02  2.1483172E-02  1.0074158E-02  5.6366227E-03
  3.5111238E-03  2.3502568E-03  0.0000000E+00
  0.0000000E+00  6.9709070E-02  2.4381062E-02  1.1888191E-02  6.8682260E-03
  4.3861954E-03  2.9908728E-03  0.0000000E+00
  0.0000000E+00  7.7467203E-02  2.8511124E-02  1.4597832E-02  8.7564178E-03
  5.7501425E-03  3.9925841E-03  0.0000000E+00
  0.0000000E+00  9.0188250E-02  3.5059895E-02  1.8938962E-02  1.1825442E-02
  7.9749003E-03  5.5858530E-03  0.0000000E+00
  0.0000000E+00  0.1134626      4.6411864E-02  2.6423274E-02  1.7119225E-02
  1.1728466E-02  7.9292646E-03
  0.0000000E+00  0.1577867      6.7541353E-02  4.0325157E-02  2.6816886E-02
  1.7889332E-02
  0.0000000E+00  0.2469481      0.1105533      6.8682253E-02  4.5162577E-02
  0.0000000E+00  0.4470622      0.2104392      0.1329720    
  0.0000000E+00   1.000000      0.4964632    
  0.0000000E+00   3.255562    
   33.01198    
  1.0000000E+07
  0.0000000E+00  6.9757551E-02  2.1446193E-02  9.2343688E-03  4.7894516E-03
  2.7941305E-03  1.7686092E-03  1.1880051E-03
  0.0000000E+00  7.4053593E-02  2.2811569E-02  9.8383669E-03  5.1084645E-03
  2.9851128E-03  1.8911102E-03  1.2705232E-03
  0.0000000E+00  8.0476396E-02  2.4861762E-02  1.0752872E-02  5.6018718E-03
  3.2794555E-03  2.0808168E-03  1.3989791E-03
  0.0000000E+00  8.9281164E-02  2.7724374E-02  1.2058699E-02  6.3079540E-03
  3.7077840E-03  2.3589961E-03  0.0000000E+00
  0.0000000E+00  0.1007656      3.1586561E-02  1.3862187E-02  7.3117823E-03
  4.3258187E-03  2.7660572E-03  0.0000000E+00
  0.0000000E+00  0.1153552      3.6754575E-02  1.6397277E-02  8.7749902E-03
  5.2530840E-03  3.3794132E-03  0.0000000E+00
  0.0000000E+00  0.1339005      4.3853678E-02  2.0127606E-02  1.1025096E-02
  6.7120381E-03  4.3428331E-03  0.0000000E+00
  0.0000000E+00  0.1592088      5.4529991E-02  2.6125055E-02  1.4802213E-02
  9.1748191E-03  5.7677585E-03
  0.0000000E+00  0.2004253      7.2777539E-02  3.6941726E-02  2.1701405E-02
  1.3224160E-02
  0.0000000E+00  0.2825181      0.1091876      5.8740962E-02  3.4427904E-02
  0.0000000E+00  0.4721395      0.1932369      0.1056997    
  0.0000000E+00   1.000000      0.4188005    
  0.0000000E+00   3.032752    
   32.53084    
  1.0000000E+08
  0.0000000E+00  0.1257413      3.8520072E-02  1.6520597E-02  8.5358173E-03
  4.9645761E-03  3.1330360E-03  2.0970872E-03
  0.0000000E+00  0.1247966      3.8231432E-02  1.6392022E-02  8.4675942E-03
  4.9225925E-03  3.1015482E-03  2.0750458E-03
  0.0000000E+00  0.1230648      3.7706640E-02  1.6166361E-02  8.3495146E-03
  4.8491210E-03  3.0543164E-03  2.0388351E-03
  0.0000000E+00  0.1241406      3.8047757E-02  1.6313303E-02  8.4229866E-03
  4.8911045E-03  3.0753084E-03  0.0000000E+00
  0.0000000E+00  0.1304382      3.9989505E-02  1.7166099E-02  8.8638151E-03
  5.1430068E-03  3.2248753E-03  0.0000000E+00
  0.0000000E+00  0.1436893      4.4135395E-02  1.8968774E-02  9.8032011E-03
  5.6809234E-03  3.5476254E-03  0.0000000E+00
  0.0000000E+00  0.1657570      5.1115192E-02  2.2046706E-02  1.1414327E-02
  6.6045658E-03  4.0802937E-03  0.0000000E+00
  0.0000000E+00  0.1998163      6.2135920E-02  2.7027028E-02  1.4054054E-02
  8.0897398E-03  4.7625294E-03
  0.0000000E+00  0.2522435      7.9874046E-02  3.5345051E-02  1.8506953E-02
  1.0275519E-02
  0.0000000E+00  0.3398058      0.1112569      5.0721593E-02  2.6171608E-02
  0.0000000E+00  0.5195487      0.1773025      8.2025714E-02
  0.0000000E+00   1.000000      0.3437418    
  0.0000000E+00   2.768302    
   31.43532    
  1.0000000E+09
  0.0000000E+00  0.1428750      4.3737497E-02  1.8750001E-02  9.6824998E-03
  5.6274999E-03  3.5487500E-03  2.3749999E-03
  0.0000000E+00  0.1757500      5.3799998E-02  2.3049999E-02  1.1895000E-02
  6.9075003E-03  4.3512499E-03  2.9074999E-03
  0.0000000E+00  0.2051250      6.2737495E-02  2.6862500E-02  1.3850000E-02
  8.0375001E-03  5.0549996E-03  3.3699998E-03
  0.0000000E+00  0.2210000      6.7575000E-02  2.8925000E-02  1.4900000E-02
  8.6312499E-03  5.4162499E-03  0.0000000E+00
  0.0000000E+00  0.2205000      6.7362502E-02  2.8799998E-02  1.4812499E-02
  8.5650003E-03  5.3550000E-03  0.0000000E+00
  0.0000000E+00  0.2140000      6.5337494E-02  2.7900001E-02  1.4325000E-02
  8.2537495E-03  5.1250001E-03  0.0000000E+00
  0.0000000E+00  0.2161250      6.5962501E-02  2.8124999E-02  1.4399999E-02
  8.2425000E-03  5.0362502E-03  0.0000000E+00
  0.0000000E+00  0.2366250      7.2174996E-02  3.0712498E-02  1.5637500E-02
  8.8187503E-03  5.0837500E-03
  0.0000000E+00  0.2840000      8.6575001E-02  3.6737498E-02  1.8475000E-02
  9.8562501E-03
  0.0000000E+00  0.3747500      0.1144000      4.8237499E-02  2.3112500E-02
  0.0000000E+00  0.5556250      0.1698750      6.9237500E-02
  0.0000000E+00   1.000000      0.2942500    
  0.0000000E+00   2.543750    
   29.86250    
  1.0000000E+10
  0.0000000E+00  6.4986967E-02  1.9900087E-02  8.5273674E-03  4.4048657E-03
  2.5590791E-03  1.6138140E-03  1.0799305E-03
  0.0000000E+00  9.2180714E-02  2.8210253E-02  1.2085144E-02  6.2380540E-03
  3.6211989E-03  2.2806255E-03  1.5234579E-03
  0.0000000E+00  0.1333189      4.0768899E-02  1.7454388E-02  9.0008695E-03
  5.2215471E-03  3.2819288E-03  2.1872285E-03
  0.0000000E+00  0.1931798      5.9035622E-02  2.5260644E-02  1.3010425E-02
  7.5325803E-03  4.7263252E-03  0.0000000E+00
  0.0000000E+00  0.2704605      8.2580365E-02  3.5291053E-02  1.8145090E-02
  1.0482190E-02  6.5464820E-03  0.0000000E+00
  0.0000000E+00  0.3432667      0.1046916      4.4656824E-02  2.2914857E-02
  1.3184189E-02  8.1754997E-03  0.0000000E+00
  0.0000000E+00  0.3741095      0.1139444      4.8479587E-02  2.4778454E-02
  1.4152911E-02  8.6272806E-03  0.0000000E+00
  0.0000000E+00  0.3662468      0.1112945      4.7176369E-02  2.3940053E-02
  1.3444832E-02  7.7150306E-03
  0.0000000E+00  0.3696786      0.1119461      4.7132928E-02  2.3523025E-02
  1.2441356E-02
  0.0000000E+00  0.4270200      0.1285404      5.3301476E-02  2.5073851E-02
  0.0000000E+00  0.5868810      0.1741964      6.8288445E-02
  0.0000000E+00   1.000000      0.2805387    
  0.0000000E+00   2.437011    
   28.70113    
  9.9999998E+10
  0.0000000E+00  1.5272727E-02  4.6746409E-03  2.0038276E-03  1.0344498E-03
  6.0114835E-04  3.7904308E-04  2.5358851E-04
  0.0000000E+00  2.2507178E-02  6.8861246E-03  2.9502392E-03  1.5224880E-03
  8.8373205E-04  5.5655505E-04  3.7177035E-04
  0.0000000E+00  3.4736842E-02  1.0622010E-02  4.5473683E-03  2.3444977E-03
  1.3598086E-03  8.5502391E-04  5.6976074E-04
  0.0000000E+00  5.6411486E-02  1.7244020E-02  7.3741628E-03  3.7971290E-03
  2.1990431E-03  1.3789474E-03  0.0000000E+00
  0.0000000E+00  9.6363641E-02  2.9416269E-02  1.2564593E-02  6.4602871E-03
  3.7311004E-03  2.3311004E-03  0.0000000E+00
  0.0000000E+00  0.1705263      5.2009568E-02  2.2181818E-02  1.1377991E-02
  6.5435409E-03  4.0564593E-03  0.0000000E+00
  0.0000000E+00  0.2988517      9.1004781E-02  3.8717706E-02  1.9770335E-02
  1.1291866E-02  6.8775122E-03  0.0000000E+00
  0.0000000E+00  0.4673684      0.1419139      6.0143542E-02  3.0488038E-02
  1.7100478E-02  9.7990436E-03
  0.0000000E+00  0.5767464      0.1744498      7.3349282E-02  3.6535885E-02
  1.9291865E-02
  0.0000000E+00  0.5976076      0.1794258      7.4153110E-02  3.4765549E-02
  0.0000000E+00  0.6719617      0.1982775      7.7167459E-02
  0.0000000E+00   1.000000      0.2776076    
  0.0000000E+00   2.291866    
   26.58373    
  1.0000000E+12
  0.0000000E+00  1.8644263E-03  5.7083665E-04  2.4467718E-04  1.2636666E-04
  7.3403156E-05  4.6276902E-05  3.0970190E-05
  0.0000000E+00  2.7736218E-03  8.4877427E-04  3.6356310E-04  1.8759350E-04
  1.0893084E-04  6.8603978E-05  4.5828059E-05
  0.0000000E+00  4.3514790E-03  1.3304178E-03  5.6968583E-04  2.9370468E-04
  1.7033030E-04  1.0710092E-04  7.1377603E-05
  0.0000000E+00  7.2735641E-03  2.2223501E-03  9.5074234E-04  4.8958452E-04
  2.8346185E-04  1.7781102E-04  0.0000000E+00
  0.0000000E+00  1.3097019E-02  3.9993096E-03  1.7090574E-03  8.7835192E-04
  5.0730805E-04  3.1683740E-04  0.0000000E+00
  0.0000000E+00  2.5664633E-02  7.8271376E-03  3.3375532E-03  1.7113592E-03
  9.8457816E-04  6.1031186E-04  0.0000000E+00
  0.0000000E+00  5.4966047E-02  1.6733801E-02  7.1170446E-03  3.6344803E-03
  2.0750372E-03  1.2636667E-03  0.0000000E+00
  0.0000000E+00  0.1269421      3.8531478E-02  1.6319485E-02  8.2713775E-03
  4.6391990E-03  2.6585339E-03
  0.0000000E+00  0.2963517      8.9619055E-02  3.7668314E-02  1.8759349E-02
  9.8964209E-03
  0.0000000E+00  0.5845321      0.1753942      7.2424904E-02  3.3927955E-02
  0.0000000E+00  0.8074577      0.2380021      9.2461728E-02
  0.0000000E+00   1.000000      0.2771320    
  0.0000000E+00   1.916216    
   21.04960    
  9.9999998E+12
  0.0000000E+00  1.6546028E-04  5.0637169E-05  2.1704556E-05  1.1203996E-05
  6.5113672E-06  4.1054132E-06  2.7474769E-06
  0.0000000E+00  2.4661026E-04  7.5440919E-05  3.2317261E-05  1.6678561E-05
  9.6829444E-06  6.0984808E-06  4.0748291E-06
  0.0000000E+00  3.8821489E-04  1.1866652E-04  5.0820672E-05  2.6200429E-05
  1.5190131E-05  9.5544901E-06  6.3676212E-06
  0.0000000E+00  6.5286981E-04  1.9951066E-04  8.5329797E-05  4.3939242E-05
  2.5446019E-05  1.5954734E-05  0.0000000E+00
  0.0000000E+00  1.1887043E-03  3.6293198E-04  1.5506169E-04  7.9712510E-05
  4.6039349E-05  2.8759301E-05  0.0000000E+00
  0.0000000E+00  2.3794475E-03  7.2566012E-04  3.0951167E-04  1.5873178E-04
  9.1273323E-05  5.6590889E-05  0.0000000E+00
  0.0000000E+00  5.3206240E-03  1.6199409E-03  6.8885717E-04  3.5171781E-04
  2.0073401E-04  1.2233663E-04  0.0000000E+00
  0.0000000E+00  1.3497808E-02  4.0972573E-03  1.7351413E-03  8.7929447E-04
  4.9311854E-04  2.8259761E-04
  0.0000000E+00  3.9321031E-02  1.1887043E-02  4.9954122E-03  2.4864920E-03
  1.3120603E-03
  0.0000000E+00  0.1304924      3.9137527E-02  1.6158629E-02  7.5634620E-03
  0.0000000E+00  0.4316444      0.1271282      4.9362831E-02
  0.0000000E+00   1.000000      0.2768886    
  0.0000000E+00   1.788154    
   16.57661    
  1.0000000E+14
  0.0000000E+00  4.3047417E-05  1.3167289E-05  5.6393183E-06  2.9115608E-06
  1.6909963E-06  1.0660630E-06  7.1337246E-07
  0.0000000E+00  6.4091633E-05  1.9592435E-05  8.3883860E-06  4.3260520E-06
  2.5117208E-06  1.5820458E-06  1.0572722E-06
  0.0000000E+00  1.0082579E-04  3.0820458E-05  1.3180607E-05  6.7927544E-06
  3.9397978E-06  2.4784231E-06  1.6529036E-06
  0.0000000E+00  1.6971231E-04  5.1811403E-05  2.2155034E-05  1.1406501E-05
  6.6062867E-06  4.1449121E-06  0.0000000E+00
  0.0000000E+00  3.0980288E-04  9.4565796E-05  4.0383591E-05  2.0756528E-05
  1.1992542E-05  7.4960044E-06  0.0000000E+00
  0.0000000E+00  6.2333513E-04  1.8998401E-04  8.1006925E-05  4.1529034E-05
  2.3894514E-05  1.4824188E-05  0.0000000E+00
  0.0000000E+00  1.4046351E-03  4.2727758E-04  1.8167289E-04  9.2754402E-05
  5.2956850E-05  3.2285563E-05  0.0000000E+00
  0.0000000E+00  3.6121472E-03  1.0964306E-03  4.6430476E-04  2.3518913E-04
  1.3191263E-04  7.5625998E-05
  0.0000000E+00  1.0892382E-02  3.2898244E-03  1.3825254E-03  6.8806612E-04
  3.6307939E-04
  0.0000000E+00  3.9904103E-02  1.1960575E-02  4.9360683E-03  2.3100695E-03
  0.0000000E+00  0.1841502      5.4208845E-02  2.1036228E-02
  0.0000000E+00   1.000000      0.2767715    
  0.0000000E+00   4.552477    
   42.22163    
