   100.0000    
  0.0000000E+00  1.4599664E-02  6.1450172E-03  3.6646137E-03  2.5111984E-03
  1.8491042E-03  1.4235723E-03  1.1290594E-03
  0.0000000E+00  1.7791154E-02  7.5251963E-03  4.5156777E-03  3.1145019E-03
  2.3082308E-03  1.7861143E-03  1.4249720E-03
  0.0000000E+00  2.2018479E-02  9.3687018E-03  5.6662937E-03  3.9361706E-03
  2.9395297E-03  2.2914335E-03  1.8379061E-03
  0.0000000E+00  2.7743561E-02  1.1896697E-02  7.2620381E-03  5.0937850E-03
  3.8395857E-03  3.0193168E-03  0.0000000E+00
  0.0000000E+00  3.5750281E-02  1.5467525E-02  9.5562721E-03  6.7847143E-03
  5.1735728E-03  4.1139419E-03  0.0000000E+00
  0.0000000E+00  4.7326427E-02  2.0716686E-02  1.2994122E-02  9.3729002E-03
  7.2606388E-03  5.8496641E-03  0.0000000E+00
  0.0000000E+00  6.4781636E-02  2.8807392E-02  1.8435052E-02  1.3590426E-02
  1.0746081E-02  8.7723965E-03  0.0000000E+00
  0.0000000E+00  9.2595182E-02  4.2091265E-02  2.7715567E-02  2.1052632E-02
  1.7077267E-02  1.3712207E-02
  0.0000000E+00  0.1402576      6.5803476E-02  4.5226764E-02  3.5890259E-02
  2.9353304E-02
  0.0000000E+00  0.2308231      0.1138158      8.3734602E-02  6.9540873E-02
  0.0000000E+00  0.4307111      0.2322229      0.1893897    
  0.0000000E+00   1.000000      0.6408175    
  0.0000000E+00   3.661814    
   27.14166    
   1000.000    
  0.0000000E+00  1.4939232E-02  6.2542674E-03  3.7006689E-03  2.5099004E-03
  1.8257544E-03  1.3874095E-03  1.0838454E-03
  0.0000000E+00  1.8107332E-02  7.6225591E-03  4.5418544E-03  3.1011880E-03
  2.2709272E-03  1.7342619E-03  1.3617370E-03
  0.0000000E+00  2.2313258E-02  9.4592376E-03  5.6807315E-03  3.9096000E-03
  2.8840639E-03  2.2163049E-03  1.7492831E-03
  0.0000000E+00  2.8062269E-02  1.1985525E-02  7.2647822E-03  5.0457460E-03
  3.7539259E-03  2.9059129E-03  0.0000000E+00
  0.0000000E+00  3.6091764E-02  1.5567390E-02  9.5411716E-03  6.7021707E-03
  5.0375531E-03  3.9341799E-03  0.0000000E+00
  0.0000000E+00  4.7712684E-02  2.0811144E-02  1.2948245E-02  9.2284586E-03
  7.0285401E-03  5.5414443E-03  0.0000000E+00
  0.0000000E+00  6.5260142E-02  2.8908918E-02  1.8325822E-02  1.3318312E-02
  1.0312713E-02  8.1797075E-03  0.0000000E+00
  0.0000000E+00  9.3240470E-02  4.2168509E-02  2.7461421E-02  2.0483408E-02
  1.6140925E-02  1.2444353E-02
  0.0000000E+00  0.1411990      6.5806359E-02  4.4558238E-02  3.4412123E-02
  2.6928853E-02
  0.0000000E+00  0.2321453      0.1133961      8.1496656E-02  6.4645633E-02
  0.0000000E+00  0.4326096      0.2292776      0.1786153    
  0.0000000E+00   1.000000      0.6146388    
  0.0000000E+00   3.588693    
   30.06964    
   10000.00    
  0.0000000E+00  1.6922470E-02  6.8949233E-03  3.9236522E-03  2.5606714E-03
  1.7985045E-03  1.3223140E-03  1.0039355E-03
  0.0000000E+00  1.9756002E-02  8.1490222E-03  4.7146790E-03  3.1195066E-03
  2.2156630E-03  1.6437098E-03  1.2558048E-03
  0.0000000E+00  2.3704579E-02  9.8871831E-03  5.8008656E-03  3.8882329E-03
  2.7902399E-03  2.0871048E-03  1.6030435E-03
  0.0000000E+00  2.9253574E-02  1.2331104E-02  7.3317592E-03  4.9731079E-03
  3.6048801E-03  2.7167781E-03  0.0000000E+00
  0.0000000E+00  3.7163846E-02  1.5846780E-02  9.5447982E-03  6.5551619E-03
  4.8012594E-03  3.6442345E-03  0.0000000E+00
  0.0000000E+00  4.8760332E-02  2.1041583E-02  1.2868949E-02  8.9610387E-03
  6.6378065E-03  5.0688707E-03  0.0000000E+00
  0.0000000E+00  6.6378064E-02  2.9096156E-02  1.8116226E-02  1.2824348E-02
  9.6143251E-03  7.3435656E-03  0.0000000E+00
  0.0000000E+00  9.4569065E-02  4.2279940E-02  2.6957892E-02  1.9493636E-02
  1.4757969E-02  1.0848748E-02
  0.0000000E+00  0.1429883      6.5695919E-02  4.3303158E-02  3.2100223E-02
  2.3783287E-02
  0.0000000E+00  0.2345533      0.1124492      7.7777781E-02  5.8048014E-02
  0.0000000E+00  0.4359176      0.2240588      0.1637151    
  0.0000000E+00   1.000000      0.5770694    
  0.0000000E+00   3.482881    
   32.99226    
   100000.0    
  0.0000000E+00  2.6557498E-02  9.4816554E-03  4.7045061E-03  2.7517851E-03
  1.7754248E-03  1.2219896E-03  8.8106381E-04
  0.0000000E+00  2.8502831E-02  1.0549126E-02  5.4161539E-03  3.2528932E-03
  2.1410983E-03  1.4959369E-03  1.0911105E-03
  0.0000000E+00  3.1322334E-02  1.2013051E-02  6.3900515E-03  3.9436100E-03
  2.6483627E-03  1.8788476E-03  1.3838955E-03
  0.0000000E+00  3.5668552E-02  1.4122137E-02  7.7714850E-03  4.9236645E-03
  3.3710909E-03  2.4230485E-03  0.0000000E+00
  0.0000000E+00  4.2464912E-02  1.7274071E-02  9.8017734E-03  6.3617337E-03
  4.4311746E-03  3.2196504E-03  0.0000000E+00
  0.0000000E+00  5.3114995E-02  2.2112779E-02  1.2890914E-02  8.5520800E-03
  6.0453094E-03  4.4237874E-03  0.0000000E+00
  0.0000000E+00  7.0068948E-02  2.9807929E-02  1.7815810E-02  1.2048757E-02
  8.6197983E-03  6.2927851E-03  0.0000000E+00
  0.0000000E+00  9.7980790E-02  4.2624969E-02  2.6101947E-02  1.7988181E-02
  1.2927850E-02  9.0371836E-03
  0.0000000E+00  0.1465156      6.5451860E-02  4.1246001E-02  2.8896824E-02
  2.0118197E-02
  0.0000000E+00  0.2389805      0.1106378      7.2235905E-02  5.0061561E-02
  0.0000000E+00  0.4413938      0.2157104      0.1447919    
  0.0000000E+00   1.000000      0.5279488    
  0.0000000E+00   3.345235    
   33.26767    
   1000000.    
  0.0000000E+00  4.2092945E-02  1.3295442E-02  5.8843200E-03  3.1282736E-03
  1.8667112E-03  1.2058397E-03  8.2425051E-04
  0.0000000E+00  4.6417031E-02  1.4877967E-02  6.6744681E-03  3.5918870E-03
  2.1653851E-03  1.4108995E-03  9.7169285E-04
  0.0000000E+00  5.1164605E-02  1.6750252E-02  7.6685618E-03  4.2003789E-03
  2.5688175E-03  1.6939708E-03  1.1768639E-03
  0.0000000E+00  5.6447122E-02  1.9046027E-02  8.9735882E-03  5.0328765E-03
  3.1383038E-03  2.0996323E-03  0.0000000E+00
  0.0000000E+00  6.2810659E-02  2.2043910E-02  1.0789033E-02  6.2364875E-03
  3.9786026E-03  2.7058956E-03  0.0000000E+00
  0.0000000E+00  7.1726292E-02  2.6367994E-02  1.3496044E-02  8.0697648E-03
  5.2747135E-03  3.6386941E-03  0.0000000E+00
  0.0000000E+00  8.6091608E-02  3.3166166E-02  1.7797839E-02  1.1016383E-02
  7.3531708E-03  5.0919424E-03  0.0000000E+00
  0.0000000E+00  0.1112226      4.4723060E-02  2.5097515E-02  1.6014710E-02
  1.0792377E-02  7.1681715E-03
  0.0000000E+00  0.1574724      6.5864258E-02  3.8426392E-02  2.4986070E-02
  1.6271036E-02
  0.0000000E+00  0.2486348      0.1080241      6.5050706E-02  4.1435417E-02
  0.0000000E+00  0.4504625      0.2039452      0.1235930    
  0.0000000E+00   1.000000      0.4700769    
  0.0000000E+00   3.186225    
   32.96556    
  1.0000000E+07
  0.0000000E+00  5.7270147E-02  1.7611373E-02  7.5857821E-03  3.9355448E-03
  2.2966824E-03  1.4540284E-03  9.7725121E-04
  0.0000000E+00  6.2274881E-02  1.9194312E-02  8.2824640E-03  4.3033175E-03
  2.5156399E-03  1.5943127E-03  1.0710901E-03
  0.0000000E+00  6.9175355E-02  2.1383885E-02  9.2606638E-03  4.8265406E-03
  2.8274884E-03  1.7952606E-03  1.2066351E-03
  0.0000000E+00  7.8265399E-02  2.4341233E-02  1.0597156E-02  5.5526067E-03
  3.2663506E-03  2.0796207E-03  0.0000000E+00
  0.0000000E+00  8.9905210E-02  2.8246446E-02  1.2426539E-02  6.5658768E-03
  3.8900473E-03  2.4881517E-03  0.0000000E+00
  0.0000000E+00  0.1045498      3.3431280E-02  1.4966825E-02  8.0274884E-03
  4.8113745E-03  3.0985782E-03  0.0000000E+00
  0.0000000E+00  0.1233175      4.0597159E-02  1.8701421E-02  1.0274881E-02
  6.2597157E-03  4.0483414E-03  0.0000000E+00
  0.0000000E+00  0.1494787      5.1383883E-02  2.4710901E-02  1.4018958E-02
  8.6786738E-03  5.4360190E-03
  0.0000000E+00  0.1927014      6.9895737E-02  3.5459716E-02  2.0767773E-02
  1.2568721E-02
  0.0000000E+00  0.2777251      0.1064455      5.6815166E-02  3.2938391E-02
  0.0000000E+00  0.4709005      0.1895735      0.1018957    
  0.0000000E+00   1.000000      0.4078673    
  0.0000000E+00   3.008531    
   32.62559    
  1.0000000E+08
  0.0000000E+00  9.6359737E-02  2.9521769E-02  1.2662384E-02  6.5431832E-03
  3.8051391E-03  2.4004283E-03  1.6074233E-03
  0.0000000E+00  0.1000714      3.0656673E-02  1.3147752E-02  6.7915772E-03
  3.9478946E-03  2.4889365E-03  1.6645252E-03
  0.0000000E+00  0.1027837      3.1491794E-02  1.3504639E-02  6.9750175E-03
  4.0521058E-03  2.5524625E-03  1.7037831E-03
  0.0000000E+00  0.1071378      3.2840829E-02  1.4089935E-02  7.2733760E-03
  4.2241253E-03  2.6566738E-03  0.0000000E+00
  0.0000000E+00  0.1157744      3.5503212E-02  1.5239115E-02  7.8729484E-03
  4.5667379E-03  2.8658102E-03  0.0000000E+00
  0.0000000E+00  0.1305496      4.0114202E-02  1.7251963E-02  8.9150602E-03
  5.1691644E-03  3.2298360E-03  0.0000000E+00
  0.0000000E+00  0.1536046      4.7423266E-02  2.0471092E-02  1.0606709E-02
  6.1420416E-03  3.7958599E-03  0.0000000E+00
  0.0000000E+00  0.1883655      5.8693789E-02  2.5567453E-02  1.3319057E-02
  7.6730908E-03  4.5210565E-03
  0.0000000E+00  0.2413276      7.6659530E-02  3.4018558E-02  1.7858671E-02
  9.9286223E-03
  0.0000000E+00  0.3300500      0.1084226      4.9614560E-02  2.5660243E-02
  0.0000000E+00  0.5129907      0.1752320      8.1156321E-02
  0.0000000E+00   1.000000      0.3424697    
  0.0000000E+00   2.778730    
   31.69879    
  1.0000000E+09
  0.0000000E+00  0.1076336      3.2945666E-02  1.4122138E-02  7.2923214E-03
  4.2379880E-03  2.6722045E-03  1.7880556E-03
  0.0000000E+00  0.1316120      4.0273912E-02  1.7256398E-02  8.9043556E-03
  5.1728780E-03  3.2577456E-03  2.1764704E-03
  0.0000000E+00  0.1568029      4.7956888E-02  2.0543331E-02  1.0592725E-02
  6.1472831E-03  3.8652895E-03  2.5765602E-03
  0.0000000E+00  0.1779524      5.4422986E-02  2.3282444E-02  1.1993714E-02
  6.9465647E-03  4.3601259E-03  0.0000000E+00
  0.0000000E+00  0.1894477      5.7880551E-02  2.4750784E-02  1.2734620E-02
  7.3596761E-03  4.6026045E-03  0.0000000E+00
  0.0000000E+00  0.1934890      5.9092946E-02  2.5235740E-02  1.2959137E-02
  7.4629546E-03  4.6340367E-03  0.0000000E+00
  0.0000000E+00  0.2014369      6.1472829E-02  2.6214639E-02  1.3421644E-02
  7.6829814E-03  4.6924115E-03  0.0000000E+00
  0.0000000E+00  0.2248316      6.8567581E-02  2.9187247E-02  1.4867534E-02
  8.3834752E-03  4.8316121E-03
  0.0000000E+00  0.2739560      8.3565332E-02  3.5473730E-02  1.7849125E-02
  9.5285131E-03
  0.0000000E+00  0.3663224      0.1119443      4.7283340E-02  2.2676244E-02
  0.0000000E+00  0.5491692      0.1682533      6.8792097E-02
  0.0000000E+00   1.000000      0.2947014    
  0.0000000E+00   2.560844    
   30.16165    
  1.0000000E+10
  0.0000000E+00  6.3420154E-02  1.9413363E-02  8.3193649E-03  4.2967158E-03
  2.4960362E-03  1.5741789E-03  1.0532276E-03
  0.0000000E+00  8.4235556E-02  2.5775764E-02  1.1041902E-02  5.6987545E-03
  3.3091733E-03  2.0835786E-03  1.3918460E-03
  0.0000000E+00  0.1142242      3.4926385E-02  1.4955832E-02  7.7100797E-03
  4.4711209E-03  2.8108719E-03  1.8738392E-03
  0.0000000E+00  0.1571461      4.8040770E-02  2.0545866E-02  1.0579841E-02
  6.1268401E-03  3.8437147E-03  0.0000000E+00
  0.0000000E+00  0.2154926      6.5798417E-02  2.8108720E-02  1.4455265E-02
  8.3510755E-03  5.2163079E-03  0.0000000E+00
  0.0000000E+00  0.2831257      8.6364664E-02  3.6828991E-02  1.8894678E-02
  1.0869762E-02  6.7406567E-03  0.0000000E+00
  0.0000000E+00  0.3352208      0.1020612      4.3442808E-02  2.2190260E-02
  1.2672707E-02  7.7236695E-03  0.0000000E+00
  0.0000000E+00  0.3506229      0.1065459      4.5164213E-02  2.2921856E-02
  1.2865232E-02  7.3816534E-03
  0.0000000E+00  0.3614949      0.1094904      4.6115514E-02  2.3012457E-02
  1.2165345E-02
  0.0000000E+00  0.4206116      0.1265685      5.2480184E-02  2.4688562E-02
  0.0000000E+00  0.5823330      0.1728652      6.7814268E-02
  0.0000000E+00   1.000000      0.2806342    
  0.0000000E+00   2.450736    
   28.94677    
  9.9999998E+10
  0.0000000E+00  2.3341404E-02  7.1444712E-03  3.0621469E-03  1.5811138E-03
  9.1848266E-04  5.7925750E-04  3.8757062E-04
  0.0000000E+00  3.1606134E-02  9.6690878E-03  4.1428572E-03  2.1380144E-03
  1.2413237E-03  7.8167877E-04  5.2219530E-04
  0.0000000E+00  4.4326067E-02  1.3551251E-02  5.8030668E-03  2.9919290E-03
  1.7352704E-03  1.0912026E-03  7.2695717E-04
  0.0000000E+00  6.4737692E-02  1.9782081E-02  8.4665054E-03  4.3575461E-03
  2.5230024E-03  1.5827280E-03  0.0000000E+00
  0.0000000E+00  9.9031471E-02  3.0234059E-02  1.2913640E-02  6.6400324E-03
  3.8353512E-03  2.3954804E-03  0.0000000E+00
  0.0000000E+00  0.1585149      4.8353512E-02  2.0621467E-02  1.0573043E-02
  6.0823243E-03  3.7707828E-03  0.0000000E+00
  0.0000000E+00  0.2611784      7.9507671E-02  3.3825666E-02  1.7271994E-02
  9.8627927E-03  6.0072639E-03  0.0000000E+00
  0.0000000E+00  0.4150121      0.1259887      5.3389829E-02  2.7062148E-02
  1.5181598E-02  8.7005645E-03
  0.0000000E+00  0.5546408      0.1677159      7.0524618E-02  3.5125103E-02
  1.8539144E-02
  0.0000000E+00  0.5954802      0.1786925      7.3849879E-02  3.4616623E-02
  0.0000000E+00  0.6685230      0.1972558      7.6731235E-02
  0.0000000E+00   1.000000      0.2777240    
  0.0000000E+00   2.308313    
   26.86844    
  1.0000000E+12
  0.0000000E+00  4.8068669E-03  1.4712777E-03  6.3057116E-04  3.2552000E-04
  1.8917135E-04  1.1928029E-04  7.9811820E-05
  0.0000000E+00  6.5368107E-03  2.0006602E-03  8.5688347E-04  4.4206009E-04
  2.5668537E-04  1.6167053E-04  1.0800595E-04
  0.0000000E+00  9.2373723E-03  2.8243645E-03  1.2093100E-03  6.2347314E-04
  3.6150546E-04  2.2730275E-04  1.5148564E-04
  0.0000000E+00  1.3682734E-02  4.1812481E-03  1.7877187E-03  9.2093099E-04
  5.3317926E-04  3.3443380E-04  0.0000000E+00
  0.0000000E+00  2.1492243E-02  6.5632220E-03  2.8045562E-03  1.4413998E-03
  8.3245296E-04  5.1997358E-04  0.0000000E+00
  0.0000000E+00  3.6332123E-02  1.1081216E-02  4.7259824E-03  2.4232420E-03
  1.3938594E-03  8.6414657E-04  0.0000000E+00
  0.0000000E+00  6.7068338E-02  2.0419281E-02  8.6860349E-03  4.4354573E-03
  2.5321890E-03  1.5422582E-03  0.0000000E+00
  0.0000000E+00  0.1361670      4.1350283E-02  1.7514031E-02  8.8742161E-03
  4.9768900E-03  2.8524266E-03
  0.0000000E+00  0.2949818      8.9187853E-02  3.7487619E-02  1.8669529E-02
  9.8448331E-03
  0.0000000E+00  0.5878177      0.1762958      7.2812811E-02  3.4103666E-02
  0.0000000E+00  0.8220535      0.2421591      9.4073959E-02
  0.0000000E+00   1.000000      0.2769891    
  0.0000000E+00   1.941235    
   21.52526    
  9.9999998E+12
  0.0000000E+00  5.8157160E-04  1.7802154E-04  7.6306344E-05  3.9389710E-05
  2.2895892E-05  1.4433586E-05  9.6569611E-06
  0.0000000E+00  7.9178304E-04  2.4232150E-04  1.0378940E-04  5.3550059E-05
  3.1092943E-05  1.9583167E-05  1.3081372E-05
  0.0000000E+00  1.1208616E-03  3.4284007E-04  1.4674911E-04  7.5648190E-05
  4.3877142E-05  2.7582768E-05  1.8382529E-05
  0.0000000E+00  1.6659354E-03  5.0917431E-04  2.1779021E-04  1.1212606E-04
  6.4918233E-05  4.0725969E-05  0.0000000E+00
  0.0000000E+00  2.6346231E-03  8.0434786E-04  3.4363783E-04  1.7664539E-04
  1.0201436E-04  6.3721585E-05  0.0000000E+00
  0.0000000E+00  4.5113685E-03  1.3761468E-03  5.8695651E-04  3.0095733E-04
  1.7309534E-04  1.0729956E-04  0.0000000E+00
  0.0000000E+00  8.5719991E-03  2.6086958E-03  1.1098923E-03  5.6681293E-04
  3.2349423E-04  1.9706821E-04  0.0000000E+00
  0.0000000E+00  1.8577982E-02  5.6402078E-03  2.3893099E-03  1.2106104E-03
  6.7889906E-04  3.8911050E-04
  0.0000000E+00  4.7267653E-02  1.4289989E-02  6.0051857E-03  2.9896291E-03
  1.5767850E-03
  0.0000000E+00  0.1419426      4.2560831E-02  1.7572796E-02  8.2269646E-03
  0.0000000E+00  0.4533307      0.1335062      5.1814917E-02
  0.0000000E+00   1.000000      0.2768249    
  0.0000000E+00   1.695852    
   16.08297    
  1.0000000E+14
  0.0000000E+00  1.4727273E-04  4.5070708E-05  1.9318182E-05  9.9747476E-06
  5.7979801E-06  3.6540405E-06  2.4449496E-06
  0.0000000E+00  2.0050505E-04  6.1363637E-05  2.6277778E-05  1.3560606E-05
  7.8737376E-06  4.9585860E-06  3.3126264E-06
  0.0000000E+00  2.8388889E-04  8.6818181E-05  3.7161619E-05  1.9161616E-05
  1.1111111E-05  6.9848484E-06  4.6565656E-06
  0.0000000E+00  4.2222222E-04  1.2904040E-04  5.5202017E-05  2.8419194E-05
  1.6454545E-05  1.0323232E-05  0.0000000E+00
  0.0000000E+00  6.6868687E-04  2.0414141E-04  8.7222223E-05  4.4833334E-05
  2.5893940E-05  1.6176768E-05  0.0000000E+00
  0.0000000E+00  1.1484849E-03  3.5030302E-04  1.4939395E-04  7.6616161E-05
  4.4065659E-05  2.7323233E-05  0.0000000E+00
  0.0000000E+00  2.1959597E-03  6.6818180E-04  2.8434343E-04  1.4520202E-04
  8.2878789E-05  5.0494949E-05  0.0000000E+00
  0.0000000E+00  4.8282831E-03  1.4656566E-03  6.2070711E-04  3.1454547E-04
  1.7641413E-04  1.0111112E-04
  0.0000000E+00  1.2722222E-02  3.8454547E-03  1.6161617E-03  8.0454547E-04
  4.2434342E-04
  0.0000000E+00  4.2085860E-02  1.2616162E-02  5.2070711E-03  2.4378789E-03
  0.0000000E+00  0.1828283      5.3838383E-02  2.0888889E-02
  0.0000000E+00   1.000000      0.2766667    
  0.0000000E+00   4.017677    
   35.06565    
