   100.0000    
  0.0000000E+00  1.5611336E-02  5.4137656E-03  2.6647775E-03  1.5376519E-03
  9.7408908E-04  6.5740896E-04  4.6453442E-04
  0.0000000E+00  1.9206477E-02  6.6599189E-03  3.2817817E-03  1.8955467E-03
  1.2016195E-03  8.1133610E-04  5.7344133E-04
  0.0000000E+00  2.3991905E-02  8.3238864E-03  4.1068830E-03  2.3748989E-03
  1.5068826E-03  1.0178138E-03  7.1902835E-04
  0.0000000E+00  3.0534415E-02  1.0599190E-02  5.2364375E-03  3.0323886E-03
  1.9263158E-03  1.3012147E-03  0.0000000E+00
  0.0000000E+00  3.9716601E-02  1.3789475E-02  6.8267211E-03  3.9595147E-03
  2.5182187E-03  1.7004049E-03  0.0000000E+00
  0.0000000E+00  5.3028341E-02  1.8429151E-02  9.1417003E-03  5.3133606E-03
  3.3813769E-03  2.2769230E-03  0.0000000E+00
  0.0000000E+00  7.3125504E-02  2.5433199E-02  1.2655871E-02  7.3716599E-03
  4.6874499E-03  3.1222673E-03  0.0000000E+00
  0.0000000E+00  0.1050202      3.6566801E-02  1.8259110E-02  1.0655871E-02
  6.7271255E-03  4.2477734E-03
  0.0000000E+00  0.1590284      5.5457491E-02  2.7813766E-02  1.6194332E-02
  9.7570848E-03
  0.0000000E+00  0.2589474      9.0445347E-02  4.5465589E-02  2.5522269E-02
  0.0000000E+00  0.4683401      0.1632389      8.0210529E-02
  0.0000000E+00   1.000000      0.3386235    
  0.0000000E+00   2.863158    
   23.54656    
   1000.000    
  0.0000000E+00  1.5691189E-02  5.4236059E-03  2.6628943E-03  1.5327405E-03
  9.6847216E-04  6.5189978E-04  4.5933711E-04
  0.0000000E+00  1.9264350E-02  6.6677448E-03  3.2789004E-03  1.8892481E-03
  1.1948262E-03  8.0460793E-04  5.6669360E-04
  0.0000000E+00  2.4050122E-02  8.3265975E-03  4.1018594E-03  2.3670171E-03
  1.4979790E-03  1.0088924E-03  7.1002427E-04
  0.0000000E+00  3.0582055E-02  1.0606306E-02  5.2295877E-03  3.0210188E-03
  1.9143089E-03  1.2886015E-03  0.0000000E+00
  0.0000000E+00  3.9765563E-02  1.3791431E-02  6.8156831E-03  3.9442200E-03
  2.5004041E-03  1.6822959E-03  0.0000000E+00
  0.0000000E+00  5.3080034E-02  1.8423608E-02  9.1269203E-03  5.2902182E-03
  3.3548910E-03  2.2481810E-03  0.0000000E+00
  0.0000000E+00  7.3185131E-02  2.5424415E-02  1.2627324E-02  7.3330640E-03
  4.6418756E-03  3.0719482E-03  0.0000000E+00
  0.0000000E+00  0.1050930      3.6556184E-02  1.8213421E-02  1.0590138E-02
  6.6410676E-03  4.1527892E-03
  0.0000000E+00  0.1591754      5.5424418E-02  2.7712209E-02  1.6038803E-02
  9.5715439E-03
  0.0000000E+00  0.2591754      9.0299115E-02  4.5206144E-02  2.5125304E-02
  0.0000000E+00  0.4685530      0.1628133      7.9272434E-02
  0.0000000E+00   1.000000      0.3361358    
  0.0000000E+00   2.856912    
   26.07114    
   10000.00    
  0.0000000E+00  1.6201613E-02  5.4967743E-03  2.6645162E-03  1.5201613E-03
  9.5403224E-04  6.3870969E-04  4.4774194E-04
  0.0000000E+00  1.9701613E-02  6.7258063E-03  3.2758065E-03  1.8741935E-03
  1.1790323E-03  7.8935485E-04  5.5314519E-04
  0.0000000E+00  2.4403226E-02  8.3709676E-03  4.0951613E-03  2.3483871E-03
  1.4790323E-03  9.9032256E-04  6.9330644E-04
  0.0000000E+00  3.0870968E-02  1.0637097E-02  5.2169356E-03  2.9983872E-03
  1.8895161E-03  1.2653226E-03  0.0000000E+00
  0.0000000E+00  3.9999999E-02  1.3814517E-02  6.7959679E-03  3.9137099E-03
  2.4677420E-03  1.6491937E-03  0.0000000E+00
  0.0000000E+00  5.3290322E-02  1.8443549E-02  9.0967743E-03  5.2451617E-03
  3.3056452E-03  2.1983872E-03  0.0000000E+00
  0.0000000E+00  7.3387094E-02  2.5427420E-02  1.2572581E-02  7.2612902E-03
  4.5629032E-03  2.9927420E-03  0.0000000E+00
  0.0000000E+00  0.1053226      3.6540326E-02  1.8120969E-02  1.0459677E-02
  6.5008067E-03  4.0177419E-03
  0.0000000E+00  0.1594355      5.5362903E-02  2.7524196E-02  1.5782258E-02
  9.2903227E-03
  0.0000000E+00  0.2595968      9.0080649E-02  4.4741936E-02  2.4516128E-02
  0.0000000E+00  0.4691129      0.1620968      7.7806450E-02
  0.0000000E+00   1.000000      0.3322580    
  0.0000000E+00   2.846774    
   31.63710    
   100000.0    
  0.0000000E+00  1.8121989E-02  5.8988766E-03  2.7303370E-03  1.5064206E-03
  9.2375604E-04  6.0858746E-04  4.2182987E-04
  0.0000000E+00  2.1589085E-02  7.0802569E-03  3.3170143E-03  1.8467094E-03
  1.1396469E-03  7.5321028E-04  5.2295346E-04
  0.0000000E+00  2.6195824E-02  8.6677363E-03  4.1075442E-03  2.3065810E-03
  1.4301765E-03  9.4783306E-04  6.5810594E-04
  0.0000000E+00  3.2495987E-02  1.0858748E-02  5.2022468E-03  2.9406101E-03
  1.8306581E-03  1.2142857E-03  0.0000000E+00
  0.0000000E+00  4.1388441E-02  1.3972713E-02  6.7536118E-03  3.8386837E-03
  2.3948636E-03  1.5858748E-03  0.0000000E+00
  0.0000000E+00  5.4398075E-02  1.8531300E-02  9.0208668E-03  5.1452648E-03
  3.2094703E-03  2.1147672E-03  0.0000000E+00
  0.0000000E+00  7.4245587E-02  2.5457464E-02  1.2455858E-02  7.1179774E-03
  4.4245585E-03  2.8699839E-03  0.0000000E+00
  0.0000000E+00  0.1060193      3.6484752E-02  1.7921349E-02  1.0232745E-02
  6.2760836E-03  3.8306580E-03
  0.0000000E+00  0.1600321      5.5184588E-02  2.7150882E-02  1.5361155E-02
  8.9004813E-03
  0.0000000E+00  0.2601123      8.9646868E-02  4.3924559E-02  2.3619583E-02
  0.0000000E+00  0.4697432      0.1606742      7.5553775E-02
  0.0000000E+00   1.000000      0.3260032    
  0.0000000E+00   2.829855    
   33.79615    
   1000000.    
  0.0000000E+00  2.1466136E-02  6.7115533E-03  2.9450196E-03  1.5537848E-03
  9.1952190E-04  5.8916333E-04  3.9976093E-04
  0.0000000E+00  2.5370516E-02  7.9840636E-03  3.5306772E-03  1.8749004E-03
  1.1163347E-03  7.1784860E-04  4.8844621E-04
  0.0000000E+00  3.0366534E-02  9.6254973E-03  4.3011950E-03  2.3035856E-03
  1.3800797E-03  8.9243025E-04  6.0852588E-04
  0.0000000E+00  3.6964145E-02  1.1816733E-02  5.3458167E-03  2.8932269E-03
  1.7466135E-03  1.1338644E-03  0.0000000E+00
  0.0000000E+00  4.6047807E-02  1.4844621E-02  6.8151392E-03  3.7306773E-03
  2.2685258E-03  1.4772908E-03  0.0000000E+00
  0.0000000E+00  5.9075695E-02  1.9227091E-02  8.9641428E-03  4.9633463E-03
  3.0342629E-03  1.9729084E-03  0.0000000E+00
  0.0000000E+00  7.8621507E-02  2.5904384E-02  1.2262948E-02  6.8470114E-03
  4.1864542E-03  2.6852589E-03  0.0000000E+00
  0.0000000E+00  0.1097211      3.6637448E-02  1.7553784E-02  9.8326690E-03
  5.9378482E-03  3.5848604E-03
  0.0000000E+00  0.1629482      5.4996014E-02  2.6509959E-02  1.4709163E-02
  8.3824703E-03
  0.0000000E+00  0.2623107      8.8844612E-02  4.2637449E-02  2.2422310E-02
  0.0000000E+00  0.4714741      0.1583267      7.2454184E-02
  0.0000000E+00   1.000000      0.3170518    
  0.0000000E+00   2.806374    
   34.11155    
  1.0000000E+07
  0.0000000E+00  2.4496855E-02  7.5275153E-03  3.2397797E-03  1.6792453E-03
  9.7955973E-04  6.1933964E-04  4.1564467E-04
  0.0000000E+00  2.8962264E-02  8.9072334E-03  3.8396225E-03  1.9921383E-03
  1.1627359E-03  7.3561323E-04  4.9347483E-04
  0.0000000E+00  3.4803458E-02  1.0731132E-02  4.6336479E-03  2.4088051E-03
  1.4072327E-03  8.9072331E-04  5.9732707E-04
  0.0000000E+00  4.2523585E-02  1.3152516E-02  5.7004718E-03  2.9724843E-03
  1.7405660E-03  1.1029874E-03  0.0000000E+00
  0.0000000E+00  5.2885219E-02  1.6430818E-02  7.1658804E-03  3.7547171E-03
  2.2051886E-03  1.3985849E-03  0.0000000E+00
  0.0000000E+00  6.7201257E-02  2.1014152E-02  9.2452830E-03  4.8797172E-03
  2.8789309E-03  1.8246856E-03  0.0000000E+00
  0.0000000E+00  8.7971695E-02  2.7704403E-02  1.2342767E-02  6.5746857E-03
  3.8922958E-03  2.4465409E-03  0.0000000E+00
  0.0000000E+00  0.1200472      3.8081761E-02  1.7232705E-02  9.2688678E-03
  5.4606921E-03  3.2586476E-03
  0.0000000E+00  0.1735063      5.5518866E-02  2.5526730E-02  1.3734277E-02
  7.6949685E-03
  0.0000000E+00  0.2715409      8.7893084E-02  4.0628932E-02  2.0825472E-02
  0.0000000E+00  0.4773585      0.1545598      6.8278305E-02
  0.0000000E+00   1.000000      0.3046384    
  0.0000000E+00   2.772012    
   34.14308    
  1.0000000E+08
  0.0000000E+00  2.9787395E-02  9.1268038E-03  3.9134398E-03  2.0220198E-03
  1.1761580E-03  7.4176159E-04  4.9658318E-04
  0.0000000E+00  3.4631740E-02  1.0607441E-02  4.5482158E-03  2.3492787E-03
  1.3652241E-03  8.6028856E-04  5.7539862E-04
  0.0000000E+00  4.0546700E-02  1.2414578E-02  5.3242217E-03  2.7486715E-03
  1.5968110E-03  1.0053152E-03  6.7069102E-04
  0.0000000E+00  4.8238423E-02  1.4776007E-02  6.3340929E-03  3.2687928E-03
  1.8967350E-03  1.1921034E-03  0.0000000E+00
  0.0000000E+00  5.8883831E-02  1.8041002E-02  7.7372822E-03  3.9908886E-03
  2.3128323E-03  1.4495065E-03  0.0000000E+00
  0.0000000E+00  7.4206531E-02  2.2748671E-02  9.7646173E-03  5.0349277E-03
  2.9119211E-03  1.8147306E-03  0.0000000E+00
  0.0000000E+00  9.6810937E-02  2.9711466E-02  1.2771450E-02  6.5869400E-03
  3.7949889E-03  2.3325742E-03  0.0000000E+00
  0.0000000E+00  0.1312073      4.0372059E-02  1.7410783E-02  8.9749433E-03
  5.1199696E-03  2.9817768E-03
  0.0000000E+00  0.1870160      5.7646167E-02  2.4988610E-02  1.2824601E-02
  6.9658314E-03
  0.0000000E+00  0.2872438      8.8230826E-02  3.8329538E-02  1.8876234E-02
  0.0000000E+00  0.4925588      0.1492027      6.2611997E-02
  0.0000000E+00   1.000000      0.2858011    
  0.0000000E+00   2.700835    
   33.79651    
  1.0000000E+09
  0.0000000E+00  3.2938253E-02  1.0085167E-02  4.3215044E-03  2.2313697E-03
  1.2966642E-03  8.1760116E-04  5.4719660E-04
  0.0000000E+00  3.9858058E-02  1.2193045E-02  5.2256919E-03  2.6969481E-03
  1.5656493E-03  9.8651520E-04  6.5897801E-04
  0.0000000E+00  4.8445709E-02  1.4819020E-02  6.3456353E-03  3.2718237E-03
  1.8977998E-03  1.1937544E-03  7.9559977E-04
  0.0000000E+00  5.8970902E-02  1.8026970E-02  7.7146911E-03  3.9737402E-03
  2.3016324E-03  1.4442867E-03  0.0000000E+00
  0.0000000E+00  7.1682043E-02  2.1909155E-02  9.3683470E-03  4.8176008E-03
  2.7842440E-03  1.7402414E-03  0.0000000E+00
  0.0000000E+00  8.7437898E-02  2.6685592E-02  1.1391058E-02  5.8481190E-03
  3.3676366E-03  2.0901349E-03  0.0000000E+00
  0.0000000E+00  0.1087296      3.3158269E-02  1.4130589E-02  7.2320797E-03
  4.1355575E-03  2.5244856E-03  0.0000000E+00
  0.0000000E+00  0.1418737      4.3193754E-02  1.8360540E-02  9.3328608E-03
  5.2555003E-03  3.0234209E-03
  0.0000000E+00  0.1975870      5.9999999E-02  2.5379702E-02  1.2725336E-02
  6.7615327E-03
  0.0000000E+00  0.2973740      8.9779988E-02  3.7544359E-02  1.7828247E-02
  0.0000000E+00  0.4995032      0.1475514      5.8594748E-02
  0.0000000E+00   1.000000      0.2687722    
  0.0000000E+00   2.615330    
   33.03052    
  1.0000000E+10
  0.0000000E+00  3.1755872E-02  9.7193206E-03  4.1664490E-03  2.1507833E-03
  1.2500000E-03  7.8785903E-04  5.2728457E-04
  0.0000000E+00  3.9223235E-02  1.2003916E-02  5.1409919E-03  2.6527415E-03
  1.5404698E-03  9.6997386E-04  6.4797647E-04
  0.0000000E+00  4.9138382E-02  1.5026108E-02  6.4334203E-03  3.3165794E-03
  1.9236292E-03  1.2095300E-03  8.0613577E-04
  0.0000000E+00  6.2467359E-02  1.9092688E-02  8.1657963E-03  4.2049610E-03
  2.4347259E-03  1.5274151E-03  0.0000000E+00
  0.0000000E+00  8.0548301E-02  2.4588771E-02  1.0509138E-02  5.4014358E-03
  3.1201045E-03  1.9490861E-03  0.0000000E+00
  0.0000000E+00  0.1048956      3.1997390E-02  1.3648825E-02  6.9973883E-03
  4.0267622E-03  2.4967361E-03  0.0000000E+00
  0.0000000E+00  0.1369452      4.1703653E-02  1.7748041E-02  9.0665799E-03
  5.1755873E-03  3.1540468E-03  0.0000000E+00
  0.0000000E+00  0.1774151      5.3909920E-02  2.2852480E-02  1.1586161E-02
  6.5039163E-03  3.7304177E-03
  0.0000000E+00  0.2315927      7.0104435E-02  2.9497389E-02  1.4706266E-02
  7.7741509E-03
  0.0000000E+00  0.3248694      9.7584859E-02  4.0411226E-02  1.8981723E-02
  0.0000000E+00  0.5192558      0.1532637      5.9810702E-02
  0.0000000E+00   1.000000      0.2736292    
  0.0000000E+00   2.624021    
   32.87859    
  9.9999998E+10
  0.0000000E+00  2.6699293E-02  8.1729200E-03  3.5029908E-03  1.8085915E-03
  1.0511148E-03  6.6286023E-04  4.4333877E-04
  0.0000000E+00  3.3132136E-02  1.0135943E-02  4.3425774E-03  2.2403479E-03
  1.3007069E-03  8.1946707E-04  5.4703641E-04
  0.0000000E+00  4.1816205E-02  1.2789559E-02  5.4758019E-03  2.8221859E-03
  1.6367590E-03  1.0293637E-03  6.8569870E-04
  0.0000000E+00  5.3833604E-02  1.6454594E-02  7.0364326E-03  3.6237086E-03
  2.0978793E-03  1.3159326E-03  0.0000000E+00
  0.0000000E+00  7.0908099E-02  2.1653071E-02  9.2495922E-03  4.7547580E-03
  2.7460577E-03  1.7150624E-03  0.0000000E+00
  0.0000000E+00  9.5867313E-02  2.9238716E-02  1.2468733E-02  6.3947793E-03
  3.6775419E-03  2.2800434E-03  0.0000000E+00
  0.0000000E+00  0.1333877      4.0614463E-02  1.7275693E-02  8.8200113E-03
  5.0358889E-03  3.0674280E-03  0.0000000E+00
  0.0000000E+00  0.1907558      5.7911906E-02  2.4535073E-02  1.2436106E-02
  6.9711795E-03  3.9961934E-03
  0.0000000E+00  0.2765090      8.3632410E-02  3.5144102E-02  1.7498640E-02
  9.2332782E-03
  0.0000000E+00  0.3941816      0.1182708      4.8858073E-02  2.2887439E-02
  0.0000000E+00  0.5704187      0.1680805      6.5361604E-02
  0.0000000E+00   1.000000      0.2767265    
  0.0000000E+00   2.548668    
   31.45731    
  1.0000000E+12
  0.0000000E+00  1.7896652E-02  5.4767109E-03  2.3478896E-03  1.2121544E-03
  7.0451241E-04  4.4395923E-04  2.9716158E-04
  0.0000000E+00  2.2223435E-02  6.8013105E-03  2.9130278E-03  1.5029112E-03
  8.7263464E-04  5.4949056E-04  3.6717614E-04
  0.0000000E+00  2.8089521E-02  8.5917031E-03  3.6790394E-03  1.8959244E-03
  1.0993450E-03  6.9141196E-04  4.6069873E-04
  0.0000000E+00  3.6251821E-02  1.1077148E-02  4.7379914E-03  2.4399564E-03
  1.4126638E-03  8.8609901E-04  0.0000000E+00
  0.0000000E+00  4.7962155E-02  1.4643377E-02  6.2554586E-03  3.2157933E-03
  1.8573508E-03  1.1601165E-03  0.0000000E+00
  0.0000000E+00  6.5393016E-02  1.9941775E-02  8.5043674E-03  4.3595340E-03
  2.5080058E-03  1.5545852E-03  0.0000000E+00
  0.0000000E+00  9.2540033E-02  2.8169578E-02  1.1983261E-02  6.1171763E-03
  3.4923584E-03  2.1273654E-03  0.0000000E+00
  0.0000000E+00  0.1371543      4.1630279E-02  1.7638283E-02  8.9374091E-03
  5.0109173E-03  2.8715432E-03
  0.0000000E+00  0.2149563      6.4992726E-02  2.7310772E-02  1.3595344E-02
  7.1724891E-03
  0.0000000E+00  0.3573508      0.1071688      4.4250365E-02  2.0713247E-02
  0.0000000E+00  0.6084425      0.1791849      6.9577873E-02
  0.0000000E+00   1.000000      0.2768195    
  0.0000000E+00   2.243814    
   26.61936    
  9.9999998E+12
  0.0000000E+00  1.0521926E-02  3.2213905E-03  1.3803210E-03  7.1272731E-04
  4.1411768E-04  2.6117649E-04  1.7471660E-04
  0.0000000E+00  1.3069520E-02  3.9978614E-03  1.7129412E-03  8.8385027E-04
  5.1315507E-04  3.2320857E-04  2.1582888E-04
  0.0000000E+00  1.6521925E-02  5.0524068E-03  2.1625669E-03  1.1150802E-03
  6.4663106E-04  4.0663104E-04  2.7101606E-04
  0.0000000E+00  2.1330481E-02  6.5176478E-03  2.7871660E-03  1.4357220E-03
  8.3122996E-04  5.2128348E-04  0.0000000E+00
  0.0000000E+00  2.8235296E-02  8.6224601E-03  3.6834225E-03  1.8934760E-03
  1.0936899E-03  6.8299467E-04  0.0000000E+00
  0.0000000E+00  3.8566846E-02  1.1760429E-02  5.0160429E-03  2.5711232E-03
  1.4791444E-03  9.1679150E-04  0.0000000E+00
  0.0000000E+00  5.4737974E-02  1.6665241E-02  7.0887706E-03  3.6192513E-03
  2.0660963E-03  1.2583958E-03  0.0000000E+00
  0.0000000E+00  8.1711233E-02  2.4812836E-02  1.0509091E-02  5.3240643E-03
  2.9860965E-03  1.7108022E-03
  0.0000000E+00  0.1304385      3.9422464E-02  1.6571123E-02  8.2502672E-03
  4.3508024E-03
  0.0000000E+00  0.2282353      6.8427816E-02  2.8256685E-02  1.3221391E-02
  0.0000000E+00  0.4511230      0.1328342      5.1550806E-02
  0.0000000E+00   1.000000      0.2767915    
  0.0000000E+00   2.181818    
   22.88770    
  1.0000000E+14
  0.0000000E+00  8.5667009E-03  2.6227795E-03  1.1239985E-03  5.8028562E-04
  3.3716473E-04  2.1264367E-04  1.4225008E-04
  0.0000000E+00  1.0640891E-02  3.2567049E-03  1.3948102E-03  7.1960984E-04
  4.1779867E-04  2.6314872E-04  1.7572274E-04
  0.0000000E+00  1.3453499E-02  4.1135489E-03  1.7607105E-03  9.0804591E-04
  5.2664574E-04  3.3106931E-04  2.2065481E-04
  0.0000000E+00  1.7368512E-02  5.3082546E-03  2.2709856E-03  1.1691048E-03
  6.7694177E-04  4.2459072E-04  0.0000000E+00
  0.0000000E+00  2.3005920E-02  7.0219431E-03  3.0006964E-03  1.5421456E-03
  8.9063036E-04  5.5625214E-04  0.0000000E+00
  0.0000000E+00  3.1417623E-02  9.5802853E-03  4.0856842E-03  2.0950886E-03
  1.2048066E-03  7.4695220E-04  0.0000000E+00
  0.0000000E+00  4.4618599E-02  1.3584116E-02  5.7784738E-03  2.9501915E-03
  1.6839080E-03  1.0256007E-03  0.0000000E+00
  0.0000000E+00  6.6684075E-02  2.0254266E-02  8.5771503E-03  4.3451758E-03
  2.4364332E-03  1.3962034E-03
  0.0000000E+00  0.1067921      3.2288399E-02  1.3568442E-02  6.7537446E-03
  3.5632181E-03
  0.0000000E+00  0.1887844      5.6583073E-02  2.3354232E-02  1.0935213E-02
  0.0000000E+00  0.3867990      0.1138976      4.4200625E-02
  0.0000000E+00   1.000000      0.2767328    
  0.0000000E+00   3.409962    
   33.99512    
