   100.0000    
  0.0000000E+00  1.5680473E-02  5.2968441E-03  2.5522681E-03  1.4477317E-03
  9.0552267E-04  6.0483231E-04  4.2386589E-04
  0.0000000E+00  1.9299803E-02  6.5177511E-03  3.1420118E-03  1.7840236E-03
  1.1163708E-03  7.4585795E-04  5.2238657E-04
  0.0000000E+00  2.4132149E-02  8.1479289E-03  3.9309664E-03  2.2337278E-03
  1.3984221E-03  9.3431951E-04  6.5394479E-04
  0.0000000E+00  3.0729782E-02  1.0374754E-02  5.0098617E-03  2.8491123E-03
  1.7850099E-03  1.1923077E-03  0.0000000E+00
  0.0000000E+00  3.9990138E-02  1.3500986E-02  6.5266271E-03  3.7159764E-03
  2.3284024E-03  1.5532544E-03  0.0000000E+00
  0.0000000E+00  5.3422090E-02  1.8027613E-02  8.7297829E-03  4.9763313E-03
  3.1173569E-03  2.0719923E-03  0.0000000E+00
  0.0000000E+00  7.3717952E-02  2.4871795E-02  1.2061143E-02  6.8826429E-03
  4.3027611E-03  2.8254436E-03  0.0000000E+00
  0.0000000E+00  0.1059172      3.5719924E-02  1.7357001E-02  9.9013802E-03
  6.1341221E-03  3.8116369E-03
  0.0000000E+00  0.1604536      5.4053254E-02  2.6311636E-02  1.4930966E-02
  8.8017751E-03
  0.0000000E+00  0.2610454      8.7761335E-02  4.2633135E-02  2.3214990E-02
  0.0000000E+00  0.4711045      0.1571006      7.3915184E-02
  0.0000000E+00   1.000000      0.3193294    
  0.0000000E+00   2.820513    
   23.42209    
   1000.000    
  0.0000000E+00  1.5743842E-02  5.3054183E-03  2.5507389E-03  1.4443350E-03
  9.0128079E-04  6.0068967E-04  4.1990145E-04
  0.0000000E+00  1.9349754E-02  6.5251230E-03  3.1399014E-03  1.7793103E-03
  1.1113300E-03  7.4059115E-04  5.1743840E-04
  0.0000000E+00  2.4177339E-02  8.1536947E-03  3.9280788E-03  2.2275862E-03
  1.3921182E-03  9.2748762E-04  6.4719206E-04
  0.0000000E+00  3.0768473E-02  1.0374384E-02  5.0049257E-03  2.8413793E-03
  1.7753694E-03  1.1822659E-03  0.0000000E+00
  0.0000000E+00  4.0029556E-02  1.3507389E-02  6.5192115E-03  3.7044333E-03
  2.3152709E-03  1.5399015E-03  0.0000000E+00
  0.0000000E+00  5.3467982E-02  1.8039409E-02  8.7182261E-03  4.9586208E-03
  3.0975367E-03  2.0502463E-03  0.0000000E+00
  0.0000000E+00  7.3763549E-02  2.4876848E-02  1.2039409E-02  6.8541872E-03
  4.2689657E-03  2.7881772E-03  0.0000000E+00
  0.0000000E+00  0.1060099      3.5714284E-02  1.7320197E-02  9.8502459E-03
  6.0699503E-03  3.7418718E-03
  0.0000000E+00  0.1604926      5.4039408E-02  2.6236454E-02  1.4817733E-02
  8.6620692E-03
  0.0000000E+00  0.2611823      8.7684728E-02  4.2433497E-02  2.2916256E-02
  0.0000000E+00  0.4713300      0.1568473      7.3221676E-02
  0.0000000E+00   1.000000      0.3175370    
  0.0000000E+00   2.815763    
   25.89162    
   10000.00    
  0.0000000E+00  1.6184859E-02  5.3588990E-03  2.5476895E-03  1.4326450E-03
  8.8918390E-04  5.8997050E-04  4.1071780E-04
  0.0000000E+00  1.9714847E-02  6.5653883E-03  3.1347100E-03  1.7659784E-03
  1.0973451E-03  7.2841690E-04  5.0678465E-04
  0.0000000E+00  2.4464112E-02  8.1828916E-03  3.9183875E-03  2.2123894E-03
  1.3756145E-03  9.1297936E-04  6.3421833E-04
  0.0000000E+00  3.0993119E-02  1.0403147E-02  4.9921335E-03  2.8220257E-03
  1.7561456E-03  1.1642085E-03  0.0000000E+00
  0.0000000E+00  4.0206492E-02  1.3520157E-02  6.5004919E-03  3.6784662E-03
  2.2890856E-03  1.5142576E-03  0.0000000E+00
  0.0000000E+00  5.3618487E-02  1.8033432E-02  8.6902659E-03  4.9223206E-03
  3.0589970E-03  2.0127827E-03  0.0000000E+00
  0.0000000E+00  7.3893808E-02  2.4867257E-02  1.1996067E-02  6.7964601E-03
  4.2074728E-03  2.7266471E-03  0.0000000E+00
  0.0000000E+00  0.1060964      3.5693217E-02  1.7246805E-02  9.7512295E-03
  5.9616519E-03  3.6391348E-03
  0.0000000E+00  0.1606686      5.3972472E-02  2.6076697E-02  1.4621437E-02
  8.4513277E-03
  0.0000000E+00  0.2614553      8.7512299E-02  4.2074729E-02  2.2448380E-02
  0.0000000E+00  0.4716814      0.1562439      7.2094396E-02
  0.0000000E+00   1.000000      0.3145526    
  0.0000000E+00   2.807276    
   31.70108    
   100000.0    
  0.0000000E+00  1.7757101E-02  5.6748288E-03  2.5935359E-03  1.4172380E-03
  8.6307543E-04  5.6513224E-04  3.8981391E-04
  0.0000000E+00  2.1292850E-02  6.8413317E-03  3.1576885E-03  1.7394711E-03
  1.0636630E-03  6.9872674E-04  4.8256613E-04
  0.0000000E+00  2.5984330E-02  8.4054843E-03  3.9187074E-03  2.1733593E-03
  1.3349657E-03  8.7825663E-04  6.0626841E-04
  0.0000000E+00  3.2380022E-02  1.0558276E-02  4.9686586E-03  2.7708129E-03
  1.7071498E-03  1.1234084E-03  0.0000000E+00
  0.0000000E+00  4.1380998E-02  1.3623899E-02  6.4554359E-03  3.6150832E-03
  2.2301665E-03  1.4642507E-03  0.0000000E+00
  0.0000000E+00  5.4534767E-02  1.8090107E-02  8.6219395E-03  4.8393733E-03
  2.9823703E-03  1.9471108E-03  0.0000000E+00
  0.0000000E+00  7.4573949E-02  2.4867777E-02  1.1890304E-02  6.6807056E-03
  4.0989225E-03  2.6327129E-03  0.0000000E+00
  0.0000000E+00  0.1065622      3.5631735E-02  1.7081294E-02  9.5680710E-03
  5.7884427E-03  3.4955926E-03
  0.0000000E+00  0.1610186      5.3809989E-02  2.5778648E-02  1.4289912E-02
  8.1498530E-03
  0.0000000E+00  0.2618022      8.7100886E-02  4.1420177E-02  2.1762978E-02
  0.0000000E+00  0.4719883      0.1550441      7.0342802E-02
  0.0000000E+00   1.000000      0.3095984    
  0.0000000E+00   2.793340    
   34.10382    
   1000000.    
  0.0000000E+00  2.0321637E-02  6.3245613E-03  2.7660818E-03  1.4551657E-03
  8.5935672E-04  5.4951262E-04  3.7222222E-04
  0.0000000E+00  2.4210526E-02  7.5653018E-03  3.3294347E-03  1.7612086E-03
  1.0448344E-03  6.7056529E-04  4.5516569E-04
  0.0000000E+00  2.9230019E-02  9.1783628E-03  4.0730992E-03  2.1695907E-03
  1.2943469E-03  8.3372317E-04  5.6695903E-04
  0.0000000E+00  3.5945415E-02  1.1335282E-02  5.0808964E-03  2.7300196E-03
  1.6384015E-03  1.0594542E-03  0.0000000E+00
  0.0000000E+00  4.5214426E-02  1.4327485E-02  6.4961012E-03  3.5233919E-03
  2.1276802E-03  1.3771930E-03  0.0000000E+00
  0.0000000E+00  5.8499023E-02  1.8645223E-02  8.5653020E-03  4.6881088E-03
  2.8411306E-03  1.8352827E-03  0.0000000E+00
  0.0000000E+00  7.8352831E-02  2.5204679E-02  1.1725145E-02  6.4600385E-03
  3.9103315E-03  2.4892788E-03  0.0000000E+00
  0.0000000E+00  0.1098441      3.5730992E-02  1.6773880E-02  9.2504872E-03
  5.5253408E-03  3.3070175E-03
  0.0000000E+00  0.1635478      5.3635478E-02  2.5272904E-02  1.3781677E-02
  7.7534113E-03
  0.0000000E+00  0.2635478      8.6500973E-02  4.0428851E-02  2.0838207E-02
  0.0000000E+00  0.4733918      0.1532164      6.7972712E-02
  0.0000000E+00   1.000000      0.3028265    
  0.0000000E+00   2.776803    
   34.47368    
  1.0000000E+07
  0.0000000E+00  2.2702701E-02  6.9720075E-03  2.9990345E-03  1.5540540E-03
  9.0569496E-04  5.7268335E-04  3.8416986E-04
  0.0000000E+00  2.7017374E-02  8.3050188E-03  3.5762547E-03  1.8542471E-03
  1.0820463E-03  6.8397680E-04  4.5859072E-04
  0.0000000E+00  3.2693051E-02  1.0057915E-02  4.3407334E-03  2.2538609E-03
  1.3156370E-03  8.3233585E-04  5.5772194E-04
  0.0000000E+00  4.0231660E-02  1.2413127E-02  5.3696907E-03  2.7953666E-03
  1.6341698E-03  1.0337838E-03  0.0000000E+00
  0.0000000E+00  5.0453667E-02  1.5608108E-02  6.7847488E-03  3.5463318E-03
  2.0781851E-03  1.3156370E-03  0.0000000E+00
  0.0000000E+00  6.4758681E-02  2.0106176E-02  8.7982621E-03  4.6245172E-03
  2.7181464E-03  1.7181466E-03  0.0000000E+00
  0.0000000E+00  8.5733585E-02  2.6689189E-02  1.1795366E-02  6.2422780E-03
  3.6766408E-03  2.3011584E-03  0.0000000E+00
  0.0000000E+00  0.1183398      3.6920849E-02  1.6505791E-02  8.7944008E-03
  5.1457528E-03  3.0521234E-03
  0.0000000E+00  0.1726834      5.4044399E-02  2.4459457E-02  1.3001930E-02
  7.2142854E-03
  0.0000000E+00  0.2716216      8.5637055E-02  3.8803089E-02  1.9584941E-02
  0.0000000E+00  0.4784749      0.1501930      6.4700767E-02
  0.0000000E+00   1.000000      0.2930502    
  0.0000000E+00   2.750000    
   34.52702    
  1.0000000E+08
  0.0000000E+00  2.6788734E-02  8.2056336E-03  3.5192491E-03  1.8178405E-03
  1.0572771E-03  6.6694838E-04  4.4647889E-04
  0.0000000E+00  3.1408451E-02  9.6150236E-03  4.1248826E-03  2.1305166E-03
  1.2375588E-03  7.8028173E-04  5.2159629E-04
  0.0000000E+00  3.7154932E-02  1.1380283E-02  4.8769955E-03  2.5183100E-03
  1.4619719E-03  9.2046958E-04  6.1408454E-04
  0.0000000E+00  4.4694841E-02  1.3680752E-02  5.8647888E-03  3.0262913E-03
  1.7558687E-03  1.1032864E-03  0.0000000E+00
  0.0000000E+00  5.5126764E-02  1.6882630E-02  7.2338032E-03  3.7305166E-03
  2.1615026E-03  1.3539906E-03  0.0000000E+00
  0.0000000E+00  7.0159629E-02  2.1483568E-02  9.2093907E-03  4.7464790E-03
  2.7436621E-03  1.7079813E-03  0.0000000E+00
  0.0000000E+00  9.2384979E-02  2.8300472E-02  1.2140846E-02  6.2544607E-03
  3.5990612E-03  2.2093898E-03  0.0000000E+00
  0.0000000E+00  0.1265728      3.8779344E-02  1.6666668E-02  8.5727703E-03
  4.8769955E-03  2.8338032E-03
  0.0000000E+00  0.1827230      5.5840380E-02  2.4046950E-02  1.2281692E-02
  6.6394368E-03
  0.0000000E+00  0.2843193      8.5971840E-02  3.6938969E-02  1.8028170E-02
  0.0000000E+00  0.4918310      0.1457277      6.0103290E-02
  0.0000000E+00   1.000000      0.2776526    
  0.0000000E+00   2.690141    
   34.22535    
  1.0000000E+09
  0.0000000E+00  2.9306667E-02  8.9688888E-03  3.8453334E-03  1.9857779E-03
  1.1537778E-03  7.2755560E-04  4.8684445E-04
  0.0000000E+00  3.5511114E-02  1.0871111E-02  4.6560001E-03  2.4026667E-03
  1.3955557E-03  8.7884447E-04  5.8719999E-04
  0.0000000E+00  4.3306667E-02  1.3244445E-02  5.6720003E-03  2.9244444E-03
  1.6968891E-03  1.0666667E-03  7.1111112E-04
  0.0000000E+00  5.3013336E-02  1.6204445E-02  6.9351112E-03  3.5724447E-03
  2.0693336E-03  1.2977778E-03  0.0000000E+00
  0.0000000E+00  6.5084442E-02  1.9884445E-02  8.5004447E-03  4.3724445E-03
  2.5271112E-03  1.5795556E-03  0.0000000E+00
  0.0000000E+00  8.0444448E-02  2.4551112E-02  1.0480001E-02  5.3813336E-03
  3.0977780E-03  1.9226667E-03  0.0000000E+00
  0.0000000E+00  0.1016889      3.1004446E-02  1.3208889E-02  6.7582224E-03
  3.8640003E-03  2.3582224E-03  0.0000000E+00
  0.0000000E+00  0.1347556      4.0995557E-02  1.7413335E-02  8.8515552E-03
  4.9804449E-03  2.8639999E-03
  0.0000000E+00  0.1901333      5.7671115E-02  2.4364445E-02  1.2204445E-02
  6.4773336E-03
  0.0000000E+00  0.2901334      8.7280005E-02  3.6382224E-02  1.7226666E-02
  0.0000000E+00  0.4944000      0.1446222      5.7013337E-02
  0.0000000E+00   1.000000      0.2637333    
  0.0000000E+00   2.617778    
   33.51111    
  1.0000000E+10
  0.0000000E+00  2.8809723E-02  8.8181058E-03  3.7795475E-03  1.9513831E-03
  1.1341156E-03  7.1492034E-04  4.7837384E-04
  0.0000000E+00  3.5532270E-02  1.0871751E-02  4.6571670E-03  2.4031852E-03
  1.3956412E-03  8.7845762E-04  5.8700755E-04
  0.0000000E+00  4.4450965E-02  1.3595977E-02  5.8197821E-03  2.9999998E-03
  1.7401510E-03  1.0938810E-03  7.2908628E-04
  0.0000000E+00  5.6445934E-02  1.7250629E-02  7.3788767E-03  3.7996648E-03
  2.2003353E-03  1.3797149E-03  0.0000000E+00
  0.0000000E+00  7.2749369E-02  2.2212910E-02  9.4886841E-03  4.8792958E-03
  2.8181057E-03  1.7602682E-03  0.0000000E+00
  0.0000000E+00  9.4970658E-02  2.8960604E-02  1.2355406E-02  6.3344510E-03
  3.6437553E-03  2.2590109E-03  0.0000000E+00
  0.0000000E+00  0.1247276      3.7988264E-02  1.6160939E-02  8.2564959E-03
  4.7141658E-03  2.8725900E-03  0.0000000E+00
  0.0000000E+00  0.1640402      4.9832355E-02  2.1123217E-02  1.0712489E-02
  6.0100583E-03  3.4467729E-03
  0.0000000E+00  0.2189438      6.6236377E-02  2.7870914E-02  1.3897737E-02
  7.3411567E-03
  0.0000000E+00  0.3139145      9.4216257E-02  3.9002515E-02  1.8315172E-02
  0.0000000E+00  0.5109807      0.1505448      5.8667220E-02
  0.0000000E+00   1.000000      0.2718357    
  0.0000000E+00   2.648785    
   33.57921    
  9.9999998E+10
  0.0000000E+00  2.5200000E-02  7.7163638E-03  3.3061821E-03  1.7069092E-03
  9.9200010E-04  6.2538183E-04  4.1847271E-04
  0.0000000E+00  3.1207275E-02  9.5490916E-03  4.0909094E-03  2.1105455E-03
  1.2254545E-03  7.7163638E-04  5.1556365E-04
  0.0000000E+00  3.9301820E-02  1.2021819E-02  5.1447274E-03  2.6523636E-03
  1.5381818E-03  9.6727279E-04  6.4450910E-04
  0.0000000E+00  5.0450910E-02  1.5418182E-02  6.5941820E-03  3.3956366E-03
  1.9658182E-03  1.2327273E-03  0.0000000E+00
  0.0000000E+00  6.6218182E-02  2.0218182E-02  8.6399997E-03  4.4407276E-03
  2.5643636E-03  1.6021818E-03  0.0000000E+00
  0.0000000E+00  8.9163639E-02  2.7200000E-02  1.1600000E-02  5.9476369E-03
  3.4210910E-03  2.1207272E-03  0.0000000E+00
  0.0000000E+00  0.1235636      3.7621818E-02  1.6000001E-02  8.1745451E-03
  4.6647275E-03  2.8414547E-03  0.0000000E+00
  0.0000000E+00  0.1761455      5.3498182E-02  2.2661818E-02  1.1483637E-02
  6.4407275E-03  3.6909094E-03
  0.0000000E+00  0.2561454      7.7454545E-02  3.2552727E-02  1.6210910E-02
  8.5527273E-03
  0.0000000E+00  0.3717818      0.1115636      4.6080001E-02  2.1585455E-02
  0.0000000E+00  0.5552000      0.1636364      6.3585460E-02
  0.0000000E+00   1.000000      0.2764364    
  0.0000000E+00   2.594182    
   32.42182    
  1.0000000E+12
  0.0000000E+00  1.8167539E-02  5.5602095E-03  2.3832461E-03  1.2303665E-03
  7.1518327E-04  4.5083769E-04  3.0167541E-04
  0.0000000E+00  2.2518324E-02  6.8900520E-03  2.9513089E-03  1.5225130E-03
  8.8429317E-04  5.5654446E-04  3.7193717E-04
  0.0000000E+00  2.8387435E-02  8.6806277E-03  3.7162304E-03  1.9157068E-03
  1.1109947E-03  6.9842930E-04  4.6549740E-04
  0.0000000E+00  3.6513090E-02  1.1157068E-02  4.7732983E-03  2.4575917E-03
  1.4230366E-03  8.9267018E-04  0.0000000E+00
  0.0000000E+00  4.8115183E-02  1.4691100E-02  6.2774871E-03  3.2261780E-03
  1.8633509E-03  1.1638744E-03  0.0000000E+00
  0.0000000E+00  6.5235600E-02  1.9900523E-02  8.4869107E-03  4.3523563E-03
  2.5031415E-03  1.5518324E-03  0.0000000E+00
  0.0000000E+00  9.1727749E-02  2.7926702E-02  1.1879582E-02  6.0680630E-03
  3.4617803E-03  2.1089006E-03  0.0000000E+00
  0.0000000E+00  0.1347644      4.0916231E-02  1.7329842E-02  8.7801050E-03
  4.9246075E-03  2.8214660E-03
  0.0000000E+00  0.2089005      6.3141361E-02  2.6539266E-02  1.3209424E-02
  6.9685862E-03
  0.0000000E+00  0.3435079      0.1030366      4.2539265E-02  1.9910993E-02
  0.0000000E+00  0.5863875      0.1727225      6.7068063E-02
  0.0000000E+00   1.000000      0.2767539    
  0.0000000E+00   2.321466    
   28.02618    
  9.9999998E+12
  0.0000000E+00  1.1846416E-02  3.6245736E-03  1.5539249E-03  8.0238911E-04
  4.6621161E-04  2.9395905E-04  1.9668942E-04
  0.0000000E+00  1.4682595E-02  4.4914675E-03  1.9245734E-03  9.9283271E-04
  5.7645049E-04  3.6313993E-04  2.4252561E-04
  0.0000000E+00  1.8515358E-02  5.6621158E-03  2.4238909E-03  1.2494881E-03
  7.2457339E-04  4.5563141E-04  3.0361774E-04
  0.0000000E+00  2.3825938E-02  7.2798636E-03  3.1143345E-03  1.6037542E-03
  9.2832767E-04  5.8225257E-04  0.0000000E+00
  0.0000000E+00  3.1412970E-02  9.5904432E-03  4.0989760E-03  2.1064845E-03
  1.2163823E-03  7.5972697E-04  0.0000000E+00
  0.0000000E+00  4.2662118E-02  1.3010239E-02  5.5494881E-03  2.8450510E-03
  1.6365187E-03  1.0143345E-03  0.0000000E+00
  0.0000000E+00  6.0136519E-02  1.8303754E-02  7.7849827E-03  3.9761094E-03
  2.2692834E-03  1.3822526E-03  0.0000000E+00
  0.0000000E+00  8.8839591E-02  2.6979523E-02  1.1426621E-02  5.7918089E-03
  3.2470988E-03  1.8604095E-03
  0.0000000E+00  0.1398294      4.2286690E-02  1.7764505E-02  8.8430038E-03
  4.6655294E-03
  0.0000000E+00  0.2396246      7.1843006E-02  2.9665530E-02  1.3887372E-02
  0.0000000E+00  0.4607508      0.1356655      5.2662119E-02
  0.0000000E+00   1.000000      0.2767577    
  0.0000000E+00   2.270990    
   24.66553    
  1.0000000E+14
  0.0000000E+00  1.0113636E-02  3.0944056E-03  1.3269230E-03  6.8502332E-04
  3.9801866E-04  2.5099068E-04  1.6791957E-04
  0.0000000E+00  1.2534966E-02  3.8344988E-03  1.6430652E-03  8.4790209E-04
  4.9213285E-04  3.1002332E-04  2.0708042E-04
  0.0000000E+00  1.5807109E-02  4.8339157E-03  2.0696388E-03  1.0670163E-03
  6.1888114E-04  3.8898602E-04  2.5923661E-04
  0.0000000E+00  2.0343821E-02  6.2179486E-03  2.6590908E-03  1.3691725E-03
  7.9283217E-04  4.9708626E-04  0.0000000E+00
  0.0000000E+00  2.6824009E-02  8.1905592E-03  3.4994173E-03  1.7986596E-03
  1.0387530E-03  6.4889278E-04  0.0000000E+00
  0.0000000E+00  3.6451049E-02  1.1113053E-02  4.7377623E-03  2.4300700E-03
  1.3977273E-03  8.6625875E-04  0.0000000E+00
  0.0000000E+00  5.1369462E-02  1.5641026E-02  6.6520981E-03  3.3974359E-03
  1.9391025E-03  1.1809441E-03  0.0000000E+00
  0.0000000E+00  7.6019816E-02  2.3076924E-02  9.7756414E-03  4.9533802E-03
  2.7773893E-03  1.5912005E-03
  0.0000000E+00  0.1199301      3.6247086E-02  1.5236014E-02  7.5844992E-03
  4.0005827E-03
  0.0000000E+00  0.2071387      6.2121212E-02  2.5646852E-02  1.2004662E-02
  0.0000000E+00  0.4096737      0.1206294      4.6824008E-02
  0.0000000E+00   1.000000      0.2766900    
  0.0000000E+00   3.210956    
   34.49883    
