   100.0000    
  5.5603366E-02  1.6533209E-02  6.8886811E-03  3.5547239E-03  2.0804489E-03
  1.3246024E-03  8.9504209E-04  6.3274085E-04
  6.8269409E-02  2.0318054E-02  8.4752105E-03  4.3779234E-03  2.5650139E-03
  1.6342377E-03  1.1049579E-03  7.8091677E-04
  8.5126288E-02  2.5350796E-02  1.0593077E-02  5.4798876E-03  3.2142189E-03
  2.0486435E-03  1.3861553E-03  9.7923295E-04
  0.1080449      3.2217026E-02  1.3483630E-02  6.9878390E-03  4.1047707E-03
  2.6192702E-03  1.7717492E-03  0.0000000E+00
  0.1400000      4.1814778E-02  1.7545369E-02  9.1113187E-03  5.3620208E-03
  3.4237604E-03  2.3143124E-03  0.0000000E+00
  0.1860056      5.5715624E-02  2.3442470E-02  1.2202058E-02  7.1936389E-03
  4.5968192E-03  3.1000935E-03  0.0000000E+00
  0.2548176      7.6594949E-02  3.2347988E-02  1.6894294E-02  9.9794203E-03
  6.3723107E-03  4.2525725E-03  0.0000000E+00
  0.3623948      0.1095603      4.6492048E-02  2.4377925E-02  1.4428437E-02
  9.1468664E-03  5.7904585E-03
  0.5410664      0.1650327      7.0514500E-02  3.7156221E-02  2.1927034E-02
  1.3279701E-02
  0.8624883      0.2667914      0.1149673      6.0804490E-02  3.4630496E-02
   1.506268      0.4768943      0.2078578      0.1076520    
   3.025257       1.000000      0.4347989    
   7.736202       2.772685    
   33.15248    
   1000.000    
  5.5565950E-02  1.6542563E-02  6.8905521E-03  3.5528531E-03  2.0785781E-03
  1.3223573E-03  8.9279696E-04  6.3030870E-04
  6.8231992E-02  2.0318054E-02  8.4770815E-03  4.3760524E-03  2.5631431E-03
  1.6314313E-03  1.1019644E-03  7.7792327E-04
  8.5088871E-02  2.5369504E-02  1.0593077E-02  5.4780166E-03  3.2104768E-03
  2.0449017E-03  1.3820393E-03  9.7492989E-04
  0.1079888      3.2235734E-02  1.3485501E-02  6.9840970E-03  4.1010291E-03
  2.6136576E-03  1.7659494E-03  0.0000000E+00
  0.1399439      4.1833490E-02  1.7545369E-02  9.1057057E-03  5.3545372E-03
  3.4162768E-03  2.3068287E-03  0.0000000E+00
  0.1859495      5.5734333E-02  2.3442470E-02  1.2196446E-02  7.1842843E-03
  4.5855939E-03  3.0851264E-03  0.0000000E+00
  0.2546305      7.6613657E-02  3.2347988E-02  1.6883068E-02  9.9625811E-03
  6.3498598E-03  4.2245085E-03  0.0000000E+00
  0.3623948      0.1095978      4.6492048E-02  2.4359213E-02  1.4396632E-02
  9.1000935E-03  5.7231057E-03
  0.5410664      0.1650889      7.0495792E-02  3.7118800E-02  2.1852199E-02
  1.3154350E-02
  0.8624883      0.2667914      0.1149298      6.0673527E-02  3.4368571E-02
   1.506642      0.4770814      0.2076707      0.1070907    
   3.027128       1.000000      0.4333021    
   7.738073       2.767072    
   33.15248    
   10000.00    
  5.5595055E-02  1.6556887E-02  6.8918415E-03  3.5516464E-03  2.0752244E-03
  1.3181138E-03  8.8847301E-04  6.2612275E-04
  6.8226047E-02  2.0340569E-02  8.4786676E-03  4.3731285E-03  2.5580090E-03
  1.6259355E-03  1.0963697E-03  7.7208085E-04
  8.5048646E-02  2.5392964E-02  1.0596931E-02  5.4734279E-03  3.2054642E-03
  2.0377995E-03  1.3744385E-03  9.6706586E-04
  0.1079341      3.2260478E-02  1.3489895E-02  6.9797905E-03  4.0924400E-03
  2.6047903E-03  1.7552394E-03  0.0000000E+00
  0.1398765      4.1878741E-02  1.7550522E-02  9.0980539E-03  5.3424402E-03
  3.4019460E-03  2.2904191E-03  0.0000000E+00
  0.1858720      5.5782184E-02  2.3446856E-02  1.2183757E-02  7.1650445E-03
  4.5621255E-03  3.0576347E-03  0.0000000E+00
  0.2546781      7.6684125E-02  3.2335326E-02  1.6861901E-02  9.9307634E-03
  6.3098804E-03  4.1747754E-03  0.0000000E+00
  0.3622755      0.1096931      4.6482034E-02  2.4326345E-02  1.4335704E-02
  9.0213325E-03  5.6231287E-03
  0.5411677      0.1652133      7.0471555E-02  3.7032183E-02  2.1706587E-02
  1.2960329E-02
  0.8626497      0.2670284      0.1148391      6.0441613E-02  3.3963323E-02
   1.507298      0.4771706      0.2073353      0.1061751    
   3.027694       1.000000      0.4311377    
   7.741392       2.761976    
   33.19611    
   100000.0    
  5.6450099E-02  1.6573675E-02  6.8863509E-03  3.5405352E-03  2.0651564E-03
  1.3081819E-03  8.7923603E-04  6.1748736E-04
  6.8844788E-02  2.0370716E-02  8.4759407E-03  4.3643513E-03  2.5463395E-03
  1.6141172E-03  1.0848156E-03  7.6109346E-04
  8.5452162E-02  2.5425950E-02  1.0595394E-02  5.4633962E-03  3.1904138E-03
  2.0239656E-03  1.3594832E-03  9.5244340E-04
  0.1081633      3.2316044E-02  1.3491856E-02  6.9668600E-03  4.0741432E-03
  2.5837857E-03  1.7348812E-03  0.0000000E+00
  0.1399925      4.1958436E-02  1.7552894E-02  9.0806969E-03  5.3173564E-03
  3.3739000E-03  2.2598766E-03  0.0000000E+00
  0.1858828      5.5869691E-02  2.3441304E-02  1.2156900E-02  7.1278787E-03
  4.5178803E-03  3.0125445E-03  0.0000000E+00
  0.2546340      7.6802097E-02  3.2353491E-02  1.6818948E-02  9.8708114E-03
  6.2385323E-03  4.0947385E-03  0.0000000E+00
  0.3622917      0.1098671      4.6470698E-02  2.4246396E-02  1.4223929E-02
  8.8841040E-03  5.4765022E-03
  0.5412844      0.1654559      7.0436247E-02  3.6865756E-02  2.1475378E-02
  1.2668040E-02
  0.8631343      0.2673657      0.1146789      6.0026214E-02  3.3345815E-02
   1.508519      0.4776259      0.2067029      0.1047182    
   3.031268       1.000000      0.4272608    
   7.751358       2.750421    
   33.72028    
   1000000.    
  6.3235849E-02  1.6606674E-02  6.8278969E-03  3.4908138E-03  2.0247470E-03
  1.2769030E-03  8.5414329E-04  5.9711287E-04
  7.4653171E-02  2.0378703E-02  8.4195733E-03  4.3138359E-03  2.5065618E-03
  1.5809899E-03  1.0573679E-03  7.3809526E-04
  9.0119988E-02  2.5440572E-02  1.0547432E-02  5.4143234E-03  3.1496065E-03
  1.9872517E-03  1.3277091E-03  9.2482188E-04
  0.1116798      3.2339707E-02  1.3451443E-02  6.9178855E-03  4.0269969E-03
  2.5403074E-03  1.6951632E-03  0.0000000E+00
  0.1424260      4.2032246E-02  1.7525310E-02  9.0288715E-03  5.2605928E-03
  3.3164604E-03  2.2065993E-03  0.0000000E+00
  0.1874578      5.5999249E-02  2.3415824E-02  1.2092238E-02  7.0491191E-03
  4.4394452E-03  2.9340084E-03  0.0000000E+00
  0.2555306      7.7015378E-02  3.2320961E-02  1.6726660E-02  9.7525315E-03
  6.1117364E-03  3.9707539E-03  0.0000000E+00
  0.3627672      0.1101612      4.6437945E-02  2.4090739E-02  1.4023247E-02
  8.6632920E-03  5.2737161E-03
  0.5418073      0.1658980      7.0322461E-02  3.6557931E-02  2.1072365E-02
  1.2249719E-02
  0.8640795      0.2679040      0.1143607      5.9298839E-02  3.2414701E-02
   1.511061      0.4784402      0.2056618      0.1024559    
   3.038995       1.000000      0.4212599    
   7.770904       2.733408    
   36.37046    
  1.0000000E+07
  8.5668609E-02  1.7884146E-02  6.8478463E-03  3.3722024E-03  1.9127328E-03
  1.1888283E-03  7.8785035E-04  5.4730114E-04
  9.6783906E-02  2.1365432E-02  8.3731432E-03  4.1734064E-03  2.3829227E-03
  1.4856122E-03  9.8570623E-04  6.8440853E-04
  0.1118864      2.6067331E-02  1.0430694E-02  5.2510817E-03  3.0129773E-03
  1.8826405E-03  1.2495768E-03  8.6590182E-04
  0.1324807      3.2668799E-02  1.3278165E-02  6.7368820E-03  3.8800074E-03
  2.4261803E-03  1.6078616E-03  0.0000000E+00
  0.1611435      4.2129021E-02  1.7318036E-02  8.8320486E-03  5.0987401E-03
  3.1878878E-03  2.1045702E-03  0.0000000E+00
  0.2027459      5.6046646E-02  2.3208577E-02  1.1882641E-02  6.8628932E-03
  4.2806095E-03  2.8023322E-03  0.0000000E+00
  0.2666917      7.7129960E-02  3.2123379E-02  1.6482979E-02  9.5128836E-03
  5.8961823E-03  3.7897311E-03  0.0000000E+00
  0.3701335      0.1104758      4.6229076E-02  2.3753997E-02  1.3665601E-02
  8.3298851E-03  5.0084637E-03
  0.5461726      0.1665037      7.0039496E-02  3.5997745E-02  2.0443860E-02
  1.1685161E-02
  0.8674064      0.2689486      0.1137295      5.8096670E-02  3.1107768E-02
   1.515892      0.4797818      0.2034982      9.9191271E-02
   3.050592       1.000000      0.4120745    
   7.803273       2.710175    
   39.23265    
  1.0000000E+08
  0.1398864      2.1799242E-02  7.2518941E-03  3.2935606E-03  1.7750000E-03
  1.0662880E-03  6.9034094E-04  4.7215910E-04
  0.1548674      2.5416667E-02  8.6837122E-03  4.0094694E-03  2.1856062E-03
  1.3225379E-03  8.6041668E-04  5.9015153E-04
  0.1715341      3.0056819E-02  1.0615530E-02  4.9962122E-03  2.7537879E-03
  1.6789773E-03  1.0969697E-03  7.5359846E-04
  0.1918561      3.6344696E-02  1.3299243E-02  6.3825757E-03  3.5568185E-03
  2.1818182E-03  1.4291668E-03  0.0000000E+00
  0.2196970      4.5170456E-02  1.7130682E-02  8.3731059E-03  4.7121216E-03
  2.9015152E-03  1.8996212E-03  0.0000000E+00
  0.2611742      5.8106061E-02  2.2765152E-02  1.1304924E-02  6.4053033E-03
  3.9469698E-03  2.5662878E-03  0.0000000E+00
  0.3242424      7.8068182E-02  3.1420458E-02  1.5776515E-02  8.9659095E-03
  5.4943184E-03  3.5056816E-03  0.0000000E+00
  0.4223485      0.1105871      4.5321971E-02  2.2897728E-02  1.2969697E-02
  7.8068185E-03  4.6571973E-03
  0.5871212      0.1665152      6.8939395E-02  3.4829546E-02  1.9431818E-02
  1.0950758E-02
  0.8945076      0.2695076      0.1121780      5.6117427E-02  2.9412879E-02
   1.534091      0.4812500      0.2000000      9.4791673E-02
   3.073864       1.000000      0.3996212    
   7.859848       2.676136    
   40.01894    
  1.0000000E+09
  0.1936355      2.7078111E-02  8.4069436E-03  3.6432017E-03  1.8983608E-03
  1.1114755E-03  7.0530380E-04  4.7444552E-04
  0.2225651      3.1417549E-02  9.8244939E-03  4.2777243E-03  2.2352941E-03
  1.3122469E-03  8.3394413E-04  5.6162011E-04
  0.2580521      3.7049182E-02  1.1708776E-02  5.1359697E-03  2.7000965E-03
  1.5899711E-03  1.0127290E-03  6.8254583E-04
  0.3008679      4.4358727E-02  1.4256510E-02  6.3259406E-03  3.3500486E-03
  1.9845709E-03  1.2675024E-03  0.0000000E+00
  0.3504339      5.3963356E-02  1.7799422E-02  8.0289301E-03  4.2989394E-03
  2.5631629E-03  1.6432017E-03  0.0000000E+00
  0.4073288      6.7174546E-02  2.2970106E-02  1.0590164E-02  5.7454198E-03
  3.4484090E-03  2.2121505E-03  0.0000000E+00
  0.4771456      8.6538099E-02  3.0973965E-02  1.4626808E-02  8.0327867E-03
  4.8370301E-03  3.0684669E-03  0.0000000E+00
  0.5780135      0.1172228      4.3992285E-02  2.1253617E-02  1.1745420E-02
  6.9971075E-03  4.1793636E-03
  0.7483125      0.1698361      6.6480234E-02  3.2555450E-02  1.7841853E-02
  9.9884290E-03
   1.054581      0.2694311      0.1083317      5.2844744E-02  2.7232403E-02
   1.666731      0.4804243      0.1940212      8.9238189E-02
   3.172613       1.000000      0.3841852    
   7.992286       2.646095    
   40.57859    
  1.0000000E+10
  0.2890244      3.9715447E-02  1.2184959E-02  5.2317069E-03  2.7052844E-03
  1.5745935E-03  9.9410571E-04  6.6585367E-04
  0.3250000      4.4715445E-02  1.3729674E-02  5.8983737E-03  3.0508128E-03
  1.7747966E-03  1.1199187E-03  7.4939022E-04
  0.3666666      5.0569102E-02  1.5544715E-02  6.6829263E-03  3.4573169E-03
  2.0113820E-03  1.2682927E-03  8.4735767E-04
  0.4197154      5.8109749E-02  1.7908536E-02  7.7093490E-03  3.9918697E-03
  2.3231707E-03  1.4628047E-03  0.0000000E+00
  0.4930894      6.8719506E-02  2.1280486E-02  9.1869915E-03  4.7642277E-03
  2.7723575E-03  1.7428860E-03  0.0000000E+00
  0.5953252      8.4085368E-02  2.6260162E-02  1.1400406E-02  5.9308941E-03
  3.4532517E-03  2.1626016E-03  0.0000000E+00
  0.7335365      0.1063415      3.3760160E-02  1.4813008E-02  7.7499999E-03
  4.5142272E-03  2.7987803E-03  0.0000000E+00
  0.9128048      0.1393496      4.5589428E-02  2.0365853E-02  1.0752032E-02
  6.2317071E-03  3.6768292E-03
   1.144919      0.1921138      6.5955281E-02  3.0203249E-02  1.6006095E-02
  8.8638207E-03
   1.492683      0.2880081      0.1047764      4.8821136E-02  2.4776421E-02
   2.172764      0.4892276      0.1858740      8.3272353E-02
   3.743902       1.000000      0.3684959    
   8.599593       2.642276    
   42.25610    
