   100.0000    
  4.5990992E-02  1.5392536E-02  7.2908625E-03  4.2001284E-03  2.6917632E-03
  1.8462035E-03  1.3275418E-03  9.8906050E-04
  5.6216214E-02  1.8854570E-02  8.9639639E-03  5.1808241E-03  3.3301159E-03
  2.2902188E-03  1.6512227E-03  1.2329472E-03
  6.9755472E-02  2.3462033E-02  1.1203347E-02  6.4993566E-03  4.1930503E-03
  2.8931790E-03  2.0920208E-03  1.5656371E-03
  8.8030890E-02  2.9723296E-02  1.4259974E-02  8.3140284E-03  5.3906050E-03
  3.7348776E-03  2.7104246E-03  0.0000000E+00
  0.1133848      3.8481340E-02  1.8577864E-02  1.0900902E-02  7.1042469E-03
  4.9498072E-03  3.6074647E-03  0.0000000E+00
  0.1497426      5.1132560E-02  2.4890605E-02  1.4716860E-02  9.6653793E-03
  6.7760618E-03  4.9601030E-03  0.0000000E+00
  0.2037323      7.0205927E-02  3.4517378E-02  2.0630632E-02  1.3680824E-02
  9.6718147E-03  7.0785070E-03  0.0000000E+00
  0.2879022      0.1003861      5.0090089E-02  3.0366797E-02  2.0411842E-02
  1.4530245E-02  1.0257400E-02
  0.4273488      0.1517375      7.7220082E-02  4.7792792E-02  3.2664094E-02
  2.2760618E-02
  0.6782497      0.2474260      0.1297941      8.2818530E-02  5.6583013E-02
   1.184041      0.4523166      0.2492922      0.1641570    
   2.404118       1.000000      0.5965894    
   6.418919       3.200129    
   32.59331    
   1000.000    
  4.6002571E-02  1.5411311E-02  7.2943443E-03  4.1985861E-03  2.6876607E-03
  1.8406169E-03  1.3213367E-03  9.8264776E-04
  5.6227505E-02  1.8875321E-02  8.9717219E-03  5.1786629E-03  3.3245501E-03
  2.2827762E-03  1.6426735E-03  1.2236503E-03
  6.9730081E-02  2.3489717E-02  1.1208226E-02  6.4974292E-03  4.1857325E-03
  2.8830334E-03  2.0803341E-03  1.5526991E-03
  8.8046268E-02  2.9755784E-02  1.4267352E-02  8.3097685E-03  5.3791772E-03
  3.7204369E-03  2.6934447E-03  0.0000000E+00
  0.1134319      3.8515422E-02  1.8586120E-02  1.0893316E-02  7.0886891E-03
  4.9280203E-03  3.5803341E-03  0.0000000E+00
  0.1498072      5.1182520E-02  2.4890745E-02  1.4704370E-02  9.6401032E-03
  6.7416453E-03  4.9132388E-03  0.0000000E+00
  0.2037918      7.0244208E-02  3.4524418E-02  2.0604113E-02  1.3637532E-02
  9.6079689E-03  6.9858613E-03  0.0000000E+00
  0.2880463      0.1004499      5.0083544E-02  3.0314909E-02  2.0321338E-02
  1.4383033E-02  1.0032133E-02
  0.4275064      0.1517995      7.7185094E-02  4.7673520E-02  3.2429304E-02
  2.2339331E-02
  0.6786632      0.2475578      0.1296915      8.2455017E-02  5.5745501E-02
   1.184447      0.4525064      0.2487789      0.1623393    
   2.405527       1.000000      0.5920951    
   6.421594       3.187018    
   32.53856    
   10000.00    
  4.6168167E-02  1.5462131E-02  7.3106545E-03  4.1996152E-03  2.6816430E-03
  1.8311938E-03  1.3100129E-03  9.6983311E-04
  5.6373555E-02  1.8940952E-02  8.9858798E-03  5.1784338E-03  3.3164313E-03
  2.2702182E-03  1.6277279E-03  1.2066752E-03
  6.9897309E-02  2.3555841E-02  1.1225930E-02  6.4955070E-03  4.1732993E-03
  2.8658537E-03  2.0590501E-03  1.5288831E-03
  8.8189982E-02  2.9845957E-02  1.4287548E-02  8.3055198E-03  5.3620026E-03
  3.6951222E-03  2.6623877E-03  0.0000000E+00
  0.1136072      3.8626444E-02  1.8613607E-02  1.0885751E-02  7.0603336E-03
  4.8896018E-03  3.5327342E-03  0.0000000E+00
  0.1500000      5.1322211E-02  2.4922978E-02  1.4685494E-02  9.5956353E-03
  6.6816434E-03  4.8318361E-03  0.0000000E+00
  0.2041078      7.0410781E-02  3.4557123E-02  2.0571247E-02  1.3562259E-02
  9.4865207E-03  6.8292683E-03  0.0000000E+00
  0.2885109      0.1007060      5.0115533E-02  3.0237485E-02  2.0160463E-02
  1.4133505E-02  9.6983314E-03
  0.4283055      0.1521823      7.7214383E-02  4.7477536E-02  3.2034662E-02
  2.1700898E-02
  0.6797176      0.2480745      0.1295892      8.1835687E-02  5.4448009E-02
   1.187420      0.4531451      0.2479461      0.1594994    
   2.411425       1.000000      0.5851091    
   6.431322       3.167522    
   32.54172    
   100000.0    
  4.7475975E-02  1.5579755E-02  7.3478539E-03  4.2005125E-03  2.6681614E-03
  1.8103779E-03  1.2869955E-03  9.4618835E-04
  5.7424728E-02  1.9064702E-02  9.0198582E-03  5.1768096E-03  3.2978859E-03
  2.2440744E-03  1.5976937E-03  1.1755285E-03
  7.0723891E-02  2.3702754E-02  1.1262011E-02  6.4894296E-03  4.1479822E-03
  2.8302369E-03  2.0185777E-03  1.4862268E-03
  8.8917360E-02  3.0012811E-02  1.4330557E-02  8.2959644E-03  5.3254324E-03
  3.6450992E-03  2.6047407E-03  0.0000000E+00
  0.1142217      3.8834080E-02  1.8661113E-02  1.0864830E-02  7.0083281E-03
  4.8148623E-03  3.4458679E-03  0.0000000E+00
  0.1506086      5.1582318E-02  2.4971172E-02  1.4644458E-02  9.5067266E-03
  6.5598972E-03  4.6912231E-03  0.0000000E+00
  0.2048687      7.0787951E-02  3.4612428E-02  2.0493275E-02  1.3408072E-02
  9.2825117E-03  6.5791155E-03  0.0000000E+00
  0.2894939      0.1012172      5.0160151E-02  3.0076873E-02  1.9859064E-02
  1.3715566E-02  9.2184497E-03
  0.4298527      0.1527867      7.7194102E-02  4.7091607E-02  3.1338885E-02
  2.0749519E-02
  0.6822550      0.2490070      0.1293402      8.0717482E-02  5.2459959E-02
   1.192184      0.4543882      0.2464446      0.1549648    
   2.421525       1.000000      0.5737988    
   6.457399       3.135170    
   33.02370    
   1000000.    
  5.5664111E-02  1.6200511E-02  7.5031929E-03  4.2177523E-03  2.6334610E-03
  1.7592593E-03  1.2330778E-03  8.9527457E-04
  6.4623244E-02  1.9553000E-02  9.1443164E-03  5.1775225E-03  3.2522350E-03
  2.1826308E-03  1.5332056E-03  1.1143039E-03
  7.6819927E-02  2.4106001E-02  1.1360153E-02  6.4750961E-03  4.0874840E-03
  2.7528736E-03  1.9386973E-03  1.4086845E-03
  9.3805872E-02  3.0395912E-02  1.4412516E-02  8.2630906E-03  5.2426560E-03
  3.5434228E-03  2.4987229E-03  0.0000000E+00
  0.1180715      3.9233714E-02  1.8729245E-02  1.0804597E-02  6.8901661E-03
  4.6717753E-03  3.2950190E-03  0.0000000E+00
  0.1536399      5.2049808E-02  2.5038313E-02  1.4546615E-02  9.3295015E-03
  6.3422732E-03  4.4616861E-03  0.0000000E+00
  0.2073435      7.1328230E-02  3.4661558E-02  2.0312898E-02  1.3109834E-02
  8.9208167E-03  6.2005110E-03  0.0000000E+00
  0.2919540      0.1019796      5.0166029E-02  2.9731801E-02  1.9310344E-02
  1.3058748E-02  8.5632186E-03
  0.4328225      0.1538314      7.7075347E-02  4.6340998E-02  3.0178798E-02
  1.9425286E-02
  0.6871009      0.2504470      0.1286718      7.8735627E-02  4.9578544E-02
   1.200511      0.4562580      0.2434227      0.1481481    
   2.438697       1.000000      0.5560664    
   6.494253       3.084291    
   35.07663    
  1.0000000E+07
  9.0318471E-02  2.0496815E-02  8.3375797E-03  4.3057324E-03  2.5375795E-03
  1.6273884E-03  1.1076432E-03  7.8726112E-04
  9.5286623E-02  2.3356687E-02  9.8980889E-03  5.2388529E-03  3.1350318E-03
  2.0305731E-03  1.3898090E-03  9.9108275E-04
  0.1042675      2.7267514E-02  1.1999999E-02  6.4904457E-03  3.9407643E-03
  2.5751591E-03  1.7719745E-03  1.2656051E-03
  0.1187898      3.2834392E-02  1.4904458E-02  8.2229292E-03  5.0547770E-03
  3.3286624E-03  2.2980892E-03  0.0000000E+00
  0.1406369      4.1050952E-02  1.9063693E-02  1.0694267E-02  6.6433121E-03
  4.3987264E-03  3.0407642E-03  0.0000000E+00
  0.1731210      5.3464968E-02  2.5242036E-02  1.4337579E-02  8.9808917E-03
  5.9707006E-03  4.1140127E-03  0.0000000E+00
  0.2232484      7.2675161E-02  3.4764327E-02  1.9961782E-02  1.2585986E-02
  8.3630569E-03  5.6840763E-03  0.0000000E+00
  0.3043949      0.1034395      5.0152864E-02  2.9108280E-02  1.8433120E-02
  1.2133758E-02  7.7579618E-03
  0.4434395      0.1558599      7.6751590E-02  4.5076434E-02  2.8484076E-02
  1.7751591E-02
  0.6980891      0.2532484      0.1275159      7.5668789E-02  4.5815285E-02
   1.217834      0.4598089      0.2387261      0.1389809    
   2.473885       1.000000      0.5314649    
   6.573248       3.015924    
   36.56688    
  1.0000000E+08
  0.1902795      2.9498095E-02  9.8348157E-03  4.4904705E-03  2.4358323E-03
  1.4726811E-03  9.5997460E-04  6.6010165E-04
  0.2019695      3.3151209E-02  1.1423126E-02  5.3335452E-03  2.9383735E-03
  1.7973317E-03  1.1810674E-03  8.1702671E-04
  0.2112452      3.7560355E-02  1.3519696E-02  6.4866585E-03  3.6397714E-03
  2.2547650E-03  1.4942820E-03  1.0400255E-03
  0.2189327      4.3202035E-02  1.6378654E-02  8.1067346E-03  4.6404065E-03
  2.9123253E-03  1.9459975E-03  0.0000000E+00
  0.2293520      5.0883099E-02  2.0419315E-02  1.0438374E-02  6.0984753E-03
  3.8735706E-03  2.6029225E-03  0.0000000E+00
  0.2504447      6.2007625E-02  2.6327828E-02  1.3900890E-02  8.2719186E-03
  5.3017787E-03  3.5654386E-03  0.0000000E+00
  0.2923761      7.9224907E-02  3.5387550E-02  1.9224904E-02  1.1613723E-02
  7.4777640E-03  4.9682339E-03  0.0000000E+00
  0.3672173      0.1080686      5.0146125E-02  2.7878018E-02  1.7001269E-02
  1.0851335E-02  6.7916135E-03
  0.4975222      0.1594028      7.5984754E-02  4.2890728E-02  2.6080051E-02
  1.5736977E-02
  0.7426938      0.2571156      0.1251588      7.1092762E-02  4.1213468E-02
   1.259848      0.4645489      0.2311944      0.1273189    
   2.534943       1.000000      0.4990470    
   6.709022       2.925667    
   36.89962    
  1.0000000E+09
  0.2940802      4.1031189E-02  1.2737110E-02  5.5194143E-03  2.8765118E-03
  1.6849141E-03  1.0700191E-03  7.2056014E-04
  0.3243794      4.5665182E-02  1.4264800E-02  6.2151495E-03  3.2514322E-03
  1.9102482E-03  1.2157861E-03  8.1922341E-04
  0.3625079      5.1820498E-02  1.6365372E-02  7.1865055E-03  3.7823042E-03
  2.2323362E-03  1.4252069E-03  9.6244429E-04
  0.4071929      5.9732657E-02  1.9204328E-02  8.5423300E-03  4.5391470E-03
  2.6976448E-03  1.7307447E-03  0.0000000E+00
  0.4549332      6.9828130E-02  2.3099935E-02  1.0483768E-02  5.6511774E-03
  3.3927434E-03  2.1903247E-03  0.0000000E+00
  0.5004455      8.2877144E-02  2.8669637E-02  1.3399108E-02  7.3647359E-03
  4.4793123E-03  2.9083386E-03  0.0000000E+00
  0.5415022      0.1010185      3.7192874E-02  1.8039465E-02  1.0146403E-02
  6.2437938E-03  4.0407381E-03  0.0000000E+00
  0.5919796      0.1289624      5.1107574E-02  2.5805218E-02  1.4818586E-02
  9.1215791E-03  5.6187143E-03
  0.6970083      0.1765754      7.5302355E-02  3.9433479E-02  2.2819860E-02
  1.3386377E-02
  0.9312540      0.2681095      0.1213876      6.4863145E-02  3.5957988E-02
   1.435391      0.4709739      0.2204328      0.1140675    
   2.702737       1.000000      0.4618078    
   6.957352       2.831318    
   37.39656    
  1.0000000E+10
  0.5372587      7.3809527E-02  2.2651223E-02  9.7232955E-03  5.0296010E-03
  2.9266409E-03  1.8481340E-03  1.2380952E-03
  0.5746461      7.9086237E-02  2.4266411E-02  1.0424711E-02  5.3918920E-03
  3.1377093E-03  1.9800514E-03  1.3249678E-03
  0.6079150      8.3783783E-02  2.5752896E-02  1.1074646E-02  5.7297298E-03
  3.3339770E-03  2.1029601E-03  1.4054053E-03
  0.6480051      8.9639641E-02  2.7619047E-02  1.1891892E-02  6.1608753E-03
  3.5855856E-03  2.2599741E-03  0.0000000E+00
  0.7117118      9.9034749E-02  3.0649936E-02  1.3243244E-02  6.8725874E-03
  4.0025739E-03  2.5193051E-03  0.0000000E+00
  0.8095238      0.1140927      3.5624199E-02  1.5482626E-02  8.0694985E-03
  4.7059203E-03  2.9549552E-03  0.0000000E+00
  0.9446590      0.1366152      4.3397687E-02  1.9099100E-02  1.0025740E-02
  5.8642211E-03  3.6525095E-03  0.0000000E+00
   1.111326      0.1694337      5.5714287E-02  2.5077220E-02  1.3346204E-02
  7.8056627E-03  4.6473616E-03
   1.296010      0.2199485      7.6898329E-02  3.5888031E-02  1.9382240E-02
  1.0945946E-02
   1.521236      0.3097812      0.1180180      5.7290863E-02  3.0199487E-02
   2.000000      0.5004504      0.2072716      9.9742599E-02
   3.325612       1.000000      0.4215573    
   7.670528       2.734234    
   38.66796    
