   100.0000    
  4.7908496E-02  1.5678104E-02  7.2246729E-03  4.0555554E-03  2.5416666E-03
  1.7099673E-03  1.2091503E-03  8.8807184E-04
  5.8643788E-02  1.9223856E-02  8.8807186E-03  5.0008171E-03  3.1413399E-03
  2.1176469E-03  1.5008169E-03  1.1037581E-03
  7.2851308E-02  2.3937909E-02  1.1102941E-02  6.2696082E-03  3.9501633E-03
  2.6699346E-03  1.8962418E-03  1.3970588E-03
  9.2075162E-02  3.0351305E-02  1.4133987E-02  8.0155227E-03  5.0686272E-03
  3.4370914E-03  2.4477122E-03  0.0000000E+00
  0.1188725      3.9330065E-02  1.8415032E-02  1.0490196E-02  6.6658496E-03
  4.5383987E-03  3.2401960E-03  0.0000000E+00
  0.1571895      5.2295748E-02  2.4648692E-02  1.4133987E-02  9.0359477E-03
  6.1797383E-03  4.4223852E-03  0.0000000E+00
  0.2142157      7.1813725E-02  3.4142155E-02  1.9746732E-02  1.2712417E-02
  8.7500000E-03  6.2410128E-03  0.0000000E+00
  0.3032680      0.1027778      4.9411763E-02  2.8913399E-02  1.8807190E-02
  1.2973855E-02  8.8807186E-03
  0.4508987      0.1551470      7.5849667E-02  4.5106210E-02  2.9656861E-02
  1.9885620E-02
  0.7160947      0.2523693      0.1264706      7.6944441E-02  5.0065357E-02
   1.250817      0.4586601      0.2389706      0.1478758    
   2.531863       1.000000      0.5512255    
   6.687091       3.075163    
   32.50817    
   1000.000    
  4.7949344E-02  1.5702615E-02  7.2328430E-03  4.0571894E-03  2.5400326E-03
  1.7066993E-03  1.2050654E-03  8.8398688E-04
  5.8684640E-02  1.9256536E-02  8.8970587E-03  5.0024511E-03  3.1388886E-03
  2.1135621E-03  1.4950980E-03  1.0972222E-03
  7.2908498E-02  2.3978759E-02  1.1111111E-02  6.2712417E-03  3.9468952E-03
  2.6642156E-03  1.8888888E-03  1.3880718E-03
  9.2156857E-02  3.0400325E-02  1.4150327E-02  8.0171563E-03  5.0637252E-03
  3.4281046E-03  2.4362744E-03  0.0000000E+00
  0.1189542      3.9387252E-02  1.8431371E-02  1.0490196E-02  6.6568628E-03
  4.5245099E-03  3.2222220E-03  0.0000000E+00
  0.1573529      5.2377447E-02  2.4665032E-02  1.4133987E-02  9.0196077E-03
  6.1560455E-03  4.3897061E-03  0.0000000E+00
  0.2144608      7.1919933E-02  3.4166668E-02  1.9738562E-02  1.2687908E-02
  8.7009799E-03  6.1748363E-03  0.0000000E+00
  0.3035948      0.1028595      4.9444441E-02  2.8897058E-02  1.8741829E-02
  1.2867646E-02  8.7173199E-03
  0.4513889      0.1553105      7.5882353E-02  4.5049019E-02  2.9501634E-02
  1.9583331E-02
  0.7169934      0.2526961      0.1264706      7.6715685E-02  4.9468953E-02
   1.252451      0.4591503      0.2387255      0.1465686    
   2.535131       1.000000      0.5482843    
   6.695261       3.067810    
   32.49183    
   10000.00    
  4.8073471E-02  1.5738774E-02  7.2424486E-03  4.0555098E-03  2.5338775E-03
  1.6979591E-03  1.1959184E-03  8.7346934E-04
  5.8791835E-02  1.9297959E-02  8.9061223E-03  4.9999999E-03  3.1306122E-03
  2.1028572E-03  1.4832652E-03  1.0840816E-03
  7.3004082E-02  2.4032652E-02  1.1126530E-02  6.2669390E-03  3.9355103E-03
  2.6489797E-03  1.8718367E-03  1.3689796E-03
  9.2244893E-02  3.0465305E-02  1.4163265E-02  8.0106119E-03  5.0473469E-03
  3.4073470E-03  2.4114286E-03  0.0000000E+00
  0.1190204      3.9469387E-02  1.8440817E-02  1.0481632E-02  6.6334694E-03
  4.4922451E-03  3.1844897E-03  0.0000000E+00
  0.1574694      5.2481633E-02  2.4685714E-02  1.4114286E-02  8.9795915E-03
  6.1053061E-03  4.3265307E-03  0.0000000E+00
  0.2146122      7.2057143E-02  3.4179591E-02  1.9706123E-02  1.2620408E-02
  8.6122444E-03  6.0555106E-03  0.0000000E+00
  0.3039184      0.1031020      4.9453061E-02  2.8824490E-02  1.8612245E-02
  1.2677550E-02  8.4734689E-03
  0.4518367      0.1555918      7.5861223E-02  4.4881631E-02  2.9191835E-02
  1.9102041E-02
  0.7178776      0.2530612      0.1263673      7.6212242E-02  4.8481628E-02
   1.253878      0.4595918      0.2380408      0.1444082    
   2.539592       1.000000      0.5427755    
   6.703673       3.052245    
   32.50612    
   100000.0    
  4.9265902E-02  1.5831973E-02  7.2626430E-03  4.0522022E-03  2.5203915E-03
  1.6802611E-03  1.1769984E-03  8.5481239E-04
  5.9722673E-02  1.9396411E-02  8.9233276E-03  4.9942904E-03  3.1141925E-03
  2.0807504E-03  1.4592169E-03  1.0595432E-03
  7.3727570E-02  2.4143556E-02  1.1150082E-02  6.2585641E-03  3.9127246E-03
  2.6199021E-03  1.8393148E-03  1.3360522E-03
  9.2822187E-02  3.0603589E-02  1.4192496E-02  7.9967380E-03  5.0163134E-03
  3.3670475E-03  2.3662315E-03  0.0000000E+00
  0.1195759      3.9641112E-02  1.8474715E-02  1.0456770E-02  6.5864599E-03
  4.4323001E-03  3.1166396E-03  0.0000000E+00
  0.1579119      5.2691679E-02  2.4722675E-02  1.4078303E-02  8.9070145E-03
  6.0106036E-03  4.2177816E-03  0.0000000E+00
  0.2151713      7.2340943E-02  3.4216966E-02  1.9641111E-02  1.2495921E-02
  8.4502446E-03  5.8637848E-03  0.0000000E+00
  0.3046493      0.1034258      4.9477980E-02  2.8686788E-02  1.8376835E-02
  1.2357259E-02  8.1068520E-03
  0.4530995      0.1561175      7.5840130E-02  4.4559542E-02  2.8646005E-02
  1.8384991E-02
  0.7199836      0.2537520      0.1261011      7.5318113E-02  4.6973899E-02
   1.257749      0.4606036      0.2367863      0.1409462    
   2.548124       1.000000      0.5340946    
   6.724307       3.027732    
   33.00979    
   1000000.    
  5.7035834E-02  1.6270358E-02  7.3485347E-03  4.0415311E-03  2.4796417E-03
  1.6335505E-03  1.1311076E-03  8.1319216E-04
  6.6539094E-02  1.9739414E-02  8.9820856E-03  4.9731270E-03  3.0651467E-03
  2.0252443E-03  1.4055375E-03  1.0105864E-03
  7.9421826E-02  2.4429969E-02  1.1188926E-02  6.2263845E-03  3.8534203E-03
  2.5537461E-03  1.7736158E-03  1.2744300E-03
  9.7394146E-02  3.0871335E-02  1.4226384E-02  7.9511404E-03  4.9405540E-03
  3.2809447E-03  2.2809447E-03  0.0000000E+00
  0.1229642      3.9934855E-02  1.8509772E-02  1.0399023E-02  6.4828992E-03
  4.3151467E-03  2.9975569E-03  0.0000000E+00
  0.1605049      5.3045604E-02  2.4747558E-02  1.3982086E-02  8.7540718E-03
  5.8355052E-03  4.0382738E-03  0.0000000E+00
  0.2171824      7.2785020E-02  3.4226388E-02  1.9470684E-02  1.2255700E-02
  8.1596095E-03  5.5716615E-03  0.0000000E+00
  0.3065147      0.1040717      4.9454398E-02  2.8387623E-02  1.7931597E-02
  1.1840392E-02  7.6099355E-03
  0.4552932      0.1569218      7.5675897E-02  4.3933228E-02  2.7736157E-02
  1.7369706E-02
  0.7233713      0.2548860      0.1254886      7.3705211E-02  4.4747557E-02
   1.264658      0.4619707      0.2342834      0.1355863    
   2.561889       1.000000      0.5200326    
   6.754887       2.986971    
   35.18730    
  1.0000000E+07
  8.7866455E-02  1.9674268E-02  7.9201963E-03  4.0537464E-03  2.3705212E-03
  1.5097720E-03  1.0211727E-03  7.2182412E-04
  9.4462544E-02  2.2711726E-02  9.4869714E-03  4.9584694E-03  2.9372964E-03
  1.8859936E-03  1.2817590E-03  9.0798049E-04
  0.1050489      2.6848536E-02  1.1587949E-02  6.1758962E-03  3.7011404E-03
  2.3941370E-03  1.6327362E-03  1.1571662E-03
  0.1210098      3.2695442E-02  1.4503258E-02  7.8550493E-03  4.7565149E-03
  3.0936485E-03  2.1140066E-03  0.0000000E+00
  0.1444625      4.1254073E-02  1.8664496E-02  1.0244301E-02  6.2540718E-03
  4.0838765E-03  2.7899025E-03  0.0000000E+00
  0.1789088      5.4063518E-02  2.4804560E-02  1.3754073E-02  8.4527684E-03
  5.5293161E-03  3.7605863E-03  0.0000000E+00
  0.2318404      7.3745929E-02  3.4226388E-02  1.9144952E-02  1.1815961E-02
  7.7133556E-03  5.1653096E-03  0.0000000E+00
  0.3176710      0.1052117      4.9364820E-02  2.7833877E-02  1.7214984E-02
  1.1107492E-02  6.9877855E-03
  0.4642508      0.1584691      7.5374596E-02  4.2866450E-02  2.6376223E-02
  1.6066777E-02
  0.7327362      0.2570847      0.1245114      7.1213357E-02  4.1807819E-02
   1.278502      0.4648209      0.2302932      0.1283388    
   2.590391       1.000000      0.5004072    
   6.821661       2.932411    
   36.95440    
  1.0000000E+08
  0.1751020      2.7248979E-02  9.0938779E-03  4.1502044E-03  2.2497959E-03
  1.3591836E-03  8.8489801E-04  6.0791837E-04
  0.1875918      3.0881632E-02  1.0644898E-02  4.9640816E-03  2.7306122E-03
  1.6669388E-03  1.0930612E-03  7.5526530E-04
  0.1986123      3.5363264E-02  1.2702040E-02  6.0791839E-03  3.4008161E-03
  2.1004081E-03  1.3877552E-03  9.6326531E-04
  0.2094694      4.1175511E-02  1.5534693E-02  7.6481630E-03  4.3567345E-03
  2.7208163E-03  1.8106122E-03  0.0000000E+00
  0.2243265      4.9183670E-02  1.9551020E-02  9.9102044E-03  5.7444894E-03
  3.6236735E-03  2.4204082E-03  0.0000000E+00
  0.2505306      6.0808167E-02  2.5428571E-02  1.3257143E-02  7.8040813E-03
  4.9583674E-03  3.3077549E-03  0.0000000E+00
  0.2976326      7.8783676E-02  3.4440815E-02  1.8399999E-02  1.0963265E-02
  6.9730612E-03  4.5877551E-03  0.0000000E+00
  0.3777143      0.1085714      4.9069386E-02  2.6702041E-02  1.5999999E-02
  1.0065306E-02  6.2244898E-03
  0.5151837      0.1611429      7.4481629E-02  4.0995918E-02  2.4416326E-02
  1.4481632E-02
  0.7729796      0.2602449      0.1223673      6.7493878E-02  3.8155101E-02
   1.315102      0.4688163      0.2240816      0.1191020    
   2.643265       1.000000      0.4744489    
   6.937143       2.861225    
   37.40408    
  1.0000000E+09
  0.2639209      3.6845140E-02  1.1441515E-02  4.9588140E-03  2.5848434E-03
  1.5140033E-03  9.6128497E-04  6.4736407E-04
  0.2942339      4.1474462E-02  1.2965403E-02  5.6474465E-03  2.9546949E-03
  1.7355847E-03  1.1046128E-03  7.4431632E-04
  0.3320428      4.7537066E-02  1.5024711E-02  6.5980228E-03  3.4719934E-03
  2.0485995E-03  1.3072487E-03  8.8303123E-04
  0.3763591      5.5329490E-02  1.7800659E-02  7.9184510E-03  4.2067543E-03
  2.4991762E-03  1.6021415E-03  0.0000000E+00
  0.4244646      6.5304771E-02  2.1622734E-02  9.8105436E-03  5.2833608E-03
  3.1680395E-03  2.0428335E-03  0.0000000E+00
  0.4724876      7.8418449E-02  2.7125206E-02  1.2652389E-02  6.9398680E-03
  4.2100493E-03  2.7265237E-03  0.0000000E+00
  0.5200988      9.6869841E-02  3.5551894E-02  1.7166391E-02  9.6128499E-03
  5.8887973E-03  3.7940692E-03  0.0000000E+00
  0.5825371      0.1256178      4.9324542E-02  2.4695221E-02  1.4069193E-02
  8.5996706E-03  5.2570016E-03
  0.7029654      0.1745469      7.3228993E-02  3.7808895E-02  2.1614498E-02
  1.2545304E-02
  0.9530478      0.2681219      0.1184514      6.2051069E-02  3.3813838E-02
   1.479407      0.4730642      0.2144975      0.1080725    
   2.793245       1.000000      0.4434926    
   7.154036       2.784184    
   37.90774    
  1.0000000E+10
  0.4586791      6.3048266E-02  1.9339543E-02  8.3048260E-03  4.2946655E-03
  2.4995767E-03  1.5783234E-03  1.0567316E-03
  0.4969517      6.8374261E-02  2.0990686E-02  9.0177814E-03  4.6638441E-03
  2.7138018E-03  1.7129552E-03  1.1464860E-03
  0.5345470      7.3691785E-02  2.2650296E-02  9.7375102E-03  5.0397967E-03
  2.9322607E-03  1.8492802E-03  1.2362405E-03
  0.5805250      8.0313288E-02  2.4750210E-02  1.0660456E-02  5.5207452E-03
  3.2125316E-03  2.0245556E-03  0.0000000E+00
  0.6486029      9.0347156E-02  2.7959358E-02  1.2082981E-02  6.2684161E-03
  3.6502962E-03  2.2972056E-03  0.0000000E+00
  0.7492803      0.1056732      3.3014394E-02  1.4352243E-02  7.4750208E-03
  4.3590176E-03  2.7358171E-03  0.0000000E+00
  0.8865368      0.1283658      4.0795937E-02  1.7950889E-02  9.4157495E-03
  5.5046566E-03  3.4259104E-03  0.0000000E+00
   1.056732      0.1613887      5.3073663E-02  2.3869602E-02  1.2684166E-02
  7.4072815E-03  4.4022016E-03
   1.250635      0.2126164      7.4174426E-02  3.4521591E-02  1.8577477E-02
  1.0448772E-02
   1.502117      0.3040644      0.1149873      5.5393733E-02  2.8975444E-02
   2.026249      0.4975445      0.2027942      9.6104994E-02
   3.403048       1.000000      0.4103302    
   7.843353       2.714648    
   39.29721    
