   100.0000    
  4.4861116E-02  1.5200001E-02  7.3222225E-03  4.2833332E-03  2.7838890E-03
  1.9333335E-03  1.4055556E-03  1.0577778E-03
  5.4788891E-02  1.8611113E-02  8.9944452E-03  5.2838894E-03  3.4466668E-03
  2.4011114E-03  1.7505556E-03  1.3205557E-03
  6.7888893E-02  2.3144444E-02  1.1238890E-02  6.6277781E-03  4.3427777E-03
  3.0372222E-03  2.2227778E-03  1.6816668E-03
  8.5611112E-02  2.9305557E-02  1.4311112E-02  8.4888889E-03  5.5888891E-03
  3.9277780E-03  2.8872222E-03  0.0000000E+00
  0.1102222      3.7916668E-02  1.8644447E-02  1.1138889E-02  7.3833335E-03
  5.2194446E-03  3.8561111E-03  0.0000000E+00
  0.1453333      5.0361112E-02  2.4983333E-02  1.5061112E-02  1.0066667E-02
  7.1722222E-03  5.3294445E-03  0.0000000E+00
  0.1975000      6.9111116E-02  3.4683336E-02  2.1155557E-02  1.4305556E-02
  1.0294445E-02  7.6666670E-03  0.0000000E+00
  0.2788333      9.8833337E-02  5.0405558E-02  3.1250000E-02  2.1461112E-02
  1.5600001E-02  1.1250000E-02
  0.4134445      0.1494444      7.7944443E-02  4.9466670E-02  3.4677777E-02
  2.4805555E-02
  0.6555556      0.2441111      0.1317222      8.6611114E-02  6.1166666E-02
   1.144444      0.4480000      0.2557222      0.1753889    
   2.328333       1.000000      0.6272222    
   6.261111       3.284445    
   32.70000    
   1000.000    
  4.4905659E-02  1.5233073E-02  7.3307431E-03  4.2841285E-03  2.7813539E-03
  1.9278579E-03  1.3990010E-03  1.0504994E-03
  5.4839067E-02  1.8645948E-02  9.0066586E-03  5.2852384E-03  3.4422863E-03
  2.3940064E-03  1.7419533E-03  1.3107657E-03
  6.7980021E-02  2.3185348E-02  1.1254162E-02  6.6315201E-03  4.3368479E-03
  3.0277469E-03  2.2103216E-03  1.6670366E-03
  8.5682571E-02  2.9356271E-02  1.4322974E-02  8.4905662E-03  5.5826856E-03
  3.9139842E-03  2.8684794E-03  0.0000000E+00
  0.1103219      3.7980020E-02  1.8662596E-02  1.1137624E-02  7.3695891E-03
  5.1970030E-03  3.8263041E-03  0.0000000E+00
  0.1454495      5.0443947E-02  2.5005547E-02  1.5049944E-02  1.0044395E-02
  7.1365144E-03  5.2774693E-03  0.0000000E+00
  0.1977247      6.9200888E-02  3.4705881E-02  2.1137625E-02  1.4256380E-02
  1.0221976E-02  7.5582680E-03  0.0000000E+00
  0.2790788      9.9001102E-02  5.0432850E-02  3.1209767E-02  2.1365149E-02
  1.5432851E-02  1.0982241E-02
  0.4138735      0.1496670      7.7968918E-02  4.9361818E-02  3.4422863E-02
  2.4311874E-02
  0.6564927      0.2443951      0.1316870      8.6237513E-02  6.0210876E-02
   1.145949      0.4484462      0.2552164      0.1733074    
   2.331853       1.000000      0.6220866    
   6.265260       3.270810    
   32.64706    
   10000.00    
  4.5083053E-02  1.5287928E-02  7.3477295E-03  4.2846068E-03  2.7740865E-03
  1.9169436E-03  1.3859357E-03  1.0354375E-03
  5.4994460E-02  1.8709855E-02  9.0254704E-03  5.2840528E-03  3.4324473E-03
  2.3787376E-03  1.7242525E-03  1.2906977E-03
  6.8106316E-02  2.3261350E-02  1.1273533E-02  6.6279066E-03  4.3228124E-03
  3.0066445E-03  2.1849391E-03  1.6384274E-03
  8.5880399E-02  2.9446289E-02  1.4346623E-02  8.4828343E-03  5.5592470E-03
  3.8837211E-03  2.8316721E-03  0.0000000E+00
  0.1104651      3.8089704E-02  1.8687706E-02  1.1124031E-02  7.3366556E-03
  5.1511624E-03  3.7691030E-03  0.0000000E+00
  0.1456811      5.0581396E-02  2.5033223E-02  1.5027686E-02  9.9889254E-03
  7.0598004E-03  5.1794020E-03  0.0000000E+00
  0.1980066      6.9379844E-02  3.4739755E-02  2.1096345E-02  1.4163898E-02
  1.0083057E-02  7.3698782E-03  0.0000000E+00
  0.2795681      9.9224806E-02  5.0454039E-02  3.1112958E-02  2.1173865E-02
  1.5132890E-02  1.0575858E-02
  0.4146179      0.1500000      7.7962346E-02  4.9125139E-02  3.3947948E-02
  2.3538206E-02
  0.6578073      0.2449059      0.1315061      8.5492797E-02  5.8637876E-02
   1.148394      0.4490587      0.2542082      0.1698782    
   2.336656       1.000000      0.6135105    
   6.279070       3.246401    
   32.62458    
   100000.0    
  4.6451431E-02  1.5419425E-02  7.3841051E-03  4.2875274E-03  2.7593817E-03
  1.8940396E-03  1.3587195E-03  1.0071744E-03
  5.6070641E-02  1.8852096E-02  9.0673286E-03  5.2831122E-03  3.4122516E-03
  2.3487858E-03  1.6887416E-03  1.2533112E-03
  6.8984546E-02  2.3416113E-02  1.1313465E-02  6.6225166E-03  4.2935978E-03
  2.9652317E-03  2.1374172E-03  1.5877483E-03
  8.6589396E-02  2.9630242E-02  1.4392936E-02  8.4713027E-03  5.5176597E-03
  3.8250547E-03  2.7637966E-03  0.0000000E+00
  0.1111479      3.8311258E-02  1.8736202E-02  1.1098233E-02  7.2737304E-03
  5.0634658E-03  3.6661145E-03  0.0000000E+00
  0.1463576      5.0855406E-02  2.5088299E-02  1.4983444E-02  9.8841060E-03
  6.9205295E-03  5.0115893E-03  0.0000000E+00
  0.1987859      6.9757171E-02  3.4790285E-02  2.1004414E-02  1.3984546E-02
  9.8344367E-03  7.0695360E-03  0.0000000E+00
  0.2806291      9.9724062E-02  5.0491165E-02  3.0921631E-02  2.0816777E-02
  1.4635760E-02  9.9944808E-03
  0.4162251      0.1506622      7.7924944E-02  4.8675492E-02  3.3118099E-02
  2.2389624E-02
  0.6600441      0.2458057      0.1311810      8.4161147E-02  5.6236200E-02
   1.153422      0.4502759      0.2523731      0.1644592    
   2.347130       1.000000      0.5998896    
   6.302428       3.207505    
   33.07947    
   1000000.    
  5.4964263E-02  1.6173722E-02  7.6085762E-03  4.3309513E-03  2.7333698E-03
  1.8427708E-03  1.3007146E-03  9.4997248E-04
  6.3661352E-02  1.9450245E-02  9.2413416E-03  5.3067617E-03  3.3727323E-03
  2.2847718E-03  1.6184717E-03  1.1841670E-03
  7.5426057E-02  2.3925232E-02  1.1456843E-02  6.6245189E-03  4.2369431E-03
  2.8834525E-03  2.0483781E-03  1.4997252E-03
  9.1863662E-02  3.0104453E-02  1.4518966E-02  8.4496969E-03  5.4354039E-03
  3.7146781E-03  2.6443100E-03  0.0000000E+00
  0.1153381      3.8812533E-02  1.8851016E-02  1.1055524E-02  7.1467836E-03
  4.9054422E-03  3.4947773E-03  0.0000000E+00
  0.1497526      5.1440351E-02  2.5200658E-02  1.4892799E-02  9.6976366E-03
  6.6739963E-03  4.7482131E-03  0.0000000E+00
  0.2017592      7.0478283E-02  3.4898296E-02  2.0830126E-02  1.3661352E-02
  9.4282571E-03  6.6300165E-03  0.0000000E+00
  0.2836173      0.1006597      5.0571743E-02  3.0571740E-02  2.0214403E-02
  1.3881253E-02  9.2248488E-03
  0.4200110      0.1519516      7.7844970E-02  4.7872458E-02  3.1808686E-02
  2.0841120E-02
  0.6657504      0.2477185      0.1306212      8.1968114E-02  5.2880704E-02
   1.163826      0.4527763      0.2492578      0.1566245    
   2.368884       1.000000      0.5799890    
   6.349642       3.151182    
   35.06872    
  1.0000000E+07
  9.2345543E-02  2.1077091E-02  8.6221974E-03  4.4740294E-03  2.6484418E-03
  1.7053034E-03  1.1645708E-03  8.2996167E-04
  9.6172765E-02  2.3821760E-02  1.0180426E-02  5.4226350E-03  3.2640786E-03
  2.1246583E-03  1.4609075E-03  1.0459267E-03
  0.1041006      2.7577911E-02  1.2269000E-02  6.6976487E-03  4.0945872E-03
  2.6927283E-03  1.8627666E-03  1.3367961E-03
  0.1176053      3.2952435E-02  1.5155822E-02  8.4581738E-03  5.2449424E-03
  3.4794970E-03  2.4182615E-03  0.0000000E+00
  0.1385456      4.0940404E-02  1.9311098E-02  1.0967742E-02  6.8890103E-03
  4.6014218E-03  3.2044833E-03  0.0000000E+00
  0.1698742      5.3089119E-02  2.5494805E-02  1.4696555E-02  9.3165664E-03
  6.2547838E-03  4.3460908E-03  0.0000000E+00
  0.2182613      7.1951881E-02  3.5057407E-02  2.0459266E-02  1.3078185E-02
  8.7862220E-03  6.0306177E-03  0.0000000E+00
  0.2967742      0.1023510      5.0585017E-02  2.9879713E-02  1.9212684E-02
  1.2804811E-02  8.2777478E-03
  0.4313286      0.1541279      7.7583380E-02  4.6429742E-02  2.9841442E-02
  1.8873701E-02
  0.6785128      0.2506834      0.1293056      7.8458175E-02  4.8469108E-02
   1.182613      0.4565883      0.2438491      0.1458721    
   2.406233       1.000000      0.5516676    
   6.435211       3.069983    
   36.38600    
  1.0000000E+08
  0.2009234      3.1075502E-02  1.0347637E-02  4.7246064E-03  2.5632808E-03
  1.5507877E-03  1.0108636E-03  6.9581752E-04
  0.2122216      3.4725696E-02  1.1960891E-02  5.5839219E-03  3.0793047E-03
  1.8848452E-03  1.2395437E-03  8.5877243E-04
  0.2203151      3.9092883E-02  1.4073873E-02  6.7571970E-03  3.7990222E-03
  2.3568713E-03  1.5649104E-03  1.0907116E-03
  0.2260185      4.4617057E-02  1.6947312E-02  8.4084729E-03  4.8272680E-03
  3.0374797E-03  2.0353068E-03  0.0000000E+00
  0.2335687      5.2085824E-02  2.0999456E-02  1.0787616E-02  6.3280826E-03
  4.0347637E-03  2.7213471E-03  0.0000000E+00
  0.2512765      6.2900595E-02  2.6920153E-02  1.4312874E-02  8.5659968E-03
  5.5241720E-03  3.7322107E-03  0.0000000E+00
  0.2898968      7.9630636E-02  3.5980444E-02  1.9744704E-02  1.2026073E-02
  7.7946763E-03  5.2145571E-03  0.0000000E+00
  0.3614883      0.1078218      5.0793048E-02  2.8598588E-02  1.7620858E-02
  1.1347094E-02  7.1591525E-03
  0.4876155      0.1583379      7.6860406E-02  4.4057578E-02  2.7137425E-02
  1.6556220E-02
  0.7251493      0.2551331      0.1268332      7.3384032E-02  4.3188483E-02
   1.228137      0.4619229      0.2354699      0.1325910    
   2.473112       1.000000      0.5145573    
   6.577947       2.966866    
   36.64856    
  1.0000000E+09
  0.3154678      4.3996755E-02  1.3650622E-02  5.9167119E-03  3.0832882E-03
  1.8063819E-03  1.1471065E-03  7.7230937E-04
  0.3454840      4.8604649E-02  1.5181179E-02  6.6089779E-03  3.4586261E-03
  2.0319091E-03  1.2931314E-03  8.7182259E-04
  0.3836668      5.4786369E-02  1.7290426E-02  7.5932937E-03  3.9956733E-03
  2.3585721E-03  1.5056786E-03  1.0173066E-03
  0.4283937      6.2736616E-02  2.0162251E-02  8.9670084E-03  4.7647376E-03
  2.8328826E-03  1.8177393E-03  0.0000000E+00
  0.4758248      7.2850183E-02  2.4094105E-02  1.0935641E-02  5.8950782E-03
  3.5424554E-03  2.2882640E-03  0.0000000E+00
  0.5198485      8.5884266E-02  2.9707950E-02  1.3888588E-02  7.6473770E-03
  4.6554892E-03  3.0265008E-03  0.0000000E+00
  0.5570579      0.1037858      3.8269334E-02  1.8599242E-02  1.0486750E-02
  6.4683612E-03  4.1984855E-03  0.0000000E+00
  0.5997837      0.1312601      5.2255273E-02  2.6506219E-02  1.5289346E-02
  9.4537586E-03  5.8464031E-03
  0.6949703      0.1780963      7.6636016E-02  4.0432665E-02  2.3564087E-02
  1.3915630E-02
  0.9194159      0.2683072      0.1231476      6.6576526E-02  3.7290428E-02
   1.411574      0.4697674      0.2239589      0.1177393    
   2.652785       1.000000      0.4729584    
   6.841536       2.859924    
   37.13358    
  1.0000000E+10
  0.5949299      8.1769146E-02  2.5080906E-02  1.0771305E-02  5.5717370E-03
  3.2411003E-03  2.0463862E-03  1.3710896E-03
  0.6310680      8.6839266E-02  2.6650485E-02  1.1445522E-02  5.9223301E-03
  3.4449839E-03  2.1742177E-03  1.4552319E-03
  0.6601942      9.0992451E-02  2.7971951E-02  1.2022654E-02  6.2243794E-03
  3.6208197E-03  2.2837108E-03  1.5264293E-03
  0.6957929      9.6170440E-02  2.9633226E-02  1.2761597E-02  6.6073355E-03
  3.8473569E-03  2.4244876E-03  0.0000000E+00
  0.7551240      0.1050701      3.2508090E-02  1.4039913E-02  7.2869468E-03
  4.2448756E-03  2.6720604E-03  0.0000000E+00
  0.8505933      0.1197411      3.7384033E-02  1.6251348E-02  8.4681772E-03
  4.9401294E-03  3.1024811E-03  0.0000000E+00
  0.9838188      0.1420712      4.5129452E-02  1.9859763E-02  1.0431499E-02
  6.1003235E-03  3.8015102E-03  0.0000000E+00
   1.148328      0.1747573      5.7443362E-02  2.5857603E-02  1.3770226E-02
  8.0582518E-03  4.8042070E-03
   1.326321      0.2248112      7.8586839E-02  3.6742177E-02  1.9881338E-02
  1.1251348E-02
   1.536138      0.3135383      0.1199029      5.8414239E-02  3.0933119E-02
   1.988134      0.5024272      0.2099245      0.1018339    
   3.284790       1.000000      0.4280474    
   7.572815       2.745415    
   38.32794    
