   100.0000    
  4.3630425E-02  1.4983668E-02  7.3448438E-03  4.3784413E-03  2.8950069E-03
  2.0415306E-03  1.5048996E-03  1.1465235E-03
  5.3243119E-02  1.8329445E-02  9.0247318E-03  5.4036397E-03  3.5865607E-03
  2.5384973E-03  1.8777414E-03  1.4353710E-03
  6.5888941E-02  2.2771815E-02  1.1273915E-02  6.7802146E-03  4.5240317E-03
  3.2169856E-03  2.3901074E-03  1.8334111E-03
  8.2967803E-02  2.8814744E-02  1.4353710E-02  8.6887544E-03  5.8329445E-03
  4.1703219E-03  3.1147923E-03  0.0000000E+00
  0.1066262      3.7251517E-02  1.8702753E-02  1.1413906E-02  7.7181524E-03
  5.5622961E-03  4.1801212E-03  0.0000000E+00
  0.1404106      4.9463369E-02  2.5072329E-02  1.5454968E-02  1.0559963E-02
  7.6808212E-03  5.8189454E-03  0.0000000E+00
  0.1905740      6.7802146E-02  3.4839012E-02  2.1773215E-02  1.5072328E-02
  1.1096593E-02  8.4554357E-03  0.0000000E+00
  0.2686421      9.7013533E-02  5.0723288E-02  3.2305181E-02  2.2785814E-02
  1.7013531E-02  1.2613160E-02
  0.3978535      0.1467102      7.8721419E-02  5.1516566E-02  3.7288848E-02
  2.7592160E-02
  0.6304247      0.2401307      0.1339244      9.1460571E-02  6.7335509E-02
   1.100793      0.4428371      0.2636024      0.1902940    
   2.244050       1.000000      0.6672888    
   6.084928       3.396640    
   32.91181    
   1000.000    
  4.3674894E-02  1.5011645E-02  7.3544485E-03  4.3795998E-03  2.8914765E-03
  2.0353983E-03  1.4969725E-03  1.1374011E-03
  5.3283654E-02  1.8365161E-02  9.0358639E-03  5.4028882E-03  3.5817423E-03
  2.5300418E-03  1.8672567E-03  1.4224501E-03
  6.5952495E-02  2.2817886E-02  1.1285515E-02  6.7815557E-03  4.5170006E-03
  3.2054030E-03  2.3749419E-03  1.8150908E-03
  8.3046116E-02  2.8863531E-02  1.4368887E-02  8.6865397E-03  5.8220774E-03
  4.1532372E-03  3.0922219E-03  0.0000000E+00
  0.1067070      3.7317187E-02  1.8719144E-02  1.1406614E-02  7.6991152E-03
  5.5333027E-03  4.1434560E-03  0.0000000E+00
  0.1405682      4.9510948E-02  2.5095483E-02  1.5449464E-02  1.0530974E-02
  7.6339077E-03  5.7522128E-03  0.0000000E+00
  0.1907778      6.7908712E-02  3.4862600E-02  2.1751281E-02  1.5020959E-02
  1.1010713E-02  8.3185844E-03  0.0000000E+00
  0.2689334      9.7158827E-02  5.0768517E-02  3.2254308E-02  2.2668840E-02
  1.6809503E-02  1.2277597E-02
  0.3983232      0.1469492      7.8714490E-02  5.1374011E-02  3.6977179E-02
  2.6967863E-02
  0.6311132      0.2404285      0.1338612      9.1010712E-02  6.6092223E-02
   1.102003      0.4432231      0.2629716      0.1877038    
   2.247322       1.000000      0.6609222    
   6.092222       3.378668    
   32.84118    
   10000.00    
  4.3876506E-02  1.5074279E-02  7.3769731E-03  4.3811509E-03  2.8839367E-03
  2.0227483E-03  1.4814298E-03  1.1193128E-03
  5.3435463E-02  1.8435469E-02  9.0575665E-03  5.4038996E-03  3.5705664E-03
  2.5129989E-03  1.8458681E-03  1.3983286E-03
  6.6109560E-02  2.2901578E-02  1.1309192E-02  6.7780870E-03  4.5013926E-03
  3.1810584E-03  2.3449396E-03  1.7804084E-03
  8.3240479E-02  2.8964715E-02  1.4396471E-02  8.6815227E-03  5.7985140E-03
  4.1179201E-03  3.0478179E-03  0.0000000E+00
  0.1069174      3.7437323E-02  1.8751159E-02  1.1397400E-02  7.6648095E-03
  5.4781800E-03  4.0738159E-03  0.0000000E+00
  0.1408078      4.9675021E-02  2.5129991E-02  1.5422469E-02  1.0468895E-02
  7.5441035E-03  5.6313830E-03  0.0000000E+00
  0.1911328      6.8105847E-02  3.4902506E-02  2.1703806E-02  1.4911791E-02
  1.0840297E-02  8.0872793E-03  0.0000000E+00
  0.2694522      9.7400181E-02  5.0789226E-02  3.2149490E-02  2.2441968E-02
  1.6439183E-02  1.1764159E-02
  0.3991179      0.1473073      7.8737229E-02  5.1114202E-02  3.6397398E-02
  2.5993500E-02
  0.6323119      0.2409935      0.1337047      9.0111420E-02  6.4113274E-02
   1.104921      0.4439647      0.2617920      0.1834262    
   2.252553       1.000000      0.6504178    
   6.100278       3.348654    
   32.79016    
   100000.0    
  4.5355819E-02  1.5235675E-02  7.4306838E-03  4.3909424E-03  2.8710719E-03
  1.9976895E-03  1.4505545E-03  1.0859519E-03
  5.4667279E-02  1.8604435E-02  9.1127539E-03  5.4066540E-03  3.5508315E-03
  2.4796671E-03  1.8054529E-03  1.3539741E-03
  6.7097962E-02  2.3086876E-02  1.1367837E-02  6.7791124E-03  4.4713491E-03
  3.1344730E-03  2.2888170E-03  1.7195008E-03
  8.4057294E-02  2.9182069E-02  1.4454712E-02  8.6737527E-03  5.7532345E-03
  4.0508318E-03  2.9671902E-03  0.0000000E+00
  0.1077172      3.7698705E-02  1.8817006E-02  1.1377079E-02  7.5924215E-03
  5.3789276E-03  3.9505544E-03  0.0000000E+00
  0.1416359      4.9999997E-02  2.5203327E-02  1.5378927E-02  1.0351201E-02
  7.3752305E-03  5.4297596E-03  0.0000000E+00
  0.1920980      6.8530492E-02  3.4981515E-02  2.1612754E-02  1.4704251E-02
  1.0545286E-02  7.7171903E-03  0.0000000E+00
  0.2707486      9.7966731E-02  5.0878000E-02  3.1945471E-02  2.2028649E-02
  1.5836414E-02  1.1039740E-02
  0.4010628      0.1481054      7.8743063E-02  5.0600734E-02  3.5406653E-02
  2.4579482E-02
  0.6358595      0.2420979      0.1333641      8.8539742E-02  6.1182991E-02
   1.110906      0.4454713      0.2597505      0.1768484    
   2.264787       1.000000      0.6340111    
   6.127541       3.301756    
   33.23475    
   1000000.    
  5.4199170E-02  1.6145021E-02  7.7237263E-03  4.4635152E-03  2.8531435E-03
  1.9440110E-03  1.3845800E-03  1.0192748E-03
  6.2505737E-02  1.9320788E-02  9.3483245E-03  5.4566311E-03  3.5153737E-03
  2.4098209E-03  1.7241854E-03  1.2721431E-03
  7.3841207E-02  2.3685176E-02  1.1555759E-02  6.8012848E-03  4.4130334E-03
  3.0417622E-03  2.1840292E-03  1.6140430E-03
  8.9628264E-02  2.9733824E-02  1.4616797E-02  8.6645251E-03  5.6631481E-03
  3.9229002E-03  2.8246902E-03  0.0000000E+00
  0.1121615      3.8265258E-02  1.8962827E-02  1.1330885E-02  7.4529601E-03
  5.1904540E-03  3.7448371E-03  0.0000000E+00
  0.1452501      5.0665442E-02  2.5337311E-02  1.5282239E-02  1.0128499E-02
  7.0858188E-03  5.1078475E-03  0.0000000E+00
  0.1952730      6.9343731E-02  3.5107847E-02  2.1413492E-02  1.4318494E-02
  1.0055071E-02  7.1821935E-03  0.0000000E+00
  0.2739789      9.9036254E-02  5.0940797E-02  3.1532813E-02  2.1303348E-02
  1.4915098E-02  1.0087196E-02
  0.4051400      0.1495181      7.8659929E-02  4.9655806E-02  3.3818264E-02
  2.2666359E-02
  0.6420376      0.2441487      0.1326755      8.5910961E-02  5.7090405E-02
   1.122074      0.4481413      0.2559890      0.1672327    
   2.287746       1.000000      0.6094539    
   6.181735       3.232216    
   35.08949    
  1.0000000E+07
  9.5225096E-02  2.1869030E-02  8.9859022E-03  4.6884944E-03  2.7889949E-03
  1.8040017E-03  1.2369258E-03  8.8494772E-04
  9.7680762E-02  2.4456570E-02  1.0536607E-02  5.6525692E-03  3.4256480E-03
  2.2428376E-03  1.5502501E-03  1.1150523E-03
  0.1042292      2.8008185E-02  1.2605730E-02  6.9486126E-03  4.2851293E-03
  2.8385627E-03  1.9763529E-03  1.4265574E-03
  0.1165530      3.3142336E-02  1.5470668E-02  8.7403357E-03  5.4752161E-03
  3.6662116E-03  2.5670759E-03  0.0000000E+00
  0.1362892      4.0841293E-02  1.9599818E-02  1.1300591E-02  7.1850838E-03
  4.8522055E-03  3.4079126E-03  0.0000000E+00
  0.1663483      5.2660298E-02  2.5775352E-02  1.5111415E-02  9.7180530E-03
  6.6030012E-03  4.6384721E-03  0.0000000E+00
  0.2128240      7.1168706E-02  3.5375170E-02  2.1036834E-02  1.3665303E-02
  9.3087768E-03  6.4620278E-03  0.0000000E+00
  0.2882674      0.1010005      5.1023189E-02  3.0777626E-02  2.0150067E-02
  1.3642565E-02  8.9404276E-03
  0.4177808      0.1520691      7.8399271E-02  4.8021827E-02  3.1514324E-02
  2.0300135E-02
  0.6562074      0.2476125      0.1312869      8.1809908E-02  5.1796272E-02
   1.143247      0.4525693      0.2498408      0.1544793    
   2.330150       1.000000      0.5757162    
   6.275579       3.136880    
   36.21646    
  1.0000000E+08
  0.2151842      3.3162624E-02  1.1028751E-02  5.0314465E-03  2.7304583E-03
  1.6522912E-03  1.0777179E-03  7.4258761E-04
  0.2259209      3.6823899E-02  1.2663971E-02  5.9119496E-03  3.2619047E-03
  1.9986522E-03  1.3158130E-03  9.1239891E-04
  0.2326146      4.1132074E-02  1.4797843E-02  7.1114101E-03  4.0031443E-03
  2.4878706E-03  1.6549865E-03  1.1558851E-03
  0.2358041      4.6495959E-02  1.7686432E-02  8.7960474E-03  5.0628930E-03
  3.1954178E-03  2.1469002E-03  0.0000000E+00
  0.2397125      5.3728662E-02  2.1747530E-02  1.1221923E-02  6.6127582E-03
  4.2358493E-03  2.8692721E-03  0.0000000E+00
  0.2532345      6.4106017E-02  2.7663970E-02  1.4820306E-02  8.9308182E-03
  5.7951482E-03  3.9384547E-03  0.0000000E+00
  0.2877808      8.0233604E-02  3.6729559E-02  2.0372866E-02  1.2529200E-02
  8.1895776E-03  5.5211140E-03  0.0000000E+00
  0.3556154      0.1076370      5.1572323E-02  2.9465409E-02  1.8382749E-02
  1.1963163E-02  7.6235402E-03
  0.4770889      0.1572327      7.7852651E-02  4.5462713E-02  2.8423179E-02
  1.7574124E-02
  0.7066487      0.2530099      0.1287511      7.6055706E-02  4.5642409E-02
   1.194070      0.4591195      0.2405660      0.1390386    
   2.406110       1.000000      0.5332435    
   6.433064       3.018419    
   36.42408    
  1.0000000E+09
  0.3439823      4.7964606E-02  1.4871683E-02  6.4424779E-03  3.3584072E-03
  1.9672567E-03  1.2495576E-03  8.4159296E-04
  0.3732743      5.2477878E-02  1.6380532E-02  7.1327435E-03  3.7309737E-03
  2.1920353E-03  1.3951327E-03  9.4070798E-04
  0.4111947      5.8628321E-02  1.8500000E-02  8.1194695E-03  4.2725666E-03
  2.5221240E-03  1.6106195E-03  1.0880531E-03
  0.4557522      6.6637173E-02  2.1389382E-02  9.5088501E-03  5.0530978E-03
  3.0048674E-03  1.9287611E-03  0.0000000E+00
  0.5026549      7.6769911E-02  2.5353985E-02  1.1504425E-02  6.2035397E-03
  3.7305313E-03  2.4115045E-03  0.0000000E+00
  0.5446903      8.9690268E-02  3.1000001E-02  1.4500001E-02  7.9911510E-03
  4.8716813E-03  3.1716817E-03  0.0000000E+00
  0.5769911      0.1073451      3.9597347E-02  1.9283187E-02  1.0902655E-02
  6.7433636E-03  4.3876106E-03  0.0000000E+00
  0.6110620      0.1342036      5.3628318E-02  2.7336285E-02  1.5840707E-02
  9.8451329E-03  6.1194692E-03
  0.6942478      0.1799558      7.8141592E-02  4.1584074E-02  2.4429206E-02
  1.4539824E-02
  0.9070797      0.2685398      0.1251770      6.8539828E-02  3.8853984E-02
   1.385841      0.4681416      0.2278761      0.1220354    
   2.598230       1.000000      0.4858407    
   6.721239       2.893363    
   36.85841    
  1.0000000E+10
  0.6750324      9.2773691E-02  2.8455215E-02  1.2215491E-02  6.3176118E-03
  3.6767635E-03  2.3210731E-03  1.5551709E-03
  0.7083514      9.7446993E-02  2.9909130E-02  1.2847252E-02  6.6464734E-03
  3.8667244E-03  2.4400693E-03  1.6330592E-03
  0.7312852      0.1007356      3.0960623E-02  1.3310255E-02  6.8887929E-03
  4.0077888E-03  2.5279101E-03  1.6897448E-03
  0.7589788      0.1048897      3.2310687E-02  1.3911728E-02  7.2046737E-03
  4.1942880E-03  2.6434446E-03  0.0000000E+00
  0.8117698      0.1128948      3.4937259E-02  1.5088706E-02  7.8321081E-03
  4.5607961E-03  2.8719171E-03  0.0000000E+00
  0.9030722      0.1270878      3.9662484E-02  1.7234964E-02  8.9831240E-03
  5.2401558E-03  3.2925142E-03  0.0000000E+00
   1.033752      0.1490697      4.7338814E-02  2.0822156E-02  1.0938987E-02
  6.3998271E-03  3.9896150E-03  0.0000000E+00
   1.195154      0.1813933      5.9584595E-02  2.6828213E-02  1.4296842E-02
  8.3729988E-03  4.9978364E-03
   1.366075      0.2308525      8.0701001E-02  3.7771527E-02  2.0475985E-02
  1.1614020E-02
   1.557767      0.3183903      0.1220684      5.9714410E-02  3.1778451E-02
   1.979663      0.5054089      0.2129381      0.1042406    
   3.244051       1.000000      0.4353094    
   7.481609       2.758546    
   37.98788    
