   100.0000    
  5.1059373E-02  1.6076833E-02  7.1001165E-03  3.8393482E-03  2.3329454E-03
  1.5285215E-03  1.0584401E-03  7.6321303E-04
  6.2596038E-02  1.9732246E-02  8.7334113E-03  4.7322465E-03  2.8800929E-03
  1.8905704E-03  1.3096624E-03  9.4540167E-04
  7.7904537E-02  2.4610011E-02  1.0915018E-02  5.9278230E-03  3.6146683E-03
  2.3771827E-03  1.6495925E-03  1.1909197E-03
  9.8672874E-02  3.1233994E-02  1.3899883E-02  7.5704311E-03  4.6274737E-03
  3.0500581E-03  2.1187426E-03  0.0000000E+00
  0.1275902      4.0512223E-02  1.8090803E-02  9.8905703E-03  6.0651917E-03
  4.0069851E-03  2.7869616E-03  0.0000000E+00
  0.1691502      5.3911522E-02  2.4190919E-02  1.3282887E-02  8.1816064E-03
  5.4190918E-03  3.7694995E-03  0.0000000E+00
  0.2310826      7.4074507E-02  3.3457506E-02  1.8486612E-02  1.1435390E-02
  7.5925495E-03  5.2456344E-03  0.0000000E+00
  0.3278230      0.1059721      4.8265424E-02  2.6880093E-02  1.6728753E-02
  1.1082655E-02  7.3038414E-03
  0.4883586      0.1598370      7.3667057E-02  4.1466821E-02  2.5913853E-02
  1.6542491E-02
  0.7768335      0.2591385      0.1215367      6.9324799E-02  4.2339932E-02
   1.356228      0.4674039      0.2249127      0.1280559    
   2.736903       1.000000      0.4948778    
   7.118743       2.924330    
   32.64261    
   1000.000    
  5.1053431E-02  1.6098242E-02  7.1039461E-03  3.8389014E-03  2.3303456E-03
  1.5260156E-03  1.0550576E-03  7.5974863E-04
  6.2588751E-02  1.9753231E-02  8.7370500E-03  4.7305319E-03  2.8762659E-03
  1.8868583E-03  1.3060179E-03  9.4063551E-04
  7.7907108E-02  2.4630427E-02  1.0918403E-02  5.9259692E-03  3.6107555E-03
  2.3722500E-03  1.6435805E-03  1.1837970E-03
  9.8673031E-02  3.1265277E-02  1.3898266E-02  7.5672213E-03  4.6222792E-03
  3.0427191E-03  2.1103481E-03  0.0000000E+00
  0.1275754      4.0542427E-02  1.8100338E-02  9.8859267E-03  6.0563381E-03
  3.9960425E-03  2.7738330E-03  0.0000000E+00
  0.1691305      5.3951811E-02  2.4199743E-02  1.3281342E-02  8.1666866E-03
  5.4010013E-03  3.7457803E-03  0.0000000E+00
  0.2310558      7.4135721E-02  3.3465251E-02  1.8472821E-02  1.1410779E-02
  7.5590736E-03  5.1984638E-03  0.0000000E+00
  0.3279013      0.1060412      4.8271447E-02  2.6853684E-02  1.6680248E-02
  1.1009196E-02  7.1935747E-03
  0.4885345      0.1599348      7.3658481E-02  4.1403797E-02  2.5794435E-02
  1.6331045E-02
  0.7772087      0.2593412      0.1215225      6.9130480E-02  4.1927598E-02
   1.357234      0.4675823      0.2246537      0.1271098    
   2.737749       1.000000      0.4926085    
   7.122570       2.918170    
   32.62717    
   10000.00    
  5.1140595E-02  1.6119646E-02  7.1089389E-03  3.8372905E-03  2.3254191E-03
  1.5200186E-03  1.0484172E-03  7.5290969E-04
  6.2651306E-02  1.9785848E-02  8.7441811E-03  4.7276537E-03  2.8701117E-03
  1.8784916E-03  1.2965549E-03  9.3156431E-04
  7.7944599E-02  2.4662476E-02  1.0926444E-02  5.9217876E-03  3.6021883E-03
  2.3614990E-03  1.6317505E-03  1.1720206E-03
  9.8708101E-02  3.1308193E-02  1.3908288E-02  7.5616851E-03  4.6101026E-03
  3.0272347E-03  2.0938083E-03  0.0000000E+00
  0.1276769      4.0607542E-02  1.8109869E-02  9.8766293E-03  6.0393391E-03
  3.9734640E-03  2.7479052E-03  0.0000000E+00
  0.1692272      5.4038640E-02  2.4208566E-02  1.3268157E-02  8.1389667E-03
  5.3654565E-03  3.7022813E-03  0.0000000E+00
  0.2311452      7.4231848E-02  3.3473000E-02  1.8447394E-02  1.1364060E-02
  7.4953446E-03  5.1187151E-03  0.0000000E+00
  0.3280959      0.1061918      4.8277471E-02  2.6804006E-02  1.6585195E-02
  1.0878725E-02  7.0274672E-03
  0.4888268      0.1601490      7.3638268E-02  4.1282590E-02  2.5581937E-02
  1.6014898E-02
  0.7778166      0.2595438      0.1213920      6.8784915E-02  4.1270953E-02
   1.358240      0.4678771      0.2241620      0.1256983    
   2.740922       1.000000      0.4889432    
   7.131052       2.908520    
   32.65829    
   100000.0    
  5.2164808E-02  1.6177841E-02  7.1147578E-03  3.8291432E-03  2.3126164E-03
  1.5060521E-03  1.0344507E-03  7.3929236E-04
  6.3431107E-02  1.9844042E-02  8.7511642E-03  4.7195065E-03  2.8549815E-03
  1.8610335E-03  1.2790968E-03  9.1422256E-04
  7.8514904E-02  2.4743948E-02  1.0936918E-02  5.9113130E-03  3.5824024E-03
  2.3393857E-03  1.6084731E-03  1.1483940E-03
  9.9115461E-02  3.1401306E-02  1.3919926E-02  7.5465548E-03  4.5844973E-03
  2.9969739E-03  2.0612199E-03  0.0000000E+00
  0.1279097      4.0723931E-02  1.8121509E-02  9.8556792E-03  6.0020951E-03
  3.9292364E-03  2.7001863E-03  0.0000000E+00
  0.1694600      5.4189947E-02  2.4231846E-02  1.3233241E-02  8.0831004E-03
  5.2967882E-03  3.6277934E-03  0.0000000E+00
  0.2314944      7.4429706E-02  3.3484638E-02  1.8389199E-02  1.1270951E-02
  7.3801209E-03  4.9883612E-03  0.0000000E+00
  0.3284451      0.1064479      4.8277471E-02  2.6687616E-02  1.6410615E-02
  1.0657589E-02  6.7853816E-03
  0.4895251      0.1604981      7.3603354E-02  4.1038174E-02  2.5197858E-02
  1.5537709E-02
  0.7790968      0.2601257      0.1211592      6.8133146E-02  4.0235102E-02
   1.361732      0.4685754      0.2231145      0.1232542    
   2.747905       1.000000      0.4828911    
   7.145019       2.891061    
   33.17039    
   1000000.    
  5.9485268E-02  1.6420169E-02  7.1247229E-03  3.7952717E-03  2.2708746E-03
  1.4661697E-03  9.9953415E-04  7.0921157E-04
  6.9791541E-02  2.0030277E-02  8.7504368E-03  4.6814950E-03  2.8100614E-03
  1.8178641E-03  1.2402468E-03  8.7923603E-04
  8.3754510E-02  2.4898101E-02  1.0932805E-02  5.8705015E-03  3.5320830E-03
  2.2883427E-03  1.5616629E-03  1.1055083E-03
  0.1032025      3.1570978E-02  1.3928031E-02  7.4997083E-03  4.5231157E-03
  2.9346684E-03  2.0006986E-03  0.0000000E+00
  0.1310120      4.0922321E-02  1.8132059E-02  9.7985314E-03  5.9240707E-03
  3.8453473E-03  2.6167461E-03  0.0000000E+00
  0.1716548      5.4442760E-02  2.4234306E-02  1.3147781E-02  7.9725161E-03
  5.1740999E-03  3.5041340E-03  0.0000000E+00
  0.2330267      7.4787468E-02  3.3492487E-02  1.8260160E-02  1.1095842E-02
  7.1829506E-03  4.7897981E-03  0.0000000E+00
  0.3298008      0.1069407      4.8258994E-02  2.6470244E-02  1.6105739E-02
  1.0306276E-02  6.4527770E-03
  0.4910912      0.1611739      7.3483169E-02  4.0584605E-02  2.4572026E-02
  1.4848026E-02
  0.7816466      0.2610923      0.1207640      6.7019910E-02  3.8732965E-02
   1.366018      0.4698963      0.2213811      0.1197158    
   2.758821       1.000000      0.4732735    
   7.173634       2.863631    
   35.57703    
  1.0000000E+07
  8.5962653E-02  1.8751457E-02  7.4037337E-03  3.7316217E-03  2.1540255E-03
  1.3582263E-03  9.1015163E-04  6.3850638E-04
  9.4667435E-02  2.1995330E-02  8.9603262E-03  4.5915982E-03  2.6779461E-03
  1.6977829E-03  1.1414236E-03  8.0128352E-04
  0.1073279      2.6417734E-02  1.1054842E-02  5.7514585E-03  3.3827303E-03
  2.1551924E-03  1.4515752E-03  1.0182030E-03
  0.1254376      3.2637104E-02  1.3955659E-02  7.3488913E-03  4.3523922E-03
  2.7817970E-03  1.8739790E-03  0.0000000E+00
  0.1511085      4.1621935E-02  1.8086346E-02  9.6137682E-03  5.7234536E-03
  3.6651106E-03  2.4644106E-03  0.0000000E+00
  0.1885648      5.4970827E-02  2.4142357E-02  1.2928820E-02  7.7234535E-03
  4.9439906E-03  3.3033837E-03  0.0000000E+00
  0.2460910      7.5320877E-02  3.3372227E-02  1.7969660E-02  1.0756126E-02
  6.8553090E-03  4.5029172E-03  0.0000000E+00
  0.3392065      0.1076546      4.8086345E-02  2.6021002E-02  1.5565927E-02
  9.7841294E-03  6.0233367E-03
  0.4980163      0.1621937      7.3162191E-02  3.9766625E-02  2.3582263E-02
  1.3943990E-02
  0.7882147      0.2626604      0.1198366      6.5169193E-02  3.6674444E-02
   1.375729      0.4718786      0.2184364      0.1145274    
   2.779463       1.000000      0.4591598    
   7.222870       2.824970    
   37.77129    
  1.0000000E+08
  0.1571227      2.4524760E-02  8.1800045E-03  3.7291714E-03  2.0183057E-03
  1.2168505E-03  7.9019007E-04  5.4200890E-04
  0.1706172      2.8138934E-02  9.6808253E-03  4.5001172E-03  2.4677305E-03
  1.5008213E-03  9.8134240E-04  6.7589764E-04
  0.1841117      3.2691855E-02  1.1686224E-02  5.5585541E-03  3.0919970E-03
  1.8997889E-03  1.2497066E-03  8.6352968E-04
  0.1992490      3.8735036E-02  1.4456700E-02  7.0499880E-03  3.9802860E-03
  2.4677305E-03  1.6310725E-03  0.0000000E+00
  0.2201361      4.7136821E-02  1.8411171E-02  9.1961985E-03  5.2651959E-03
  3.2867871E-03  2.1767190E-03  0.0000000E+00
  0.2532269      5.9399199E-02  2.4207933E-02  1.2367988E-02  7.1614641E-03
  4.4883830E-03  2.9605725E-03  0.0000000E+00
  0.3075569      7.8326680E-02  3.3090822E-02  1.7214268E-02  1.0048110E-02
  6.2860828E-03  4.0788548E-03  0.0000000E+00
  0.3954471      0.1094227      4.7453646E-02  2.5005868E-02  1.4609247E-02
  9.0119690E-03  5.4787607E-03
  0.5442384      0.1635766      7.2130956E-02  3.8242199E-02  2.2119218E-02
  1.2802159E-02
  0.8223422      0.2644919      0.1180474      6.2332787E-02  3.4041304E-02
   1.404600      0.4745365      0.2134475      0.1077799    
   2.818587       1.000000      0.4400375    
   7.310490       2.772823    
   38.34780    
  1.0000000E+09
  0.2284319      3.1911343E-02  9.9130124E-03  4.2969496E-03  2.2390373E-03
  1.3119638E-03  8.3269778E-04  5.6053384E-04
  0.2583413      3.6451384E-02  1.1397760E-02  4.9654436E-03  2.5977120E-03
  1.5252621E-03  9.6997136E-04  6.5359863E-04
  0.2952812      4.2337939E-02  1.3381792E-02  5.8782175E-03  3.0922305E-03
  1.8231649E-03  1.1627742E-03  7.8455673E-04
  0.3387750      4.9916588E-02  1.6062917E-02  7.1425168E-03  3.7905148E-03
  2.2485701E-03  1.4394661E-03  0.0000000E+00
  0.3873928      5.9735462E-02  1.9768829E-02  8.9525748E-03  4.8117251E-03
  2.8801241E-03  1.8517637E-03  0.0000000E+00
  0.4391087      7.2890848E-02  2.5131078E-02  1.1676596E-02  6.3786944E-03
  3.8536701E-03  2.4857007E-03  0.0000000E+00
  0.4963060      9.1801718E-02  3.3400860E-02  1.5991421E-02  8.8870348E-03
  5.4051476E-03  3.4592471E-03  0.0000000E+00
  0.5757865      0.1214252      4.6889894E-02  2.3141088E-02  1.3012392E-02
  7.8693992E-03  4.7604861E-03
  0.7184224      0.1721878      7.0245467E-02  3.5474259E-02  1.9911820E-02
  1.1372736E-02
  0.9928504      0.2684700      0.1140968      5.7971880E-02  3.0815063E-02
   1.553861      0.4764061      0.2055529      9.9571019E-02
   2.945662       1.000000      0.4170639    
   7.489275       2.720448    
   38.89418    
  1.0000000E+10
  0.3703382      5.0907511E-02  1.5614122E-02  6.7056194E-03  3.4671805E-03
  2.0176531E-03  1.2742417E-03  8.5343112E-04
  0.4081303      5.6153655E-02  1.7242666E-02  7.4067628E-03  3.8314273E-03
  2.2289904E-03  1.4072601E-03  9.4144710E-04
  0.4487817      6.1884638E-02  1.9020388E-02  8.1800101E-03  4.2329687E-03
  2.4627051E-03  1.5527102E-03  1.0379164E-03
  0.4996271      6.9144703E-02  2.1307807E-02  9.1757840E-03  4.7526103E-03
  2.7647936E-03  1.7429140E-03  0.0000000E+00
  0.5712332      7.9599701E-02  2.4651915E-02  1.0646445E-02  5.5233715E-03
  3.2160617E-03  2.0226256E-03  0.0000000E+00
  0.6736698      9.5114373E-02  2.9711587E-02  1.2916460E-02  6.7230235E-03
  3.9184485E-03  2.4577326E-03  0.0000000E+00
  0.8117852      0.1176902      3.7406761E-02  1.6447041E-02  8.6225765E-03
  5.0323224E-03  3.1277973E-03  0.0000000E+00
  0.9858280      0.1507956      4.9540028E-02  2.2227747E-02  1.1785182E-02
  6.8622576E-03  4.0651415E-03
   1.195798      0.2027598      7.0387863E-02  3.2570861E-02  1.7416708E-02
  9.7352061E-03
   1.488066      0.2963700      0.1105047      5.2523620E-02  2.7125809E-02
   2.078568      0.4935355      0.1955495      9.0564393E-02
   3.535554       1.000000      0.3923421    
   8.138986       2.681502    
   40.40279    
