   100.0000    
  3.8907517E-02  1.3942024E-02  7.3121674E-03  4.7111022E-03  3.3760599E-03
  2.5754292E-03  2.0489055E-03  1.6769868E-03
  4.7130745E-02  1.6969040E-02  8.9607574E-03  5.8134492E-03  4.1964110E-03
  3.2261882E-03  2.5852888E-03  2.1317294E-03
  5.7937294E-02  2.0982057E-02  1.1167423E-02  7.3101954E-03  5.3243940E-03
  4.1293632E-03  3.3405642E-03  2.7824889E-03
  7.2451197E-02  2.6405049E-02  1.4198383E-02  9.3945973E-03  6.9177682E-03
  5.4308819E-03  4.4468548E-03  0.0000000E+00
  9.2407808E-02  3.3977520E-02  1.8501282E-02  1.2407809E-02  9.2703607E-03
  7.3871035E-03  6.1467164E-03  0.0000000E+00
  0.1208046      4.4922110E-02  2.4847170E-02  1.6959181E-02  1.2914613E-02
  1.0508776E-02  8.9370934E-03  0.0000000E+00
  0.1627490      6.1447449E-02  3.4687437E-02  2.4255572E-02  1.8962730E-02
  1.5890358E-02  1.3902584E-02  0.0000000E+00
  0.2279629      8.7832771E-02  5.1015582E-02  3.6876354E-02  2.9994085E-02
  2.6227569E-02  2.3210412E-02
  0.3356340      0.1332676      8.0654703E-02  6.1388288E-02  5.3086177E-02
  4.8432264E-02
  0.5298758      0.2202722      0.1422994      0.1180635      0.1112207    
  0.9260501      0.4160915      0.3023072      0.2910669    
   1.907711       1.000000      0.9240781    
   5.383554       4.123447    
   35.27904    
   1000.000    
  3.9007232E-02  1.3996482E-02  7.3363301E-03  4.7195624E-03  3.3750245E-03
  2.5659567E-03  2.0324409E-03  1.6558531E-03
  4.7234710E-02  1.7031465E-02  8.9896424E-03  5.8237249E-03  4.1938634E-03
  3.2128200E-03  2.5620479E-03  2.1027948E-03
  5.8061365E-02  2.1047490E-02  1.1199922E-02  7.3206960E-03  5.3175692E-03
  4.1098301E-03  3.3066252E-03  2.7359782E-03
  7.2581589E-02  2.6499903E-02  1.4238812E-02  9.4059017E-03  6.9083450E-03
  5.3996486E-03  4.3931990E-03  0.0000000E+00
  9.2573769E-02  3.4102015E-02  1.8549932E-02  1.2417432E-02  9.2476066E-03
  7.3343758E-03  6.0562831E-03  0.0000000E+00
  0.1210279      4.5065466E-02  2.4916945E-02  1.6965019E-02  1.2870823E-02
  1.0406488E-02  8.7590385E-03  0.0000000E+00
  0.1630643      6.1637681E-02  3.4766465E-02  2.4232948E-02  1.8864570E-02
  1.5673246E-02  1.3492281E-02  0.0000000E+00
  0.2282587      8.8098496E-02  5.1104162E-02  3.6818448E-02  2.9743992E-02
  2.5640026E-02  2.2063710E-02
  0.3363299      0.1336330      8.0769986E-02  6.1168652E-02  5.2257184E-02
  4.6355285E-02
  0.5309752      0.2208325      0.1422904      0.1169631      0.1072894    
  0.9282783      0.4168458      0.3011530      0.2829783    
   1.912253       1.000000      0.9052179    
   5.393785       4.070745    
   35.02052    
   10000.00    
  3.9345525E-02  1.4111646E-02  7.3878728E-03  4.7391723E-03  3.3724734E-03
  2.5486043E-03  2.0019249E-03  1.6144369E-03
  4.7564965E-02  1.7164581E-02  9.0471609E-03  5.8421558E-03  4.1867178E-03
  3.1857553E-03  2.5178054E-03  2.0442733E-03
  5.8402307E-02  2.1212704E-02  1.1266601E-02  7.3378244E-03  5.3031761E-03
  4.0692971E-03  3.2415783E-03  2.6487007E-03
  7.2935514E-02  2.6679499E-02  1.4315687E-02  9.4225211E-03  6.8796920E-03
  5.3339750E-03  4.2906641E-03  0.0000000E+00
  9.3012504E-02  3.4321465E-02  1.8641001E-02  1.2429259E-02  9.1973050E-03
  7.2242538E-03  5.8845039E-03  0.0000000E+00
  0.1215592      4.5351297E-02  2.5024062E-02  1.6966313E-02  1.2773821E-02
  1.0207891E-02  8.4408084E-03  0.0000000E+00
  0.1637729      6.2021174E-02  3.4918189E-02  2.4215592E-02  1.8662175E-02
  1.5260827E-02  1.2814244E-02  0.0000000E+00
  0.2292589      8.8623673E-02  5.1280078E-02  3.6689125E-02  2.9258901E-02
  2.4639076E-02  2.0384986E-02
  0.3378248      0.1343985      8.0923967E-02  6.0692970E-02  5.0779592E-02
  4.3253127E-02
  0.5335900      0.2219442      0.1421944      0.1149374      0.1012705    
  0.9328200      0.4186718      0.2989413      0.2702599    
   1.922040       1.000000      0.8756496    
   5.414822       3.984601    
   34.72570    
   100000.0    
  4.1442797E-02  1.4429833E-02  7.5408607E-03  4.8018033E-03  3.3796732E-03
  2.5173775E-03  1.9443923E-03  1.5402968E-03
  4.9333084E-02  1.7486380E-02  9.1940640E-03  5.8951718E-03  4.1780951E-03
  3.1335715E-03  2.4365960E-03  1.9387564E-03
  5.9909828E-02  2.1548001E-02  1.1414616E-02  7.3811761E-03  5.2733421E-03
  3.9864737E-03  3.1204207E-03  2.4985913E-03
  7.4300207E-02  2.7071202E-02  1.4474920E-02  9.4514368E-03  6.8194624E-03
  5.2038324E-03  4.1067069E-03  0.0000000E+00
  9.4307728E-02  3.4792412E-02  1.8823972E-02  1.2442232E-02  9.0869814E-03
  7.0110839E-03  5.5851969E-03  0.0000000E+00
  0.1229570      4.5932744E-02  2.5230132E-02  1.6941575E-02  1.2568101E-02
  9.8365592E-03  7.9165883E-03  0.0000000E+00
  0.1654518      6.2765360E-02  3.5149351E-02  2.4102950E-02  1.8254744E-02
  1.4546309E-02  1.1790344E-02  0.0000000E+00
  0.2316363      8.9648701E-02  5.1531091E-02  3.6389254E-02  2.8348675E-02
  2.3032125E-02  1.8149540E-02
  0.3411610      0.1358445      8.1119664E-02  5.9721962E-02  4.8337404E-02
  3.9038137E-02
  0.5387939      0.2241217      0.1418561      0.1113846      9.2786022E-02
  0.9425136      0.4215668      0.2945707      0.2521135    
   1.942514       1.000000      0.8316739    
   5.459328       3.858727    
   34.90513    
   1000000.    
  5.2559234E-02  1.6406221E-02  8.3957314E-03  5.1546395E-03  3.4762162E-03
  2.4850788E-03  1.8466270E-03  1.4129138E-03
  5.9233133E-02  1.9026950E-02  9.8860553E-03  6.1747152E-03  4.2286129E-03
  3.0602280E-03  2.2969798E-03  1.7697595E-03
  6.8601921E-02  2.2807017E-02  1.1978658E-02  7.5836498E-03  5.2649667E-03
  3.8542233E-03  2.9191535E-03  2.2626154E-03
  8.1732683E-02  2.8178696E-02  1.4948454E-02  9.5822029E-03  6.7335870E-03
  4.9828179E-03  3.8071985E-03  0.0000000E+00
  0.1005969      3.5883524E-02  1.9243987E-02  1.2490505E-02  8.8894917E-03
  6.6521973E-03  5.1220832E-03  0.0000000E+00
  0.1283596      4.7151383E-02  2.5628505E-02  1.6885513E-02  1.2188462E-02
  9.2277089E-03  7.1513839E-03  0.0000000E+00
  0.1705191      6.4243086E-02  3.5557967E-02  2.3874119E-02  1.7527582E-02
  1.3438235E-02  1.0417797E-02  0.0000000E+00
  0.2371134      9.1553628E-02  5.1926211E-02  3.5738833E-02  2.6822209E-02
  2.0781334E-02  1.5498281E-02
  0.3481643      0.1384880      8.1298605E-02  5.7967085E-02  4.4655453E-02
  3.3839755E-02
  0.5496473      0.2278893      0.1409658      0.1056972      8.1985891E-02
  0.9612950      0.4268403      0.2873937      0.2277085    
   1.980467       1.000000      0.7717490    
   5.541690       3.687828    
   36.01013    
  1.0000000E+07
  0.1201434      2.7569138E-02  1.1362240E-02  5.9815636E-03  3.6036191E-03
  2.3642883E-03  1.6449300E-03  1.1946056E-03
  0.1133834      2.9190851E-02  1.2789348E-02  6.9955615E-03  4.3257084E-03
  2.8917722E-03  2.0399455E-03  1.4960738E-03
  0.1113520      3.1512462E-02  1.4670536E-02  8.3441455E-03  5.3004441E-03
  3.6121544E-03  2.5827927E-03  1.9119154E-03
  0.1165073      3.5182655E-02  1.7275522E-02  1.0204849E-02  6.6575627E-03
  4.6227379E-03  3.3492660E-03  0.0000000E+00
  0.1304199      4.1225675E-02  2.1116422E-02  1.2898601E-02  8.6258110E-03
  6.0959375E-03  4.4656880E-03  0.0000000E+00
  0.1547286      5.1263232E-02  2.7039947E-02  1.6987028E-02  1.1618299E-02
  8.3407313E-03  6.1556846E-03  0.0000000E+00
  0.1935814      6.7787647E-02  3.6565382E-02  2.3523387E-02  1.6415158E-02
  1.1930694E-02  8.7845689E-03  0.0000000E+00
  0.2572550      9.5237285E-02  5.2577671E-02  3.4636397E-02  2.4615912E-02
  1.7975420E-02  1.2663025E-02
  0.3673609      0.1430523      8.1358828E-02  5.5121202E-02  3.9825879E-02
  2.8132468E-02
  0.5723796      0.2342096      0.1390577      9.7627178E-02  6.9631279E-02
  0.9965858      0.4349608      0.2762035      0.1988733    
   2.048481       1.000000      0.6980199    
   5.689655       3.477296    
   36.15569    
  1.0000000E+08
  0.3082566      4.6574060E-02  1.5312939E-02  6.9455286E-03  3.7568284E-03
  2.2709537E-03  1.4821290E-03  1.0223193E-03
  0.3152802      5.0085843E-02  1.6997036E-02  7.8851255E-03  4.3405648E-03
  2.6595909E-03  1.7543312E-03  1.2205400E-03
  0.3141876      5.3956609E-02  1.9135321E-02  9.1571724E-03  5.1552989E-03
  3.2136724E-03  2.1476510E-03  1.5089746E-03
  0.3037303      5.8420479E-02  2.1991571E-02  1.0939597E-02  6.3290149E-03
  4.0252847E-03  2.7298266E-03  0.0000000E+00
  0.2874981      6.4101763E-02  2.5971593E-02  1.3511784E-02  8.0614947E-03
  5.2380208E-03  3.6023099E-03  0.0000000E+00
  0.2773529      7.2217889E-02  3.1715311E-02  1.7340409E-02  1.0685188E-02
  7.0906822E-03  4.9336660E-03  0.0000000E+00
  0.2895271      8.5156858E-02  4.0518183E-02  2.3287030E-02  1.4822850E-02
  1.0018730E-02  6.9783051E-03  0.0000000E+00
  0.3391603      0.1083502      5.5158418E-02  3.3213675E-02  2.1741845E-02
  1.4818167E-02  9.8798182E-03
  0.4423287      0.1531918      8.1910416E-02  5.1256441E-02  3.4150146E-02
  2.2444202E-02
  0.6422662      0.2439519      0.1358826      8.7560482E-02  5.7015762E-02
   1.072265      0.4462307      0.2608085      0.1682535    
   2.164820       1.000000      0.6160449    
   5.929452       3.246449    
   35.88263    
  1.0000000E+09
  0.5384511      7.4854195E-02  2.3179166E-02  1.0032551E-02  5.2244677E-03
  3.0598128E-03  1.9435779E-03  1.3086939E-03
  0.5545911      7.7661738E-02  2.4182830E-02  1.0511325E-02  5.4930146E-03
  3.2266378E-03  2.0534382E-03  1.3847824E-03
  0.5834803      8.2680047E-02  2.5973145E-02  1.1373932E-02  5.9785703E-03
  3.5263798E-03  2.2528141E-03  1.5231249E-03
  0.6214566      8.9922689E-02  2.8685745E-02  1.2708531E-02  6.7421673E-03
  4.0078666E-03  2.5729011E-03  0.0000000E+00
  0.6617388      9.9416785E-02  3.2537635E-02  1.4702292E-02  7.9167234E-03
  4.7606127E-03  3.0815136E-03  0.0000000E+00
  0.6929337      0.1114879      3.8098469E-02  1.7740404E-02  9.7748544E-03
  5.9745014E-03  3.9061438E-03  0.0000000E+00
  0.7024277      0.1274922      4.6575341E-02  2.2663774E-02  1.2871287E-02
  8.0211582E-03  5.2705817E-03  0.0000000E+00
  0.6942900      0.1514987      6.0545236E-02  3.1113524E-02  1.8282924E-02
  1.1546182E-02  7.3185950E-03
  0.7203310      0.1924590      8.5229889E-02  4.6426151E-02  2.8007595E-02
  1.7184321E-02
  0.8805099      0.2734301      0.1334192      7.6332562E-02  4.5259729E-02
   1.311271      0.4643971      0.2427777      0.1390208    
   2.429133       1.000000      0.5354672    
   6.332565       3.025905    
   36.11827    
  1.0000000E+10
   1.283285      0.1762378      5.4069079E-02  2.3216767E-02  1.2009410E-02
  6.9864187E-03  4.4112927E-03  2.9558337E-03
   1.260828      0.1733504      5.3192172E-02  2.2853171E-02  1.1816918E-02
  6.8773390E-03  4.3407120E-03  2.9055716E-03
   1.202011      0.1655438      5.0860871E-02  2.1858625E-02  1.1314298E-02
  6.5832529E-03  4.1524968E-03  2.7761736E-03
   1.151748      0.1591274      4.8989411E-02  2.1088654E-02  1.0918618E-02
  6.3576088E-03  4.0081274E-03  0.0000000E+00
   1.146401      0.1591274      4.9171209E-02  2.1227675E-02  1.1014865E-02
  6.4185648E-03  4.0423484E-03  0.0000000E+00
   1.195594      0.1676826      5.2219015E-02  2.2671372E-02  1.1816918E-02
  6.8944497E-03  4.3342956E-03  0.0000000E+00
   1.296118      0.1856486      5.8710299E-02  2.5783338E-02  1.3538659E-02
  7.9285642E-03  4.9492032E-03  0.0000000E+00
   1.433002      0.2147364      7.0067376E-02  3.1472567E-02  1.6768260E-02
  9.8406589E-03  5.8913487E-03
   1.574163      0.2606138      9.0321891E-02  4.2209387E-02  2.2949416E-02
  1.3100203E-02
   1.698214      0.3424233      0.1310020      6.4527854E-02  3.4787722E-02
   1.995508      0.5201582      0.2230777      0.1119666    
   3.139771       1.000000      0.4573842    
   7.215271       2.785798    
   36.84098    
