   100.0000    
  3.6517508E-02  1.3268483E-02  7.1585602E-03  4.7928016E-03  3.5982491E-03
  2.8949417E-03  2.4377431E-03  2.1206227E-03
  4.3998055E-02  1.6079767E-02  8.7490268E-03  5.9134238E-03  4.4854088E-03
  3.6478601E-03  3.1079769E-03  2.7383268E-03
  5.3793777E-02  1.9795720E-02  1.0875487E-02  7.4377432E-03  5.7120626E-03
  4.7081714E-03  4.0729572E-03  3.6488327E-03
  6.6896886E-02  2.4824904E-02  1.3813230E-02  9.5758755E-03  7.4698445E-03
  6.2665371E-03  5.5301557E-03  0.0000000E+00
  8.4902726E-02  3.1828795E-02  1.7986381E-02  1.2694553E-02  1.0107003E-02
  8.6780153E-03  7.8706229E-03  0.0000000E+00
  0.1104086      4.1964982E-02  2.4173154E-02  1.7461089E-02  1.4289884E-02
  1.2684825E-02  1.1964981E-02  0.0000000E+00
  0.1481518      5.7295721E-02  3.3852141E-02  2.5243193E-02  2.1478599E-02
  2.0029183E-02  2.0009728E-02  0.0000000E+00
  0.2067121      8.1857979E-02  5.0116729E-02  3.9124515E-02  3.5379380E-02
  3.5632294E-02  3.7879378E-02
  0.3035019      0.1244163      8.0262646E-02  6.7441635E-02  6.7490272E-02
  7.5690664E-02
  0.4785020      0.2070039      0.1454280      0.1393969      0.1650778    
  0.8372568      0.3972763      0.3289883      0.4064202    
   1.735409       1.000000       1.200389    
   5.028210       4.913424    
   38.73541    
   1000.000    
  3.6625709E-02  1.3345936E-02  7.2003785E-03  4.8156902E-03  3.6068053E-03
  2.8894141E-03  2.4177695E-03  2.0850662E-03
  4.4120986E-02  1.6172023E-02  8.7977313E-03  5.9395088E-03  4.4924389E-03
  3.6370512E-03  3.0775047E-03  2.6852551E-03
  5.3931948E-02  1.9896030E-02  1.0935728E-02  7.4678636E-03  5.7173916E-03
  4.6890359E-03  4.0236297E-03  3.5623820E-03
  6.7060493E-02  2.4943290E-02  1.3884689E-02  9.6124765E-03  7.4706995E-03
  6.2296786E-03  5.4442342E-03  0.0000000E+00
  8.5103974E-02  3.1984877E-02  1.8071834E-02  1.2731569E-02  1.0094518E-02
  8.6058602E-03  7.7060494E-03  0.0000000E+00
  0.1106805      4.2164464E-02  2.4291117E-02  1.7504726E-02  1.4253308E-02
  1.2523630E-02  1.1606806E-02  0.0000000E+00
  0.1484877      5.7561435E-02  3.4007564E-02  2.5283555E-02  2.1361059E-02
  1.9631380E-02  1.9054821E-02  0.0000000E+00
  0.2071834      8.2240075E-02  5.0311912E-02  3.9120983E-02  3.4981098E-02
  3.4338377E-02  3.4735352E-02
  0.3043478      0.1250473      8.0519848E-02  6.7173921E-02  6.5812856E-02
  7.0198491E-02
  0.4798677      0.2078450      0.1455577      0.1373346      0.1549149    
  0.8398866      0.3987713      0.3271267      0.3862004    
   1.741021       1.000000       1.155010    
   5.041588       4.782609    
   38.08129    
   10000.00    
  3.7081081E-02  1.3504504E-02  7.2855856E-03  4.8585585E-03  3.6171169E-03
  2.8711711E-03  2.3729729E-03  2.0144144E-03
  4.4549551E-02  1.6351350E-02  8.8927923E-03  5.9846845E-03  4.4972971E-03
  3.6054056E-03  3.0090089E-03  2.5792792E-03
  5.4360360E-02  2.0108109E-02  1.1045045E-02  7.5153154E-03  5.7135131E-03
  4.6351352E-03  3.9162161E-03  3.3972973E-03
  6.7513511E-02  2.5198197E-02  1.4009009E-02  9.6576568E-03  7.4522519E-03
  6.1369366E-03  5.2657658E-03  0.0000000E+00
  8.5630625E-02  3.2297298E-02  1.8225225E-02  1.2783783E-02  1.0045045E-02
  8.4360363E-03  7.3864860E-03  0.0000000E+00
  0.1113513      4.2567570E-02  2.4486486E-02  1.7549550E-02  1.4135134E-02
  1.2189189E-02  1.0963963E-02  0.0000000E+00
  0.1493694      5.8090091E-02  3.4261260E-02  2.5297295E-02  2.1072071E-02
  1.8855857E-02  1.7540541E-02  0.0000000E+00
  0.2084685      8.2981981E-02  5.0639637E-02  3.9009005E-02  3.4153152E-02
  3.2207206E-02  3.0468468E-02
  0.3062162      0.1261261      8.0891892E-02  6.6495493E-02  6.2882885E-02
  6.2549546E-02
  0.4830630      0.2095495      0.1456757      0.1336036      0.1404504    
  0.8456756      0.4013513      0.3231531      0.3566667    
   1.754054       1.000000       1.087387    
   5.068469       4.587387    
   37.24324    
   100000.0    
  3.9816204E-02  1.3984961E-02  7.5538848E-03  5.0025061E-03  3.6700082E-03
  2.8521302E-03  2.2974100E-03  1.8939014E-03
  4.6900585E-02  1.6833751E-02  9.1478694E-03  6.1094402E-03  4.5238095E-03
  3.5505430E-03  2.8863826E-03  2.4001671E-03
  5.6407686E-02  2.0618211E-02  1.1303258E-02  7.6257312E-03  5.7084374E-03
  4.5296573E-03  3.7218046E-03  3.1244778E-03
  6.9390140E-02  2.5781119E-02  1.4285713E-02  9.7577274E-03  7.4018380E-03
  5.9515457E-03  4.9523809E-03  0.0000000E+00
  8.7468669E-02  3.2990810E-02  1.8546365E-02  1.2865497E-02  9.9164573E-03
  8.1077693E-03  6.8504596E-03  0.0000000E+00
  0.1133667      4.3425232E-02  2.4862155E-02  1.7602338E-02  1.3859649E-02
  1.1570593E-02  9.9582290E-03  0.0000000E+00
  0.1517962      5.9214704E-02  3.4711778E-02  2.5246449E-02  2.0467836E-02
  1.7577276E-02  1.5438596E-02  0.0000000E+00
  0.2116959      8.4544688E-02  5.1186297E-02  3.8671676E-02  3.2648288E-02
  2.9064327E-02  2.5388472E-02
  0.3110276      0.1283208      8.1461988E-02  6.5121137E-02  5.8320802E-02
  5.3157892E-02
  0.4907268      0.2129490      0.1455305      0.1274018      0.1221387    
  0.8596491      0.4065163      0.3162907      0.3181286    
   1.781955       1.000000      0.9966583    
   5.130326       4.329156    
   36.90894    
   1000000.    
  5.3318486E-02  1.7223459E-02  9.0942839E-03  5.7223458E-03  3.9472901E-03
  2.8834448E-03  2.1900518E-03  1.7112100E-03
  5.8745358E-02  1.9309575E-02  1.0393467E-02  6.6978470E-03  4.7201188E-03
  3.5100221E-03  2.7052709E-03  2.1380845E-03
  6.6948771E-02  2.2576096E-02  1.2308834E-02  8.0772089E-03  5.8032665E-03
  4.3882700E-03  3.4298440E-03  2.7401634E-03
  7.8693390E-02  2.7453599E-02  1.5122494E-02  1.0081663E-02  7.3674833E-03
  5.6607276E-03  4.4840383E-03  0.0000000E+00
  9.5545657E-02  3.4602821E-02  1.9287305E-02  1.3058648E-02  9.7030438E-03
  7.5798067E-03  6.0824053E-03  0.0000000E+00
  0.1205642      4.5181882E-02  2.5567928E-02  1.7639197E-02  1.3355604E-02
  1.0608760E-02  8.6265774E-03  0.0000000E+00
  0.1587973      6.1328880E-02  3.5441719E-02  2.5025984E-02  1.9398663E-02
  1.5716406E-02  1.2895322E-02  0.0000000E+00
  0.2193764      8.7305121E-02  5.1930215E-02  3.7847064E-02  3.0244987E-02
  2.5033407E-02  2.0059390E-02
  0.3210096      0.1322197      8.2034148E-02  6.2546395E-02  5.2011877E-02
  4.2947289E-02
  0.5058649      0.2186340      0.1446177      0.1180401      0.1014105    
  0.8856719      0.4144766      0.3051225      0.2728285    
   1.835932       1.000000      0.8871567    
   5.244988       4.016333    
   37.09725    
  1.0000000E+07
  0.1512376      3.3923268E-02  1.3706682E-02  7.1410886E-03  4.2827972E-03
  2.8081683E-03  1.9579208E-03  1.4269802E-03
  0.1350866      3.4665842E-02  1.4993812E-02  8.1497524E-03  5.0340346E-03
  3.3737624E-03  2.3923267E-03  1.7667080E-03
  0.1240718      3.5897277E-02  1.6670791E-02  9.4801979E-03  6.0470300E-03
  4.1491338E-03  2.9938119E-03  2.2394801E-03
  0.1219678      3.8242575E-02  1.9003714E-02  1.1318069E-02  7.4628708E-03
  5.2438118E-03  3.8514850E-03  0.0000000E+00
  0.1308787      4.2834159E-02  2.2487624E-02  1.3991337E-02  9.5235147E-03
  6.8564354E-03  5.1231436E-03  0.0000000E+00
  0.1516708      5.1417079E-02  2.8038366E-02  1.8106434E-02  1.2710396E-02
  9.3564354E-03  7.0853964E-03  0.0000000E+00
  0.1869431      6.6522278E-02  3.7258662E-02  2.4832921E-02  1.7914603E-02
  1.3452970E-02  1.0241336E-02  0.0000000E+00
  0.2451114      9.2512377E-02  5.3193070E-02  3.6522277E-02  2.7048266E-02
  2.0581683E-02  1.5148515E-02
  0.3464728      0.1386138      8.2425743E-02  5.8638614E-02  4.4535890E-02
  3.3199258E-02
  0.5366955      0.2274134      0.1423267      0.1060025      8.0754951E-02
  0.9337871      0.4261138      0.2890470      0.2256807    
   1.928218       1.000000      0.7685643    
   5.441832       3.678218    
   36.44183    
  1.0000000E+08
  0.3947344      5.8853682E-02  1.9170551E-02  8.6393291E-03  4.6533085E-03
  2.8052188E-03  1.8271202E-03  1.2590867E-03
  0.3971109      6.1929170E-02  2.0740915E-02  9.5433360E-03  5.2236714E-03
  3.1901211E-03  2.1006523E-03  1.4599254E-03
  0.3897018      6.5284252E-02  2.2777261E-02  1.0787512E-02  6.0344827E-03
  3.7497671E-03  2.5027960E-03  1.7586206E-03
  0.3691519      6.9058716E-02  2.5512582E-02  1.2548928E-02  7.2180801E-03
  4.5815469E-03  3.1076421E-03  0.0000000E+00
  0.3378378      7.3765144E-02  2.9352283E-02  1.5125815E-02  8.9934757E-03
  5.8434298E-03  4.0312209E-03  0.0000000E+00
  0.3085741      8.0475301E-02  3.4920782E-02  1.8988816E-02  1.1705499E-02
  7.8005590E-03  5.4613235E-03  0.0000000E+00
  0.3025163      9.1286115E-02  4.3434296E-02  2.5023298E-02  1.6025163E-02
  1.0936626E-02  7.7166823E-03  0.0000000E+00
  0.3391892      0.1114632      5.7642125E-02  3.5158433E-02  2.3350418E-02
  1.6188256E-02  1.1020504E-02
  0.4340168      0.1529823      8.4109969E-02  5.3867660E-02  3.6780056E-02
  2.4836905E-02
  0.6230196      0.2407735      0.1388630      9.2544265E-02  6.2441751E-02
   1.030289      0.4409599      0.2689655      0.1817335    
   2.077819       1.000000      0.6528425    
   5.745573       3.349953    
   35.81547    
  1.0000000E+09
  0.7167318      9.9549413E-02  3.0820066E-02  1.3337339E-02  6.9450284E-03
  4.0672873E-03  2.5830579E-03  1.7401623E-03
  0.7107240      9.9369183E-02  3.0910185E-02  1.3430459E-02  7.0171226E-03
  4.1213576E-03  2.6221087E-03  1.7689997E-03
  0.7227396      0.1021328      3.2021627E-02  1.4004205E-02  7.3565636E-03
  4.3376391E-03  2.7699010E-03  1.8726344E-03
  0.7479724      0.1076600      3.4214478E-02  1.5124662E-02  8.0114147E-03
  4.7581857E-03  3.0549713E-03  0.0000000E+00
  0.7786122      0.1158606      3.7668969E-02  1.6951038E-02  9.1048367E-03
  5.4671071E-03  3.5386002E-03  0.0000000E+00
  0.8017423      0.1269450      4.2925805E-02  1.9861821E-02  1.0901172E-02
  6.6506458E-03  4.3466510E-03  0.0000000E+00
  0.7993392      0.1420246      5.1126461E-02  2.4677079E-02  1.3959147E-02
  8.6872941E-03  5.7164314E-03  0.0000000E+00
  0.7680985      0.1648543      6.4884350E-02  3.3103034E-02  1.9396216E-02
  1.2273956E-02  7.8161610E-03
  0.7584860      0.2039952      8.9456297E-02  4.8573144E-02  2.9369181E-02
  1.8146591E-02
  0.8873536      0.2808051      0.1375788      7.9152897E-02  4.7461703E-02
   1.302794      0.4656053      0.2480024      0.1446981    
   2.395915       1.000000      0.5512166    
   6.230099       3.066987    
   35.92670    
  1.0000000E+10
   1.884778      0.2590253      7.9512641E-02  3.4160651E-02  1.7674491E-02
  1.0290314E-02  6.4996993E-03  4.3561975E-03
   1.728339      0.2379663      7.3074609E-02  3.1407945E-02  1.6260529E-02
  9.4645014E-03  5.9762336E-03  4.0027075E-03
   1.553851      0.2141998      6.5884478E-02  2.8339352E-02  1.4673586E-02
  8.5454276E-03  5.3941035E-03  3.6086042E-03
   1.422383      0.1966005      6.0604699E-02  2.6113119E-02  1.3534898E-02
  7.8850789E-03  4.9744286E-03  0.0000000E+00
   1.360259      0.1890794      5.8483757E-02  2.5270760E-02  1.3127256E-02
  7.6549342E-03  4.8255115E-03  0.0000000E+00
   1.369735      0.1922383      5.9897713E-02  2.6022865E-02  1.3572504E-02
  7.9287011E-03  4.9894708E-03  0.0000000E+00
   1.441637      0.2062275      6.5207586E-02  2.8640194E-02  1.5042119E-02
  8.8176904E-03  5.5099279E-03  0.0000000E+00
   1.559868      0.2325512      7.5646818E-02  3.3919975E-02  1.8065585E-02
  1.0603189E-02  6.3522868E-03
   1.689230      0.2763237      9.5051147E-02  4.4238873E-02  2.4007222E-02
  1.3698857E-02
   1.791516      0.3566486      0.1347774      6.6019855E-02  3.5544526E-02
   2.029182      0.5315885      0.2257822      0.1130716    
   3.127256       1.000000      0.4590855    
   7.187124       2.764741    
   36.32672    
