   100.0000    
  3.5481438E-02  1.2957836E-02  7.0547513E-03  4.7885459E-03  3.6589049E-03
  3.0069225E-03  2.5966018E-03  2.3247325E-03
  4.2649467E-02  1.5670232E-02  8.6091887E-03  5.9056012E-03  4.5645060E-03
  3.7992450E-03  3.3278794E-03  3.0276903E-03
  5.2026432E-02  1.9251101E-02  1.0698553E-02  7.4260538E-03  5.8225300E-03
  4.9238517E-03  4.3926998E-03  4.0824418E-03
  6.4568907E-02  2.4103209E-02  1.3568282E-02  9.5720580E-03  7.6337317E-03
  6.5953429E-03  6.0270610E-03  0.0000000E+00
  8.1812456E-02  3.0868471E-02  1.7665198E-02  1.2706105E-02  1.0371302E-02
  9.2133414E-03  8.7161735E-03  0.0000000E+00
  0.1062303      4.0654503E-02  2.3757080E-02  1.7526746E-02  1.4770295E-02
  1.3650094E-02  1.3580869E-02  0.0000000E+00
  0.1422908      5.5468850E-02  3.3316553E-02  2.5462555E-02  2.2466959E-02
  2.2070484E-02  2.3713028E-02  0.0000000E+00
  0.1982379      7.9232223E-02  4.9446192E-02  3.9811201E-02  3.7772182E-02
  4.0975455E-02  4.8552550E-02
  0.2908747      0.1205790      7.9609819E-02  6.9792323E-02  7.5078666E-02
  9.4776586E-02
  0.4584015      0.2011328      0.1460038      0.1497168      0.2013845    
  0.8023914      0.3886721      0.3408433      0.4811831    
   1.667716       1.000000       1.374449    
   4.887980       5.409062    
   41.09503    
   1000.000    
  3.5592616E-02  1.3043477E-02  7.1054199E-03  4.8213219E-03  3.6754019E-03
  3.0065516E-03  2.5771293E-03  2.2829063E-03
  4.2775463E-02  1.5771292E-02  8.6718276E-03  5.9434185E-03  4.5818938E-03
  3.7939248E-03  3.2954139E-03  2.9606908E-03
  5.2167956E-02  1.9374628E-02  1.0768315E-02  7.4746874E-03  5.8397856E-03
  4.9094697E-03  4.3365099E-03  3.9690291E-03
  6.4740919E-02  2.4246575E-02  1.3662895E-02  9.6247764E-03  7.6533654E-03
  6.5574744E-03  5.9225727E-03  0.0000000E+00
  8.2013100E-02  3.1048242E-02  1.7784394E-02  1.2769505E-02  1.0381179E-02
  9.1304351E-03  8.4991064E-03  0.0000000E+00
  0.1064920      4.0893387E-02  2.3907086E-02  1.7605718E-02  1.4752829E-02
  1.3460393E-02  1.3079213E-02  0.0000000E+00
  0.1426444      5.5789161E-02  3.3519950E-02  2.5550924E-02  2.2352591E-02
  2.1530673E-02  2.2251340E-02  0.0000000E+00
  0.1987492      7.9690292E-02  4.9731981E-02  3.9857060E-02  3.7284095E-02
  3.9070874E-02  4.3263845E-02
  0.2917213      0.1213222      8.0047645E-02  6.9505654E-02  7.2721854E-02
  8.5705779E-02
  0.4598570      0.2022633      0.1463967      0.1469327      0.1848124    
  0.8052412      0.3905896      0.3383562      0.4485408    
   1.674211       1.000000       1.301370    
   4.902918       5.200119    
   40.02978    
   10000.00    
  3.6134999E-02  1.3233533E-02  7.2182906E-03  4.8840498E-03  3.6989658E-03
  2.9940119E-03  2.5274903E-03  2.1943385E-03
  4.3287970E-02  1.5988024E-02  8.7969517E-03  6.0097985E-03  4.6004350E-03
  3.7653781E-03  3.2155686E-03  2.8247142E-03
  5.2683722E-02  1.9629830E-02  1.0914534E-02  7.5449101E-03  5.8519323E-03
  4.8546540E-03  4.2063147E-03  3.7495918E-03
  6.5269463E-02  2.4556341E-02  1.3832335E-02  9.7060427E-03  7.6483395E-03
  6.4561781E-03  5.6995098E-03  0.0000000E+00
  8.2634732E-02  3.1437125E-02  1.7996734E-02  1.2863364E-02  1.0342950E-02
  8.9330431E-03  8.0783879E-03  0.0000000E+00
  0.1072945      4.1382689E-02  2.4175284E-02  1.7702775E-02  1.4637996E-02
  1.3043005E-02  1.2193794E-02  0.0000000E+00
  0.1437126      5.6450732E-02  3.3870440E-02  2.5623297E-02  2.2025041E-02
  2.0517146E-02  2.0038106E-02  0.0000000E+00
  0.2002722      8.0620572E-02  5.0195970E-02  3.9798584E-02  3.6254764E-02
  3.6026131E-02  3.6494281E-02
  0.2940120      0.1227001      8.0620572E-02  6.8753406E-02  6.8644524E-02
  7.3707126E-02
  0.4636908      0.2044094      0.1466521      0.1419706      0.1624932    
  0.8121938      0.3941208      0.3333696      0.4035928    
   1.689711       1.000000       1.199238    
   4.936309       4.906913    
   38.71529    
   100000.0    
  3.9253660E-02  1.3811997E-02  7.5578648E-03  5.0826641E-03  3.7841285E-03
  2.9867736E-03  2.4430798E-03  2.0458195E-03
  4.5994330E-02  1.6561171E-02  9.1213975E-03  6.1832783E-03  4.6509206E-03
  3.7118562E-03  3.0699100E-03  2.5970712E-03
  5.5077940E-02  2.0231459E-02  1.1237600E-02  7.6995748E-03  5.8620689E-03
  4.7378363E-03  3.9664619E-03  3.3944261E-03
  6.7453943E-02  2.5238544E-02  1.4180444E-02  9.8441187E-03  7.6051014E-03
  6.2352382E-03  5.2999523E-03  0.0000000E+00
  8.4789790E-02  3.2248463E-02  1.8389229E-02  1.2980632E-02  1.0212565E-02
  8.5309399E-03  7.3830886E-03  0.0000000E+00
  0.1096363      4.2399619E-02  2.4648085E-02  1.7784599E-02  1.4322153E-02
  1.2262635E-02  1.0854983E-02  0.0000000E+00
  0.1465753      5.7770427E-02  3.4449693E-02  2.5602266E-02  2.1294283E-02
  1.8837977E-02  1.7118562E-02  0.0000000E+00
  0.2041096      8.2475200E-02  5.0921116E-02  3.9433159E-02  3.4345772E-02
  3.1747755E-02  2.9031647E-02
  0.2996693      0.1253661      8.1388757E-02  6.7076050E-02  6.2588565E-02
  6.0085025E-02
  0.4728389      0.2085498      0.1466226      0.1338214      0.1361833    
  0.8285309      0.4002834      0.3246103      0.3488899    
   1.723666       1.000000       1.071800    
   5.007085       4.542276    
   37.94048    
   1000000.    
  5.4131918E-02  1.7930251E-02  9.5564825E-03  6.0386658E-03  4.1774074E-03
  3.0625474E-03  2.3358606E-03  1.8335860E-03
  5.8908265E-02  1.9670205E-02  1.0735406E-02  6.9749812E-03  4.9469299E-03
  3.7009099E-03  2.8707355E-03  2.2846856E-03
  6.6641398E-02  2.2645943E-02  1.2532221E-02  8.3206976E-03  6.0310839E-03
  4.6019712E-03  3.6273692E-03  2.9249433E-03
  7.7824116E-02  2.7270660E-02  1.5242608E-02  1.0299469E-02  7.6118270E-03
  5.9135715E-03  4.7384384E-03  0.0000000E+00
  9.4010614E-02  3.4173615E-02  1.9321457E-02  1.3271417E-02  9.9962093E-03
  7.9112966E-03  6.4366949E-03  0.0000000E+00
  0.1180061      4.4465505E-02  2.5538286E-02  1.7884761E-02  1.3752843E-02
  1.1099318E-02  9.1736168E-03  0.0000000E+00
  0.1547385      6.0272936E-02  3.5367705E-02  2.5390448E-02  2.0030325E-02
  1.6539045E-02  1.3843821E-02  0.0000000E+00
  0.2132676      8.5746780E-02  5.1857468E-02  3.8514026E-02  3.1421535E-02
  2.6611071E-02  2.1910539E-02
  0.3115997      0.1299469      8.2145564E-02  6.4063683E-02  5.4662623E-02
  4.6550415E-02
  0.4909022      0.2153526      0.1456406      0.1223654      0.1089841    
  0.8601213      0.4101592      0.3110311      0.2899924    
   1.786960       1.000000      0.9302502    
   5.144049       4.139500    
   37.55497    
  1.0000000E+07
  0.1690103      3.7533801E-02  1.4959437E-02  7.7176848E-03  4.5970795E-03
  3.0016224E-03  2.0878853E-03  1.5202813E-03
  0.1478096      3.7912384E-02  1.6192537E-02  8.7182261E-03  5.3542452E-03
  3.5749052E-03  2.5302868E-03  1.8674959E-03
  0.1318551      3.8669553E-02  1.7787993E-02  1.0040562E-02  6.3710110E-03
  4.3618171E-03  3.1449432E-03  2.3539751E-03
  0.1257707      4.0346134E-02  1.9991886E-02  1.1855057E-02  7.7934018E-03
  5.4732286E-03  4.0237964E-03  0.0000000E+00
  0.1320443      4.4159003E-02  2.3293672E-02  1.4494321E-02  9.8729040E-03
  7.1200649E-03  5.3326124E-03  0.0000000E+00
  0.1513791      5.1974040E-02  2.8637102E-02  1.8577609E-02  1.3088156E-02
  9.6809082E-03  7.3715523E-03  0.0000000E+00
  0.1855597      6.6387236E-02  3.7641969E-02  2.5302865E-02  1.8385613E-02
  1.3910222E-02  1.0681449E-02  0.0000000E+00
  0.2421038      9.1806382E-02  5.3461328E-02  3.7101135E-02  2.7744725E-02
  2.1349378E-02  1.5914008E-02
  0.3407247      0.1372904      8.2774475E-02  5.9626821E-02  4.5889668E-02
  3.4721471E-02
  0.5262304      0.2253921      0.1432125      0.1084100      8.4099509E-02
  0.9148188      0.4234721      0.2925906      0.2335316    
   1.892104       1.000000      0.7893456    
   5.367766       3.734451    
   36.53326    
  1.0000000E+08
  0.4329681      6.4308733E-02  2.0883014E-02  9.3876887E-03  5.0483402E-03
  3.0389945E-03  1.9787303E-03  1.3623912E-03
  0.4328069      6.7096353E-02  2.2365451E-02  1.0251369E-02  5.5978084E-03
  3.4128262E-03  2.2446020E-03  1.5588140E-03
  0.4226555      7.0254587E-02  2.4331290E-02  1.1464710E-02  6.3922009E-03
  3.9622942E-03  2.6409924E-03  1.8530453E-03
  0.3983242      7.3880114E-02  2.7038349E-02  1.3211408E-02  7.5652590E-03
  4.7873026E-03  3.2404123E-03  0.0000000E+00
  0.3609410      7.8424104E-02  3.0857235E-02  1.5781501E-02  9.3329037E-03
  6.0473732E-03  4.1653239E-03  0.0000000E+00
  0.3233967      8.4805019E-02  3.6416367E-02  1.9642280E-02  1.2049629E-02
  8.0083786E-03  5.6058653E-03  0.0000000E+00
  0.3092169      9.4908148E-02  4.4859812E-02  2.5684819E-02  1.6387366E-02
  1.1168224E-02  7.8843050E-03  0.0000000E+00
  0.3404770      0.1138092      5.8878504E-02  3.5820171E-02  2.3767320E-02
  1.6484048E-02  1.1266516E-02
  0.4332903      0.1537222      8.5030608E-02  5.4592326E-02  3.7350949E-02
  2.5330324E-02
  0.6200451      0.2402513      0.1397035      9.3602963E-02  6.3519172E-02
   1.021270      0.4397357      0.2707058      0.1843377    
   2.056075       1.000000      0.6603287    
   5.699323       3.369320    
   35.75572    
  1.0000000E+09
  0.7857672      0.1092661      3.3869531E-02  1.4670126E-02  7.6501109E-03
  4.4825799E-03  2.8487770E-03  1.9206820E-03
  0.7694589      0.1076353      3.3535954E-02  1.4581172E-02  7.6278728E-03
  4.4833208E-03  2.8554485E-03  1.9280948E-03
  0.7724240      0.1092661      3.4306895E-02  1.5018532E-02  7.8947367E-03
  4.6604895E-03  2.9785025E-03  2.0155672E-03
  0.7909563      0.1139363      3.6241662E-02  1.6026687E-02  8.4951818E-03
  5.0504077E-03  3.2446259E-03  0.0000000E+00
  0.8169014      0.1214974      3.9510749E-02  1.7776132E-02  9.5478138E-03
  5.7361010E-03  3.7131209E-03  0.0000000E+00
  0.8369163      0.1322461      4.4625647E-02  2.0622684E-02  1.1312083E-02
  6.8984432E-03  4.5085251E-03  0.0000000E+00
  0.8309859      0.1472943      5.2779835E-02  2.5396591E-02  1.4336546E-02
  8.9103039E-03  5.8591552E-03  0.0000000E+00
  0.7924389      0.1704225      6.6582657E-02  3.3787992E-02  1.9740548E-02
  1.2468495E-02  7.9392139E-03
  0.7702001      0.2097109      9.1252781E-02  4.9229063E-02  2.9673833E-02
  1.8317273E-02
  0.8888066      0.2852483      0.1392142      7.9762787E-02  4.7746480E-02
   1.303929      0.4672350      0.2492958      0.1453669    
   2.396590       1.000000      0.5530022    
   6.214233       3.071164    
   35.85619    
  1.0000000E+10
   2.073581      0.2854473      8.7736510E-02  3.7724834E-02  1.9539827E-02
  1.1387526E-02  7.1992530E-03  4.8283110E-03
   1.863583      0.2569493      7.9046950E-02  3.4010746E-02  1.7624388E-02
  1.0273301E-02  6.4938101E-03  4.3517868E-03
   1.658024      0.2290820      7.0567623E-02  3.0413456E-02  1.5767345E-02
  9.1941142E-03  5.8117262E-03  3.8916143E-03
   1.505489      0.2087363      6.4470917E-02  2.7843961E-02  1.4456903E-02
  8.4372815E-03  5.3305305E-03  0.0000000E+00
   1.424667      0.1986919      6.1667837E-02  2.6722729E-02  1.3910302E-02
  8.1289420E-03  5.1343143E-03  0.0000000E+00
   1.416024      0.1996029      6.2438682E-02  2.7213268E-02  1.4237328E-02
  8.3391732E-03  5.2604536E-03  0.0000000E+00
   1.472086      0.2117496      6.7250639E-02  2.9642606E-02  1.5627190E-02
  9.1847694E-03  5.7533290E-03  0.0000000E+00
   1.578136      0.2366270      7.7341743E-02  3.4804951E-02  1.8593786E-02
  1.0943704E-02  6.5732305E-03
   1.701005      0.2798412      9.6542865E-02  4.5036208E-02  2.4480261E-02
  1.3992058E-02
   1.797944      0.3606634      0.1361831      6.6643313E-02  3.5856109E-02
   2.016585      0.5365568      0.2268629      0.1132446    
   3.104415       1.000000      0.4583041    
   7.173557       2.749357    
   36.04298    
