   100.0000    
  4.2229727E-02  1.4703454E-02  7.3611112E-03  4.4857357E-03  3.0292792E-03
  2.1790541E-03  1.6358859E-03  1.2672673E-03
  5.1426422E-02  1.7969219E-02  9.0390388E-03  5.5367863E-03  3.7575075E-03
  2.7143394E-03  2.0465464E-03  1.5915915E-03
  6.3551053E-02  2.2301052E-02  1.1283784E-02  6.9519519E-03  4.7447449E-03
  3.4478228E-03  2.6133633E-03  2.0424174E-03
  7.9879880E-02  2.8183185E-02  1.4365615E-02  8.9151645E-03  6.1298800E-03
  4.4857357E-03  3.4219220E-03  0.0000000E+00
  0.1024775      3.6396395E-02  1.8719969E-02  1.1722973E-02  8.1343846E-03
  6.0060062E-03  4.6208710E-03  0.0000000E+00
  0.1347222      4.8273277E-02  2.5108859E-02  1.5915915E-02  1.1174925E-02
  8.3483476E-03  6.4939940E-03  0.0000000E+00
  0.1824700      6.6141136E-02  3.4936186E-02  2.2499999E-02  1.6058559E-02
  1.2188437E-02  9.5758261E-03  0.0000000E+00
  0.2567568      9.4594590E-02  5.1013514E-02  3.3581082E-02  2.4527026E-02
  1.8986486E-02  1.4620871E-02
  0.3798799      0.1432432      7.9504505E-02  5.4091591E-02  4.0840842E-02
  3.1644143E-02
  0.6009760      0.2350225      0.1364865      9.7785279E-02  7.6126128E-02
   1.049549      0.4361862      0.2734610      0.2112613    
   2.145646       1.000000      0.7222222    
   5.878378       3.551051    
   33.29204    
   1000.000    
  4.2268813E-02  1.4743542E-02  7.3755146E-03  4.4889557E-03  3.0265818E-03
  2.1725944E-03  1.6267316E-03  1.2560838E-03
  5.1478844E-02  1.8015726E-02  9.0565337E-03  5.5372519E-03  3.7514041E-03
  2.7053538E-03  2.0340695E-03  1.5761887E-03
  6.3646577E-02  2.2354923E-02  1.1302883E-02  6.9524520E-03  4.7397981E-03
  3.4346688E-03  2.5952826E-03  2.0198429E-03
  8.0007486E-02  2.8247846E-02  1.4387869E-02  8.9142649E-03  6.1175586E-03
  4.4664918E-03  3.3942345E-03  0.0000000E+00
  0.1026207      3.6480717E-02  1.8745787E-02  1.1725945E-02  8.1168097E-03
  5.9752902E-03  4.5750653E-03  0.0000000E+00
  0.1348933      4.8371397E-02  2.5144141E-02  1.5911644E-02  1.1145638E-02
  8.2927747E-03  6.4095841E-03  0.0000000E+00
  0.1827405      6.6304758E-02  3.4975667E-02  2.2482218E-02  1.5997754E-02
  1.2077874E-02  9.3972292E-03  0.0000000E+00
  0.2571322      9.4795957E-02  5.1029578E-02  3.3534255E-02  2.4387870E-02
  1.8719582E-02  1.4170722E-02
  0.3803819      0.1435043      7.9558216E-02  5.3949833E-02  4.0434293E-02
  3.0816173E-02
  0.6020217      0.2354174      0.1364283      9.7229503E-02  7.4503928E-02
   1.051292      0.4365406      0.2728192      0.2078622    
   2.149382       1.000000      0.7143392    
   5.885437       3.528641    
   33.19730    
   10000.00    
  4.2511176E-02  1.4817436E-02  7.3994040E-03  4.4932934E-03  3.0193739E-03
  2.1579731E-03  1.6076750E-03  1.2336065E-03
  5.1713862E-02  1.8099850E-02  9.0834573E-03  5.5402387E-03  3.7406855E-03
  2.6851713E-03  2.0078241E-03  1.5454546E-03
  6.3859910E-02  2.2455292E-02  1.1337556E-02  6.9560357E-03  4.7205663E-03
  3.4064830E-03  2.5584949E-03  1.9757824E-03
  8.0216095E-02  2.8368106E-02  1.4426229E-02  8.9157969E-03  6.0916543E-03
  4.4225035E-03  3.3390461E-03  0.0000000E+00
  0.1028689      3.6628168E-02  1.8789120E-02  1.1717586E-02  8.0774957E-03
  5.9090913E-03  4.4895676E-03  0.0000000E+00
  0.1352459      4.8546944E-02  2.5193740E-02  1.5890462E-02  1.1076751E-02
  8.1818178E-03  6.2555885E-03  0.0000000E+00
  0.1831967      6.6542469E-02  3.5033531E-02  2.2436662E-02  1.5868107E-02
  1.1866617E-02  9.0946350E-03  0.0000000E+00
  0.2577869      9.5119223E-02  5.1080473E-02  3.3416543E-02  2.4109539E-02
  1.8248882E-02  1.3483606E-02
  0.3811476      0.1439642      7.9582706E-02  5.3651266E-02  3.9716840E-02
  2.9523099E-02
  0.6035768      0.2361028      0.1362519      9.6125185E-02  7.1944855E-02
   1.054769      0.4374068      0.2714233      0.2022727    
   2.156110       1.000000      0.7008197    
   5.901639       3.489568    
   33.11103    
   100000.0    
  4.4119824E-02  1.5011095E-02  7.4741123E-03  4.5118341E-03  3.0085060E-03
  2.1305473E-03  1.5710060E-03  1.1923077E-03
  5.3032544E-02  1.8302515E-02  9.1568045E-03  5.5547333E-03  3.7204144E-03
  2.6468195E-03  1.9585798E-03  1.4900147E-03
  6.4940833E-02  2.2677515E-02  1.1412722E-02  6.9600591E-03  4.6893489E-03
  3.3513315E-03  2.4892753E-03  1.8982989E-03
  8.1176035E-02  2.8624261E-02  1.4504438E-02  8.9090234E-03  6.0428991E-03
  4.3417159E-03  3.2385355E-03  0.0000000E+00
  0.1037722      3.6934171E-02  1.8879438E-02  1.1697485E-02  7.9955617E-03
  5.7840236E-03  4.3343194E-03  0.0000000E+00
  0.1361686      4.8927512E-02  2.5292160E-02  1.5843196E-02  1.0939349E-02
  7.9770703E-03  5.9948228E-03  0.0000000E+00
  0.1843195      6.7011833E-02  3.5140533E-02  2.2333581E-02  1.5617604E-02
  1.1494083E-02  8.6131655E-03  0.0000000E+00
  0.2593195      9.5784023E-02  5.1183432E-02  3.3184171E-02  2.3598371E-02
  1.7470414E-02  1.2522189E-02
  0.3835059      0.1448964      7.9585798E-02  5.3032544E-02  3.8461536E-02
  2.7662722E-02
  0.6072485      0.2374260      0.1359098      9.4193779E-02  6.8084314E-02
   1.061391      0.4393491      0.2688979      0.1937130    
   2.169749       1.000000      0.6797337    
   5.931953       3.429734    
   33.51331    
   1000000.    
  5.3474762E-02  1.6144842E-02  7.8822244E-03  4.6342355E-03  3.0087782E-03
  2.0771762E-03  1.4967080E-03  1.1126554E-03
  6.1338697E-02  1.9198975E-02  9.4842725E-03  5.6437459E-03  3.6978784E-03
  2.5727872E-03  1.8639356E-03  1.3906364E-03
  7.2128750E-02  2.3423554E-02  1.1675200E-02  7.0153624E-03  4.6378933E-03
  3.2479882E-03  2.3643014E-03  1.7681054E-03
  8.7161660E-02  2.9305046E-02  1.4729334E-02  8.9283101E-03  5.9473296E-03
  4.1916603E-03  3.0651060E-03  0.0000000E+00
  0.1086686      3.7637163E-02  1.9081930E-02  1.1667886E-02  7.8419903E-03
  5.5632768E-03  4.0782737E-03  0.0000000E+00
  0.1402341      4.9707390E-02  2.5486466E-02  1.5749818E-02  1.0680323E-02
  7.6261889E-03  5.5961963E-03  0.0000000E+00
  0.1879663      6.7995615E-02  3.5325531E-02  2.2125091E-02  1.5164593E-02
  1.0885150E-02  7.9297731E-03  0.0000000E+00
  0.2631309      9.7037315E-02  5.1353328E-02  3.2721289E-02  2.2717630E-02
  1.6309436E-02  1.1291149E-02
  0.3884418      0.1466350      7.9590350E-02  5.1901978E-02  3.6488660E-02
  2.5193855E-02
  0.6148500      0.2398683      0.1351865      9.0965621E-02  6.2838331E-02
   1.074250      0.4425750      0.2644843      0.1816020    
   2.196781       1.000000      0.6488662    
   5.991221       3.342355    
   35.21946    
  1.0000000E+07
  9.9856019E-02  2.3030959E-02  9.5032407E-03  4.9820021E-03  2.9780418E-03
  1.9359251E-03  1.3333334E-03  9.5860340E-04
  0.1003240      2.5399569E-02  1.1033118E-02  5.9647230E-03  3.6393090E-03
  2.3995682E-03  1.6688266E-03  1.2069836E-03
  0.1050396      2.8678907E-02  1.3070555E-02  7.2822180E-03  4.5356373E-03
  3.0298778E-03  2.1259901E-03  1.5449964E-03
  0.1157307      3.3480924E-02  1.5892729E-02  9.1072721E-03  5.7775383E-03
  3.9092875E-03  2.7627791E-03  0.0000000E+00
  0.1340533      4.0784739E-02  1.9974802E-02  1.1720663E-02  7.5593954E-03
  5.1691867E-03  3.6753062E-03  0.0000000E+00
  0.1625270      5.2195828E-02  2.6119512E-02  1.5626350E-02  1.0226782E-02
  7.0554358E-03  5.0179986E-03  0.0000000E+00
  0.2068035      7.0194386E-02  3.5748743E-02  2.1742260E-02  1.4406049E-02
  9.9856015E-03  7.0374371E-03  0.0000000E+00
  0.2787617      9.9424049E-02  5.1547877E-02  3.1875450E-02  2.1342695E-02
  1.4737222E-02  9.8344134E-03
  0.4024478      0.1496040      7.9373658E-02  5.0035998E-02  3.3671707E-02
  2.2203024E-02
  0.6306695      0.2439525      0.1336573      8.6069115E-02  5.6227505E-02
   1.099352      0.4478042      0.2572354      0.1657307    
   2.245141       1.000000      0.6072714    
   6.097913       3.224622    
   36.10511    
  1.0000000E+08
  0.2351266      3.6075950E-02  1.1962025E-02  5.4535870E-03  2.9585091E-03
  1.7904361E-03  1.1684247E-03  8.0555555E-04
  0.2450774      3.9732769E-02  1.3625176E-02  6.3572433E-03  3.5077354E-03
  2.1504923E-03  1.4173699E-03  9.8417723E-04
  0.2500000      4.3952182E-02  1.5777076E-02  7.5843879E-03  4.2721522E-03
  2.6603378E-03  1.7728551E-03  1.2408580E-03
  0.2498945      4.9120955E-02  1.8674402E-02  9.3037980E-03  5.3691985E-03
  3.3994375E-03  2.2914910E-03  0.0000000E+00
  0.2490506      5.5942334E-02  2.2728553E-02  1.1782701E-02  6.9760899E-03
  4.4901548E-03  3.0569620E-03  0.0000000E+00
  0.2569972      6.5787621E-02  2.8628692E-02  1.5457103E-02  9.3881851E-03
  6.1357245E-03  4.1983123E-03  0.0000000E+00
  0.2862166      8.1118144E-02  3.7658226E-02  2.1146273E-02  1.3146977E-02
  8.6814342E-03  5.9036571E-03  0.0000000E+00
  0.3492968      0.1074543      5.2531645E-02  3.0499298E-02  1.9307313E-02
  1.2732068E-02  8.2102669E-03
  0.4655415      0.1558720      7.9008438E-02  4.7081579E-02  2.9996485E-02
  1.8857244E-02
  0.6856540      0.2503164      0.1308720      7.9324894E-02  4.8663855E-02
   1.155415      0.4553446      0.2464838      0.1470113    
   2.330169       1.000000      0.5562588    
   6.272855       3.080520    
   36.18143    
  1.0000000E+09
  0.3848248      5.3589657E-02  1.6617898E-02  7.1997279E-03  3.7495748E-03
  2.1973462E-03  1.3953727E-03  9.3977549E-04
  0.4123852      5.7910852E-02  1.8070772E-02  7.8666219E-03  4.1136444E-03
  2.4168084E-03  1.5379381E-03  1.0374277E-03
  0.4494726      6.4001366E-02  2.0170126E-02  8.8465465E-03  4.6546450E-03
  2.7478733E-03  1.7546784E-03  1.1861178E-03
  0.4937054      7.1963251E-02  2.3069073E-02  1.0248384E-02  5.4440289E-03
  3.2381762E-03  2.0789385E-03  0.0000000E+00
  0.5396394      8.2068726E-02  2.7053420E-02  1.2266077E-02  6.6178977E-03
  3.9809458E-03  2.5743453E-03  0.0000000E+00
  0.5791085      9.4862208E-02  3.2722015E-02  1.5301123E-02  8.4382445E-03
  5.1514124E-03  3.3593061E-03  0.0000000E+00
  0.6053080      0.1121130      4.1340593E-02  2.0156518E-02  1.1422253E-02
  7.0840428E-03  4.6274248E-03  0.0000000E+00
  0.6281048      0.1382443      5.5427019E-02  2.8366793E-02  1.6522627E-02
  1.0326642E-02  6.4579789E-03
  0.6968357      0.1826812      8.0061249E-02  4.2973801E-02  2.5474653E-02
  1.5304526E-02
  0.8952025      0.2692412      0.1275264      7.0874453E-02  4.0728141E-02
   1.358625      0.4668255      0.2324600      0.1271181    
   2.540320       1.000000      0.5008506    
   6.594079       2.932971    
   36.57706    
  1.0000000E+10
  0.7939472      0.1090792      3.3451382E-02  1.4365744E-02  7.4307788E-03
  4.3238890E-03  2.7295556E-03  1.8287186E-03
  0.8213136      0.1129749      3.4674823E-02  1.4893753E-02  7.7044428E-03
  4.4816486E-03  2.8287186E-03  1.8931101E-03
  0.8322601      0.1146813      3.5254344E-02  1.5148100E-02  7.8396657E-03
  4.5621381E-03  2.8766904E-03  1.9227301E-03
  0.8470702      0.1170637      3.6059242E-02  1.5521571E-02  8.0392789E-03
  4.6812622E-03  2.9497747E-03  0.0000000E+00
  0.8898906      0.1236961      3.8248550E-02  1.6522858E-02  8.5737286E-03
  4.9935612E-03  3.1452028E-03  0.0000000E+00
  0.9739214      0.1369285      4.2691566E-02  1.8557630E-02  9.6683837E-03
  5.6439149E-03  3.5447520E-03  0.0000000E+00
   1.099485      0.1582743      5.0193176E-02  2.2076627E-02  1.1596909E-02
  6.7900838E-03  4.2337412E-03  0.0000000E+00
   1.255634      0.1900193      6.2330972E-02  2.8058596E-02  1.4954926E-02
  8.7701222E-03  5.2382485E-03
   1.418223      0.2386349      8.3354801E-02  3.9021250E-02  2.1194462E-02
  1.2050869E-02
   1.589504      0.3245331      0.1246941      6.1236314E-02  3.2743078E-02
   1.975209      0.5086929      0.2162589      0.1068899    
   3.203155       1.000000      0.4433355    
   7.382485       2.772054    
   37.63683    
