   100.0000    
  4.0548865E-02  1.4346121E-02  7.3564821E-03  4.6065524E-03  3.2007839E-03
  2.3660038E-03  1.8227387E-03  1.4466535E-03
  4.9285911E-02  1.7499298E-02  9.0254825E-03  5.6874822E-03  3.9736768E-03
  2.9543545E-03  2.2889946E-03  1.8269391E-03
  6.0767289E-02  2.1680200E-02  1.1260151E-02  7.1464572E-03  5.0294031E-03
  3.7664517E-03  2.9375525E-03  2.3609633E-03
  7.6197140E-02  2.7353682E-02  1.4326518E-02  9.1739008E-03  6.5135811E-03
  4.9201902E-03  3.8728644E-03  0.0000000E+00
  9.7507693E-02  3.5284232E-02  1.8669840E-02  1.2089050E-02  8.6810412E-03
  6.6367961E-03  5.2842340E-03  0.0000000E+00
  0.1278353      4.6709605E-02  2.5060207E-02  1.6460374E-02  1.2002240E-02
  9.3167173E-03  7.5329035E-03  0.0000000E+00
  0.1727247      6.3959673E-02  3.4920190E-02  2.3391206E-02  1.7409688E-02
  1.3805657E-02  1.1358163E-02  0.0000000E+00
  0.2424811      9.1458969E-02  5.1162139E-02  3.5200223E-02  2.6998039E-02
  2.2038644E-02  1.7997758E-02
  0.3578829      0.1385886      8.0257624E-02  5.7546902E-02  4.6149533E-02
  3.8336597E-02
  0.5656679      0.2281714      0.1395127      0.1068608      9.0366840E-02
  0.9882386      0.4267712      0.2870344      0.2442453    
   2.027723       1.000000      0.8070568    
   5.634276       3.791655    
   34.05209    
   1000.000    
  4.0624127E-02  1.4388409E-02  7.3725274E-03  4.6113124E-03  3.1986625E-03
  2.3574813E-03  1.8105322E-03  1.4313179E-03
  4.9373087E-02  1.7548064E-02  9.0443017E-03  5.6896075E-03  3.9676786E-03
  2.9423239E-03  2.2719421E-03  1.8049596E-03
  6.0852610E-02  2.1738647E-02  1.1281694E-02  7.1496237E-03  5.0208974E-03
  3.7475619E-03  2.9144608E-03  2.3285036E-03
  7.6316521E-02  2.7422680E-02  1.4352188E-02  9.1752578E-03  6.5004183E-03
  4.8955139E-03  3.8367233E-03  0.0000000E+00
  9.7631656E-02  3.5358038E-02  1.8701589E-02  1.2086933E-02  8.6597940E-03
  6.5923654E-03  5.2215098E-03  0.0000000E+00
  0.1280022      4.6809696E-02  2.5096128E-02  1.6455837E-02  1.1961550E-02
  9.2393421E-03  7.4115358E-03  0.0000000E+00
  0.1729730      6.4112566E-02  3.4967959E-02  2.3368627E-02  1.7327946E-02
  1.3652828E-02  1.1095013E-02  0.0000000E+00
  0.2428253      9.1641128E-02  5.1212039E-02  3.5135135E-02  2.6806910E-02
  2.1652270E-02  1.7302869E-02
  0.3583171      0.1388688      8.0300920E-02  5.7341881E-02  4.5583729E-02
  3.7085541E-02
  0.5667317      0.2285874      0.1394260      0.1060741      8.7935358E-02
  0.9899693      0.4274171      0.2858735      0.2391474    
   2.031485       1.000000      0.7952076    
   5.642240       3.755921    
   33.88131    
   10000.00    
  4.0934216E-02  1.4483139E-02  7.4101710E-03  4.6213376E-03  3.1923715E-03
  2.3413489E-03  1.7866225E-03  1.4016031E-03
  4.9640685E-02  1.7658927E-02  9.0878932E-03  5.6992811E-03  3.9579878E-03
  2.9187396E-03  2.2385295E-03  1.7636815E-03
  6.1138749E-02  2.1865670E-02  1.1329464E-02  7.1586515E-03  5.0055278E-03
  3.7147596E-03  2.8662244E-03  2.2681039E-03
  7.6616913E-02  2.7576009E-02  1.4408512E-02  9.1818683E-03  6.4731892E-03
  4.8424541E-03  3.7617467E-03  0.0000000E+00
  9.7982302E-02  3.5544500E-02  1.8767275E-02  1.2089552E-02  8.6152563E-03
  6.5091210E-03  5.1022661E-03  0.0000000E+00
  0.1284688      4.7070201E-02  2.5176894E-02  1.6442785E-02  1.1879491E-02
  9.0934215E-03  7.1973461E-03  0.0000000E+00
  0.1735765      6.4427860E-02  3.5074625E-02  2.3327805E-02  1.7169707E-02
  1.3366500E-02  1.0657822E-02  0.0000000E+00
  0.2436982      9.2067435E-02  5.1299058E-02  3.5019346E-02  2.6448313E-02
  2.0983968E-02  1.6276948E-02
  0.3598673      0.1394970      8.0375895E-02  5.6965172E-02  4.4582643E-02
  3.5157546E-02
  0.5688226      0.2294914      0.1393035      0.1046434      8.4162518E-02
  0.9939193      0.4286899      0.2841349      0.2310945    
   2.039801       1.000000      0.7761194    
   5.660586       3.700940    
   33.72029    
   100000.0    
  4.2744134E-02  1.4727223E-02  7.5150030E-03  4.6563009E-03  3.1860340E-03
  2.3106930E-03  1.7408620E-03  1.3469722E-03
  5.1145662E-02  1.7910529E-02  9.1898525E-03  5.7283142E-03  3.9416258E-03
  2.8750682E-03  2.1751227E-03  1.6890344E-03
  6.2411353E-02  2.2141300E-02  1.1434807E-02  7.1767597E-03  4.9727224E-03
  3.6470268E-03  2.7741408E-03  2.1623021E-03
  7.7741407E-02  2.7877796E-02  1.4519912E-02  9.1898525E-03  6.4157122E-03
  4.7408622E-03  3.6279326E-03  0.0000000E+00
  9.9072561E-02  3.5924714E-02  1.8889798E-02  1.2078560E-02  8.5188216E-03
  6.3475175E-03  4.8881616E-03  0.0000000E+00
  0.1295963      4.7517732E-02  2.5313694E-02  1.6402073E-02  1.1713039E-02
  8.8216038E-03  6.8385163E-03  0.0000000E+00
  0.1749318      6.5002725E-02  3.5215493E-02  2.3218768E-02  1.6852155E-02
  1.2858702E-02  9.9781780E-03  0.0000000E+00
  0.2454992      9.2880525E-02  5.1472995E-02  3.4751773E-02  2.5774688E-02
  1.9899072E-02  1.4866340E-02
  0.3625205      0.1406165      8.0469184E-02  5.6219313E-02  4.2853247E-02
  3.2460447E-02
  0.5731042      0.2311511      0.1389253      0.1020458      7.8641571E-02
   1.001909      0.4309875      0.2809602      0.2189580    
   2.055919       1.000000      0.7465903    
   5.695581       3.617021    
   34.04256    
   1000000.    
  5.2834228E-02  1.6211230E-02  8.1042778E-03  4.8716580E-03  3.2219253E-03
  2.2622996E-03  1.6548129E-03  1.2470589E-03
  6.0160428E-02  1.9080214E-02  9.6631022E-03  5.8903745E-03  3.9438503E-03
  2.7967915E-03  2.0606953E-03  1.5606952E-03
  7.0240647E-02  2.3104278E-02  1.1820856E-02  7.2887708E-03  4.9331556E-03
  3.5294120E-03  2.6173797E-03  1.9903744E-03
  8.4358290E-02  2.8743317E-02  1.4847595E-02  9.2486637E-03  6.3235299E-03
  4.5614974E-03  3.4037435E-03  0.0000000E+00
  0.1045455      3.6791444E-02  1.9184493E-02  1.2080214E-02  8.3422465E-03
  6.0695191E-03  4.5508025E-03  0.0000000E+00
  0.1342513      4.8502676E-02  2.5596259E-02  1.6320856E-02  1.1401070E-02
  8.3663110E-03  6.2941182E-03  0.0000000E+00
  0.1792246      6.6203207E-02  3.5508022E-02  2.2994654E-02  1.6286097E-02
  1.2053477E-02  9.0320865E-03  0.0000000E+00
  0.2500802      9.4411775E-02  5.1711231E-02  3.4197863E-02  2.4639038E-02
  1.8318182E-02  1.3109626E-02
  0.3681818      0.1427540      8.0534764E-02  5.4839574E-02  4.0213905E-02
  2.8957222E-02
  0.5820855      0.2341711      0.1381284      9.7860970E-02  7.1283430E-02
   1.017647      0.4352941      0.2754011      0.2022460    
   2.087701       1.000000      0.7045455    
   5.764706       3.497326    
   35.50802    
  1.0000000E+07
  0.1078360      2.4891021E-02  1.0290607E-02  5.4151528E-03  3.2537624E-03
  2.1258432E-03  1.4724961E-03  1.0640892E-03
  0.1052672      2.6933055E-02  1.1779969E-02  6.4167101E-03  3.9465488E-03
  2.6206539E-03  1.8365334E-03  1.3375713E-03
  0.1071354      2.9813180E-02  1.3757136E-02  7.7555790E-03  4.8806434E-03
  3.2952777E-03  2.3347172E-03  1.7122470E-03
  0.1154904      3.4120392E-02  1.6497146E-02  9.6056042E-03  6.1831861E-03
  4.2397506E-03  3.0332124E-03  0.0000000E+00
  0.1318370      4.0866632E-02  2.0485209E-02  1.2270368E-02  8.0617536E-03
  5.6045670E-03  4.0425532E-03  0.0000000E+00
  0.1583290      5.1660612E-02  2.6543850E-02  1.6279191E-02  1.0889985E-02
  7.6595745E-03  5.5448883E-03  0.0000000E+00
  0.1998962      6.8967305E-02  3.6170214E-02  2.2618059E-02  1.5368449E-02
  1.0897768E-02  7.8412043E-03  0.0000000E+00
  0.2677737      9.7353399E-02  5.2101709E-02  3.3238195E-02  2.2908667E-02
  1.6245458E-02  1.1113130E-02
  0.3845356      0.1464193      8.0435909E-02  5.2516866E-02  3.6585364E-02
  2.4901401E-02
  0.6009341      0.2391801      0.1364037      9.1619097E-02  6.2376752E-02
   1.046964      0.4416191      0.2664764      0.1811884    
   2.144785       1.000000      0.6499740    
   5.887390       3.341982    
   36.06643    
  1.0000000E+08
  0.2659891      4.0555280E-02  1.3396133E-02  6.0956865E-03  3.3019334E-03
  1.9987605E-03  1.3046603E-03  8.9960342E-04
  0.2749132      4.4174518E-02  1.5081804E-02  7.0228064E-03  3.8720875E-03
  2.3748141E-03  1.5661875E-03  1.0887457E-03
  0.2771443      4.8239961E-02  1.7243430E-02  8.2771443E-03  4.6653445E-03
  2.9077840E-03  1.9419930E-03  1.3619236E-03
  0.2724343      5.3098660E-02  2.0133862E-02  1.0037184E-02  5.8056521E-03
  3.6861678E-03  2.4938027E-03  0.0000000E+00
  0.2647496      5.9419930E-02  2.4164600E-02  1.2570649E-02  7.4789291E-03
  4.8388694E-03  3.3118494E-03  0.0000000E+00
  0.2647496      6.8468019E-02  3.0019831E-02  1.6331185E-02  1.0002479E-02
  6.5889936E-03  4.5488351E-03  0.0000000E+00
  0.2863163      8.2721867E-02  3.8943976E-02  2.2164105E-02  1.3953893E-02
  9.3257315E-03  6.4179474E-03  0.0000000E+00
  0.3430838      0.1076103      5.3743184E-02  3.1829450E-02  2.0498265E-02
  1.3740704E-02  9.0059498E-03
  0.4526525      0.1543629      8.0441251E-02  4.9157165E-02  3.2027762E-02
  2.0580070E-02
  0.6626177      0.2470749      0.1334407      8.3415970E-02  5.2702036E-02
   1.111552      0.4506693      0.2535945      0.1573872    
   2.244174       1.000000      0.5857709    
   6.093208       3.160635    
   35.99405    
  1.0000000E+09
  0.4491212      6.2511571E-02  1.9368641E-02  8.3880667E-03  4.3686405E-03
  2.5601296E-03  1.6251158E-03  1.0945884E-03
  0.4731730      6.6327475E-02  2.0675302E-02  8.9939879E-03  4.7016651E-03
  2.7613321E-03  1.7580944E-03  1.1857077E-03
  0.5076318      7.2086036E-02  2.2687327E-02  9.9444967E-03  5.2289548E-03
  3.0874191E-03  1.9713230E-03  1.3325624E-03
  0.5497225      7.9856619E-02  2.5555043E-02  1.1334413E-02  6.0198894E-03
  3.5800184E-03  2.2985663E-03  0.0000000E+00
  0.5936633      8.9801110E-02  2.9509714E-02  1.3360314E-02  7.2039780E-03
  4.3339501E-03  2.8052730E-03  0.0000000E+00
  0.6297410      0.1023127      3.5152636E-02  1.6422294E-02  9.0564303E-03
  5.5342279E-03  3.6147088E-03  0.0000000E+00
  0.6477798      0.1190102      4.3732658E-02  2.1334413E-02  1.2111471E-02
  7.5346902E-03  4.9375580E-03  0.0000000E+00
  0.6558742      0.1440796      5.7793710E-02  2.9694729E-02  1.7388992E-02
  1.0932008E-02  6.8848287E-03
  0.7046716      0.1868640      8.2516186E-02  4.4703979E-02  2.6757631E-02
  1.6251156E-02
  0.8848289      0.2708141      0.1304579      7.3681779E-02  4.3038856E-02
   1.331175      0.4653099      0.2377429      0.1332794    
   2.479186       1.000000      0.5187327    
   6.450047       2.981036    
   36.33210    
  1.0000000E+10
  0.9915863      0.1362405      4.1781243E-02  1.7941721E-02  9.2776520E-03
  5.3991377E-03  3.4085778E-03  2.2840139E-03
   1.003899      0.1380669      4.2376358E-02  1.8200286E-02  9.4130924E-03
  5.4771188E-03  3.4578287E-03  2.3147957E-03
  0.9905602      0.1364457      4.1924890E-02  1.8021753E-02  9.3248514E-03
  5.4258159E-03  3.4229427E-03  2.2881180E-03
  0.9809152      0.1355017      4.1719679E-02  1.7962242E-02  9.3022780E-03
  5.4155551E-03  3.4126821E-03  0.0000000E+00
   1.004515      0.1395239      4.3135643E-02  1.8629180E-02  9.6675558E-03
  5.6310277E-03  3.5460701E-03  0.0000000E+00
   1.074903      0.1509337      4.7055200E-02  2.0435050E-02  1.0648471E-02
  6.2138312E-03  3.9051918E-03  0.0000000E+00
   1.190848      0.1709830      5.4155551E-02  2.3804637E-02  1.2503591E-02
  7.3219780E-03  4.5680278E-03  0.0000000E+00
   1.339011      0.2016827      6.5996304E-02  2.9694233E-02  1.5823927E-02
  9.2858607E-03  5.5550993E-03
   1.490458      0.2489226      8.6722754E-02  4.0591009E-02  2.2080854E-02
  1.2581571E-02
   1.637184      0.3328545      0.1278473      6.2979683E-02  3.3839524E-02
   1.978658      0.5138518      0.2199877      0.1097271    
   3.162323       1.000000      0.4512621    
   7.282988       2.782680    
   37.20501    
