   100.0000    
  6.2303662E-02  1.6978309E-02  6.5332837E-03  3.1757664E-03  1.7786089E-03
  1.0942408E-03  7.1989524E-04  4.9775612E-04
  7.6626770E-02  2.0882573E-02  8.0366489E-03  3.9080027E-03  2.1896034E-03
  1.3470456E-03  8.8593864E-04  6.1219145E-04
  9.5736720E-02  2.6088256E-02  1.0044876E-02  4.8878086E-03  2.7382197E-03
  1.6843679E-03  1.1069558E-03  7.6402392E-04
  0.1217651      3.3186238E-02  1.2782347E-02  6.2228870E-03  3.4869108E-03
  2.1443530E-03  1.4076290E-03  0.0000000E+00
  0.1581526      4.3118924E-02  1.6623037E-02  8.0964845E-03  4.5362748E-03
  2.7875840E-03  1.8261031E-03  0.0000000E+00
  0.2106582      5.7479426E-02  2.2176513E-02  1.0807779E-02  6.0545998E-03
  3.7142853E-03  2.4207179E-03  0.0000000E+00
  0.2892670      7.9094984E-02  3.0534778E-02  1.4884069E-02  8.3320858E-03
  5.0897528E-03  3.2722515E-03  0.0000000E+00
  0.4124906      0.1131638      4.3717276E-02  2.1316379E-02  1.1896036E-02
  7.1802540E-03  4.3530292E-03
  0.6178010      0.1703067      6.5856390E-02  3.2056842E-02  1.7711293E-02
  1.0127150E-02
  0.9872849      0.2743081      0.1060957      5.1271502E-02  2.6967090E-02
   1.725131      0.4865370      0.1872850      8.6724006E-02
   3.449888       1.000000      0.3706806    
   8.649962       2.626776    
   34.33807    
   1000.000    
  6.2252149E-02  1.6988402E-02  6.5319864E-03  3.1758326E-03  1.7777778E-03
  1.0935279E-03  7.1866822E-04  4.9682002E-04
  7.6580621E-02  2.0894127E-02  8.0396561E-03  3.9094649E-03  2.1885522E-03
  1.3460531E-03  8.8477373E-04  6.1054999E-04
  9.5697716E-02  2.6098019E-02  1.0044893E-02  4.8858961E-03  2.7369997E-03
  1.6827536E-03  1.1051253E-03  7.6169096E-04
  0.1216985      3.3198655E-02  1.2787131E-02  6.2214741E-03  3.4852228E-03
  2.1421625E-03  1.4051629E-03  0.0000000E+00
  0.1580621      4.3135054E-02  1.6625516E-02  8.0957720E-03  4.5342315E-03
  2.7841376E-03  1.8219230E-03  0.0000000E+00
  0.2105500      5.7538349E-02  2.2184812E-02  1.0804339E-02  6.0493830E-03
  3.7085672E-03  2.4137674E-03  0.0000000E+00
  0.2891882      7.9124585E-02  3.0542463E-02  1.4882155E-02  8.3239814E-03
  5.0804340E-03  3.2581370E-03  0.0000000E+00
  0.4126450      0.1132061      4.3733634E-02  2.1309391E-02  1.1881781E-02
  7.1567530E-03  4.3209880E-03
  0.6180322      0.1703704      6.5881029E-02  3.2042649E-02  1.7676767E-02
  1.0063600E-02
  0.9872802      0.2744108      0.1060980      5.1215865E-02  2.6846241E-02
   1.725402      0.4867190      0.1872428      8.6457171E-02
   3.450804       1.000000      0.3700337    
   8.653198       2.625515    
   34.34344    
   10000.00    
  6.2214740E-02  1.6984662E-02  6.5319864E-03  3.1728395E-03  1.7747850E-03
  1.0905350E-03  7.1642350E-04  4.9420132E-04
  7.6505803E-02  2.0894127E-02  8.0359150E-03  3.9057240E-03  2.1851852E-03
  1.3423121E-03  8.8140665E-04  6.0755707E-04
  9.5548078E-02  2.6101759E-02  1.0044893E-02  4.8821550E-03  2.7321363E-03
  1.6782641E-03  1.1010101E-03  7.5757579E-04
  0.1215114      3.3202395E-02  1.2783390E-02  6.2177326E-03  3.4788628E-03
  2.1358025E-03  1.3991770E-03  0.0000000E+00
  0.1578376      4.3135054E-02  1.6621772E-02  8.0882907E-03  4.5267488E-03
  2.7755331E-03  1.8133183E-03  0.0000000E+00
  0.2102881      5.7538349E-02  2.2177329E-02  1.0793116E-02  6.0381596E-03
  3.6954735E-03  2.3995512E-03  0.0000000E+00
  0.2888515      7.9124585E-02  3.0531241E-02  1.4863450E-02  8.3052749E-03
  5.0579873E-03  3.2323233E-03  0.0000000E+00
  0.4122708      0.1132061      4.3733634E-02  2.1279462E-02  1.1844370E-02
  7.1156006E-03  4.2686118E-03
  0.6172839      0.1703704      6.5843619E-02  3.1986535E-02  1.7601945E-02
  9.9625895E-03
  0.9865320      0.2744108      0.1060232      5.1066220E-02  2.6632996E-02
   1.724654      0.4867190      0.1869809      8.5970819E-02
   3.450430       1.000000      0.3687243    
   8.653198       2.621399    
   34.38833    
   100000.0    
  6.2860355E-02  1.6971173E-02  6.5181581E-03  3.1632348E-03  1.7675027E-03
  1.0846124E-03  7.1096967E-04  4.8970425E-04
  7.6900035E-02  2.0887308E-02  8.0269556E-03  3.8974166E-03  2.1774615E-03
  1.3354549E-03  8.7495323E-04  6.0164736E-04
  9.5731936E-02  2.6106326E-02  1.0037440E-02  4.8745787E-03  2.7236990E-03
  1.6697868E-03  1.0928492E-03  7.4990641E-04
  0.1214901      3.3219770E-02  1.2777987E-02  6.2074130E-03  3.4683640E-03
  2.1250469E-03  1.3886185E-03  0.0000000E+00
  0.1576937      4.3167356E-02  1.6619245E-02  8.0756266E-03  4.5114188E-03
  2.7607637E-03  1.7978286E-03  0.0000000E+00
  0.2099963      5.7581432E-02  2.2175215E-02  1.0778735E-02  6.0164733E-03
  3.6727816E-03  2.3758891E-03  0.0000000E+00
  0.2884313      7.9221264E-02  3.0527892E-02  1.4840883E-02  8.2703112E-03
  5.0205914E-03  3.1920632E-03  0.0000000E+00
  0.4118308      0.1133283      4.3728940E-02  2.1235492E-02  1.1785849E-02
  7.0460504E-03  4.1969302E-03
  0.6169974      0.1705354      6.5818042E-02  3.1898167E-02  1.7480345E-02
  9.8165479E-03
  0.9861475      0.2746162      0.1059154      5.0842382E-02  2.6315987E-02
   1.724448      0.4870835      0.1866342      8.5211538E-02
   3.451516       1.000000      0.3667915    
   8.659678       2.616249    
   34.91951    
   1000000.    
  6.9141358E-02  1.6809149E-02  6.4116991E-03  3.1064868E-03  1.7337833E-03
  1.0622423E-03  6.9516309E-04  4.7769031E-04
  8.2114741E-02  2.0738658E-02  7.9340087E-03  3.8432698E-03  2.1451069E-03
  1.3130859E-03  8.5826771E-04  5.8867643E-04
  9.9775031E-02  2.5984252E-02  9.9587552E-03  4.8293965E-03  2.6921637E-03
  1.6467941E-03  1.0746156E-03  7.3490816E-04
  0.1243720      3.3138357E-02  1.2718410E-02  6.1642295E-03  3.4364455E-03
  2.0993627E-03  1.3667042E-03  0.0000000E+00
  0.1594301      4.3157104E-02  1.6572928E-02  8.0352454E-03  4.4769407E-03
  2.7289090E-03  1.7694039E-03  0.0000000E+00
  0.2107987      5.7592802E-02  2.2137232E-02  1.0734908E-02  5.9730038E-03
  3.6295466E-03  2.3352082E-03  0.0000000E+00
  0.2884890      7.9265088E-02  3.0498689E-02  1.4780653E-02  8.2077244E-03
  4.9531311E-03  3.1286089E-03  0.0000000E+00
  0.4109486      0.1134608      4.3682043E-02  2.1147357E-02  1.1679791E-02
  6.9328835E-03  4.0944880E-03
  0.6160480      0.1707537      6.5729283E-02  3.1732284E-02  1.7270342E-02
  9.6025495E-03
  0.9850019      0.2749532      0.1057368      5.0468691E-02  2.5841769E-02
   1.724035      0.4874391      0.1860142      8.4064491E-02
   3.452944       1.000000      0.3636670    
   8.665167       2.607799    
   37.90776    
  1.0000000E+07
  8.8303879E-02  1.7081611E-02  6.2241443E-03  2.9601355E-03  1.6370816E-03
  9.9811971E-04  6.5137271E-04  4.4716062E-04
  0.1021813      2.0763446E-02  7.6795788E-03  3.6776986E-03  2.0394886E-03
  1.2444528E-03  8.1158330E-04  5.5622414E-04
  0.1201956      2.5765326E-02  9.6540060E-03  4.6446035E-03  2.5799174E-03
  1.5735240E-03  1.0248214E-03  6.9988717E-04
  0.1440015      3.2737873E-02  1.2384356E-02  5.9759310E-03  3.3196693E-03
  2.0218128E-03  1.3125236E-03  0.0000000E+00
  0.1767206      4.2685222E-02  1.6246710E-02  7.8450544E-03  4.3550208E-03
  2.6457314E-03  1.7089132E-03  0.0000000E+00
  0.2242949      5.7164349E-02  2.1846559E-02  1.0552840E-02  5.8443029E-03
  3.5344115E-03  2.2617525E-03  0.0000000E+00
  0.2975931      7.8977063E-02  3.0255737E-02  1.4599474E-02  8.0594206E-03
  4.8326440E-03  3.0304627E-03  0.0000000E+00
  0.4159459      0.1133509      4.3474991E-02  2.0928921E-02  1.1474239E-02
  6.7506586E-03  3.9563747E-03
  0.6175254      0.1708913      6.5513350E-02  3.1399023E-02  1.6927417E-02
  9.3117720E-03
  0.9842046      0.2753667      0.1053404      4.9793154E-02  2.5163598E-02
   1.722452      0.4881535      0.1848439      8.2324184E-02
   3.453930       1.000000      0.3588191    
   8.679955       2.595337    
   42.00827    
  1.0000000E+08
  0.1245269      1.9178653E-02  6.3096141E-03  2.8391371E-03  1.5189251E-03
  9.0651028E-04  5.8402726E-04  3.9742622E-04
  0.1418622      2.2774413E-02  7.6532927E-03  3.4867527E-03  1.8796365E-03
  1.1275549E-03  7.2823622E-04  4.9621501E-04
  0.1629069      2.7528388E-02  9.4738835E-03  4.3754731E-03  2.3758516E-03
  1.4311129E-03  9.2581374E-04  6.3058292E-04
  0.1899319      3.4034822E-02  1.2009841E-02  5.6169569E-03  3.0700227E-03
  1.8542771E-03  1.1998486E-03  0.0000000E+00
  0.2265329      4.3262679E-02  1.5639666E-02  7.3921275E-03  4.0613171E-03
  2.4534443E-03  1.5817562E-03  0.0000000E+00
  0.2779334      5.6850869E-02  2.0995459E-02  1.0003786E-02  5.5034067E-03
  3.3156700E-03  2.1192280E-03  0.0000000E+00
  0.3518547      7.7857681E-02  2.9212719E-02  1.3974262E-02  7.6684328E-03
  4.5798635E-03  2.8663892E-03  0.0000000E+00
  0.4640424      0.1118471      4.2354278E-02  2.0246027E-02  1.1021953E-02
  6.4458749E-03  3.7641937E-03
  0.6517790      0.1696064      6.4458743E-02  3.0609388E-02  1.6336109E-02
  8.9099174E-03
   1.002650      0.2748675      0.1041635      4.8637398E-02  2.4239214E-02
   1.728615      0.4882665      0.1827404      7.9939440E-02
   3.456851       1.000000      0.3520061    
   8.697956       2.579107    
   43.18698    
  1.0000000E+09
  0.1601463      2.2379668E-02  6.9426256E-03  3.0065461E-03  1.5644975E-03
  9.1528683E-04  5.8028492E-04  3.9006546E-04
  0.1876396      2.6469002E-02  8.2633803E-03  3.5914518E-03  1.8744704E-03
  1.0981902E-03  6.9695798E-04  4.6861760E-04
  0.2219099      3.1775124E-02  1.0011552E-02  4.3781283E-03  2.2953406E-03
  1.3488641E-03  8.5714279E-04  5.7643431E-04
  0.2641895      3.8737003E-02  1.2387370E-02  5.4678475E-03  2.8833270E-03
  1.7008085E-03  1.0831729E-03  0.0000000E+00
  0.3161340      4.8132461E-02  1.5718136E-02  7.0273392E-03  3.7350787E-03
  2.2129379E-03  1.4108587E-03  0.0000000E+00
  0.3814016      6.1378509E-02  2.0604543E-02  9.3569495E-03  5.0173276E-03
  2.9822872E-03  1.8964189E-03  0.0000000E+00
  0.4686176      8.1209086E-02  2.8155563E-02  1.2991914E-02  7.0119370E-03
  4.1586445E-03  2.6068541E-03  0.0000000E+00
  0.5976126      0.1128610      4.0431265E-02  1.8879475E-02  1.0184828E-02
  5.9491717E-03  3.4971118E-03
  0.8032345      0.1673854      6.1494030E-02  2.8825568E-02  1.5302272E-02
  8.3634965E-03
   1.152099      0.2702349      0.1005006      4.6399690E-02  2.2976510E-02
   1.839045      0.4847901      0.1784367      7.6780900E-02
   3.519830       1.000000      0.3437043    
   8.771659       2.569118    
   43.78128    
  1.0000000E+10
  0.2157422      2.9657422E-02  9.0986947E-03  3.9057909E-03  2.0195758E-03
  1.1749592E-03  7.4184337E-04  4.9673731E-04
  0.2487765      3.4241434E-02  1.0509787E-02  4.5146816E-03  2.3340129E-03
  1.3576671E-03  8.5644372E-04  5.7300157E-04
  0.2895595      3.9926592E-02  1.2271615E-02  5.2732462E-03  2.7271614E-03
  1.5860521E-03  9.9959213E-04  6.6761824E-04
  0.3427814      4.7430668E-02  1.4608483E-02  6.2846653E-03  3.2524469E-03
  1.8907014E-03  1.1904568E-03  0.0000000E+00
  0.4155791      5.7871126E-02  1.7895594E-02  7.7202283E-03  3.9979606E-03
  2.3238172E-03  1.4596247E-03  0.0000000E+00
  0.5163132      7.2797708E-02  2.2679444E-02  9.8246327E-03  5.1019574E-03
  2.9637031E-03  1.8535889E-03  0.0000000E+00
  0.6545677      9.4494291E-02  2.9853180E-02  1.3038335E-02  6.7944536E-03
  3.9441274E-03  2.4371939E-03  0.0000000E+00
  0.8433931      0.1272431      4.1190866E-02  1.8238172E-02  9.5473081E-03
  5.4975529E-03  3.2194126E-03
   1.110522      0.1807504      6.0644370E-02  2.7271613E-02  1.4237356E-02
  7.7814022E-03
   1.538336      0.2786705      9.7185969E-02  4.3882545E-02  2.1737356E-02
   2.340131      0.4840946      0.1723083      7.3654160E-02
   4.076264       1.000000      0.3365824    
   9.331158       2.601957    
   45.63621    
