   100.0000    
  0.0000000E+00  1.5487709E-02  5.5543222E-03  2.8160191E-03  1.6645519E-03
  1.0753371E-03  7.3830294E-04  5.2950036E-04
  0.0000000E+00  1.9040445E-02  6.8318793E-03  3.4694686E-03  2.0539255E-03
  1.3291040E-03  9.1356068E-04  6.5543223E-04
  0.0000000E+00  2.3774782E-02  8.5408408E-03  4.3441714E-03  2.5765265E-03
  1.6701031E-03  1.1490880E-03  8.2474225E-04
  0.0000000E+00  3.0229976E-02  1.0872324E-02  5.5432199E-03  3.2950041E-03
  2.1403648E-03  1.4742268E-03  0.0000000E+00
  0.0000000E+00  3.9286282E-02  1.4147502E-02  7.2363205E-03  4.3132436E-03
  2.8080889E-03  1.9365583E-03  0.0000000E+00
  0.0000000E+00  5.2418716E-02  1.8913561E-02  9.7065819E-03  5.8080894E-03
  3.7914356E-03  2.6137985E-03  0.0000000E+00
  0.0000000E+00  7.2228394E-02  2.6130056E-02  1.3481365E-02  8.0967490E-03
  5.2981763E-03  3.6312451E-03  0.0000000E+00
  0.0000000E+00  0.1036479      3.7644729E-02  1.9547978E-02  1.1808090E-02
  7.7081681E-03  5.0523398E-03
  0.0000000E+00  0.1570182      5.7295799E-02  3.0007930E-02  1.8199842E-02
  1.1467091E-02
  0.0000000E+00  0.2559080      9.4052337E-02  4.9785882E-02  2.9524188E-02
  0.0000000E+00  0.4643140      0.1721649      9.0721652E-02
  0.0000000E+00   1.000000      0.3696273    
  0.0000000E+00   2.939731    
   23.36241    
   1000.000    
  0.0000000E+00  1.5499208E-02  5.5554677E-03  2.8153723E-03  1.6624407E-03
  1.0736926E-03  7.3637086E-04  5.2749604E-04
  0.0000000E+00  1.9049129E-02  6.8335976E-03  3.4683044E-03  2.0515057E-03
  1.3264660E-03  9.1045961E-04  6.5277336E-04
  0.0000000E+00  2.3779716E-02  8.5419975E-03  4.3423139E-03  2.5736927E-03
  1.6664026E-03  1.1458003E-03  8.2091917E-04
  0.0000000E+00  3.0245643E-02  1.0871633E-02  5.5412045E-03  3.2916008E-03
  2.1354994E-03  1.4690966E-03  0.0000000E+00
  0.0000000E+00  3.9302696E-02  1.4152140E-02  7.2329636E-03  4.3082410E-03
  2.8011096E-03  1.9286848E-03  0.0000000E+00
  0.0000000E+00  5.2432645E-02  1.8914422E-02  9.7068148E-03  5.7995245E-03
  3.7805072E-03  2.6006340E-03  0.0000000E+00
  0.0000000E+00  7.2250396E-02  2.6133124E-02  1.3470682E-02  8.0824094E-03
  5.2789222E-03  3.6053883E-03  0.0000000E+00
  0.0000000E+00  0.1037243      3.7646592E-02  1.9524565E-02  1.1782885E-02
  7.6664030E-03  4.9912836E-03
  0.0000000E+00  0.1570523      5.7290018E-02  2.9968306E-02  1.8129952E-02
  1.1354993E-02
  0.0000000E+00  0.2560222      9.3977816E-02  4.9675122E-02  2.9294772E-02
  0.0000000E+00  0.4644216      0.1720285      9.0174332E-02
  0.0000000E+00   1.000000      0.3683835    
  0.0000000E+00   2.935816    
   23.35975    
   10000.00    
  0.0000000E+00  1.5514241E-02  5.5585438E-03  2.8140822E-03  1.6598102E-03
  1.0696203E-03  7.3243672E-04  5.2349683E-04
  0.0000000E+00  1.9066455E-02  6.8362341E-03  3.4659810E-03  2.0474682E-03
  1.3219937E-03  9.0585445E-04  6.4746832E-04
  0.0000000E+00  2.3797467E-02  8.5443044E-03  4.3386077E-03  2.5680379E-03
  1.6598102E-03  1.1384493E-03  8.1408228E-04
  0.0000000E+00  3.0261077E-02  1.0870254E-02  5.5363923E-03  3.2832278E-03
  2.1265822E-03  1.4596520E-03  0.0000000E+00
  0.0000000E+00  3.9327532E-02  1.4153481E-02  7.2246836E-03  4.2966772E-03
  2.7879747E-03  1.9137658E-03  0.0000000E+00
  0.0000000E+00  5.2460443E-02  1.8916139E-02  9.6914554E-03  5.7816454E-03
  3.7587024E-03  2.5759493E-03  0.0000000E+00
  0.0000000E+00  7.2286390E-02  2.6131330E-02  1.3449367E-02  8.0537973E-03
  5.2412977E-03  3.5593354E-03  0.0000000E+00
  0.0000000E+00  0.1037975      3.7634496E-02  1.9485759E-02  1.1724683E-02
  7.5917719E-03  4.8963609E-03
  0.0000000E+00  0.1571202      5.7254747E-02  2.9889241E-02  1.8006330E-02
  1.1170886E-02
  0.0000000E+00  0.2560918      9.3908228E-02  4.9454112E-02  2.8916139E-02
  0.0000000E+00  0.4644779      0.1716772      8.9319617E-02
  0.0000000E+00   1.000000      0.3661392    
  0.0000000E+00   2.929589    
   23.45728    
   100000.0    
  0.0000000E+00  1.5611682E-02  5.5745859E-03  2.8129441E-03  1.6535124E-03
  1.0623521E-03  7.2462508E-04  5.1586429E-04
  0.0000000E+00  1.9147594E-02  6.8500396E-03  3.4632992E-03  2.0394633E-03
  1.3117600E-03  8.9581695E-04  6.3764799E-04
  0.0000000E+00  2.3875296E-02  8.5556433E-03  4.3338598E-03  2.5572218E-03
  1.6471982E-03  1.1254933E-03  8.0031576E-04
  0.0000000E+00  3.0331492E-02  1.0883979E-02  5.5280193E-03  3.2683506E-03
  2.1089187E-03  1.4411997E-03  0.0000000E+00
  0.0000000E+00  3.9400160E-02  1.4159433E-02  7.2115236E-03  4.2746649E-03
  2.7624313E-03  1.8863457E-03  0.0000000E+00
  0.0000000E+00  5.2549332E-02  1.8918706E-02  9.6685085E-03  5.7482244E-03
  3.7190213E-03  2.5327548E-03  0.0000000E+00
  0.0000000E+00  7.2391480E-02  2.6124705E-02  1.3409629E-02  8.0031576E-03
  5.1744282E-03  3.4846093E-03  0.0000000E+00
  0.0000000E+00  0.1038674      3.7616417E-02  1.9415945E-02  1.1617996E-02
  7.4640890E-03  4.7553275E-03
  0.0000000E+00  0.1573007      5.7213895E-02  2.9739544E-02  1.7782163E-02
  1.0891871E-02
  0.0000000E+00  0.2563536      9.3764804E-02  4.9076561E-02  2.8318865E-02
  0.0000000E+00  0.4648777      0.1711129      8.7924235E-02
  0.0000000E+00   1.000000      0.3625888    
  0.0000000E+00   2.919495    
   24.45935    
   1000000.    
  0.0000000E+00  1.6265724E-02  5.6871069E-03  2.8238993E-03  1.6399371E-03
  1.0440251E-03  7.0621067E-04  4.9929245E-04
  0.0000000E+00  1.9701257E-02  6.9378926E-03  3.4661947E-03  2.0220126E-03
  1.2900942E-03  8.7421376E-04  6.1800313E-04
  0.0000000E+00  2.4331760E-02  8.6242137E-03  4.3294020E-03  2.5338049E-03
  1.6202830E-03  1.0990566E-03  7.7625783E-04
  0.0000000E+00  3.0707547E-02  1.0935534E-02  5.5141510E-03  3.2374212E-03
  2.0738994E-03  1.4064464E-03  0.0000000E+00
  0.0000000E+00  3.9716978E-02  1.4198112E-02  7.1863201E-03  4.2311321E-03
  2.7138363E-03  1.8380502E-03  0.0000000E+00
  0.0000000E+00  5.2822325E-02  1.8938679E-02  9.6226409E-03  5.6839623E-03
  3.6477987E-03  2.4606916E-03  0.0000000E+00
  0.0000000E+00  7.2665095E-02  2.6132075E-02  1.3341195E-02  7.8930818E-03
  5.0589619E-03  3.3671383E-03  0.0000000E+00
  0.0000000E+00  0.1041667      3.7594337E-02  1.9284591E-02  1.1438679E-02
  7.2570750E-03  4.5573898E-03
  0.0000000E+00  0.1577044      5.7122640E-02  2.9465407E-02  1.7405661E-02
  1.0487421E-02
  0.0000000E+00  0.2569182      9.3474843E-02  4.8396226E-02  2.7429244E-02
  0.0000000E+00  0.4656446      0.1699685      8.5770443E-02
  0.0000000E+00   1.000000      0.3568396    
  0.0000000E+00   2.904088    
   28.89151    
  1.0000000E+07
  0.0000000E+00  1.8883687E-02  6.2638563E-03  2.9328652E-03  1.6315378E-03
  1.0070258E-03  6.6674472E-04  4.6416864E-04
  0.0000000E+00  2.2217019E-02  7.4582361E-03  3.5448868E-03  1.9945356E-03
  1.2412178E-03  8.2591729E-04  5.7634659E-04
  0.0000000E+00  2.6666667E-02  9.0632327E-03  4.3723653E-03  2.4871195E-03
  1.5581578E-03  1.0405933E-03  7.2716631E-04
  0.0000000E+00  3.2786887E-02  1.1280250E-02  5.5183456E-03  3.1686183E-03
  1.9960969E-03  1.3356752E-03  0.0000000E+00
  0.0000000E+00  4.1475408E-02  1.4441842E-02  7.1498831E-03  4.1366122E-03
  2.6151445E-03  1.7501953E-03  0.0000000E+00
  0.0000000E+00  5.4254491E-02  1.9094458E-02  9.5394226E-03  5.5519128E-03
  3.5144419E-03  2.3419205E-03  0.0000000E+00
  0.0000000E+00  7.3793910E-02  2.6190476E-02  1.3185012E-02  7.6994537E-03
  4.8641688E-03  3.1935987E-03  0.0000000E+00
  0.0000000E+00  0.1051522      3.7548792E-02  1.9016394E-02  1.1116316E-02
  6.9391103E-03  4.2911791E-03
  0.0000000E+00  0.1585480      5.6900863E-02  2.8953943E-02  1.6807182E-02
  9.9219363E-03
  0.0000000E+00  0.2577674      9.2818111E-02  4.7244340E-02  2.6151447E-02
  0.0000000E+00  0.4665886      0.1679938      8.2591727E-02
  0.0000000E+00   1.000000      0.3479313    
  0.0000000E+00   2.879781    
   32.83372    
  1.0000000E+08
  0.0000000E+00  2.3351351E-02  7.3181465E-03  3.2154440E-03  1.6972972E-03
  1.0054054E-03  6.4455596E-04  4.3760621E-04
  0.0000000E+00  2.7359072E-02  8.6486489E-03  3.8332047E-03  2.0386102E-03
  1.2154441E-03  7.8223937E-04  5.3305022E-04
  0.0000000E+00  3.2378379E-02  1.0339769E-02  4.6409266E-03  2.4934364E-03
  1.4972974E-03  9.6988422E-04  6.6285714E-04
  0.0000000E+00  3.8895756E-02  1.2579150E-02  5.7320464E-03  3.1181467E-03
  1.8895753E-03  1.2308881E-03  0.0000000E+00
  0.0000000E+00  4.7737449E-02  1.5660232E-02  7.2656372E-03  4.0077218E-03
  2.4517376E-03  1.6046333E-03  0.0000000E+00
  0.0000000E+00  6.0362939E-02  2.0108107E-02  9.5135132E-03  5.3235525E-03
  3.2818534E-03  2.1490348E-03  0.0000000E+00
  0.0000000E+00  7.9382241E-02  2.6880309E-02  1.2980696E-02  7.3474902E-03
  4.5413128E-03  2.9382240E-03  0.0000000E+00
  0.0000000E+00  0.1098070      3.7837837E-02  1.8563706E-02  1.0579150E-02
  6.4733592E-03  3.9482624E-03
  0.0000000E+00  0.1622394      5.6702703E-02  2.8100386E-02  1.5915059E-02
  9.2046335E-03
  0.0000000E+00  0.2606178      9.1814674E-02  4.5490347E-02  2.4486486E-02
  0.0000000E+00  0.4688031      0.1647876      7.8301162E-02
  0.0000000E+00   1.000000      0.3355984    
  0.0000000E+00   2.847105    
   33.63707    
  1.0000000E+09
  0.0000000E+00  2.7272727E-02  8.3863642E-03  3.6083334E-03  1.8704546E-03
  1.0909091E-03  6.8992423E-04  4.6303030E-04
  0.0000000E+00  3.1939395E-02  9.8257577E-03  4.2371214E-03  2.1984847E-03
  1.2833334E-03  8.1212120E-04  5.4477277E-04
  0.0000000E+00  3.8037881E-02  1.1734849E-02  5.0704549E-03  2.6363637E-03
  1.5409092E-03  9.7575760E-04  6.5424241E-04
  0.0000000E+00  4.6075758E-02  1.4272727E-02  6.1909091E-03  3.2295457E-03
  1.8916667E-03  1.1992424E-03  0.0000000E+00
  0.0000000E+00  5.6765154E-02  1.7689394E-02  7.7272728E-03  4.0515154E-03
  2.3818181E-03  1.5121213E-03  0.0000000E+00
  0.0000000E+00  7.1303032E-02  2.2416668E-02  9.8939398E-03  5.2325763E-03
  3.0924242E-03  1.9636364E-03  0.0000000E+00
  0.0000000E+00  9.1969699E-02  2.9257577E-02  1.3113637E-02  7.0151514E-03
  4.1689398E-03  2.6295455E-03  0.0000000E+00
  0.0000000E+00  0.1234848      3.9825756E-02  1.8204546E-02  9.8636365E-03
  5.8507575E-03  3.5128789E-03
  0.0000000E+00  0.1758333      5.7598487E-02  2.6901517E-02  1.4643939E-02
  8.2878787E-03
  0.0000000E+00  0.2722727      9.0757579E-02  4.2909089E-02  2.2363639E-02
  0.0000000E+00  0.4766667      0.1600000      7.2750002E-02
  0.0000000E+00   1.000000      0.3190909    
  0.0000000E+00   2.801515    
   33.73485    
  1.0000000E+10
  0.0000000E+00  3.4544799E-02  1.0585261E-02  4.5390176E-03  2.3453759E-03
  1.3634394E-03  8.6054916E-04  5.7601155E-04
  0.0000000E+00  3.9804917E-02  1.2189306E-02  5.2283239E-03  2.7008671E-03
  1.5693642E-03  9.8916190E-04  6.6156074E-04
  0.0000000E+00  4.6033241E-02  1.4096822E-02  6.0455203E-03  3.1213872E-03
  1.8128613E-03  1.1416185E-03  7.6156075E-04
  0.0000000E+00  5.3908963E-02  1.6517341E-02  7.0809247E-03  3.6553470E-03
  2.1213875E-03  1.3330926E-03  0.0000000E+00
  0.0000000E+00  6.4732663E-02  1.9833814E-02  8.5115610E-03  4.3901736E-03
  2.5447977E-03  1.5946532E-03  0.0000000E+00
  0.0000000E+00  8.0346823E-02  2.4653180E-02  1.0585261E-02  5.4602604E-03
  3.1589596E-03  1.9689307E-03  0.0000000E+00
  0.0000000E+00  0.1033960      3.1791907E-02  1.3677746E-02  7.0592486E-03
  4.0700869E-03  2.5036128E-03  0.0000000E+00
  0.0000000E+00  0.1382948      4.2702314E-02  1.8453758E-02  9.5303468E-03
  5.4414743E-03  3.1741331E-03
  0.0000000E+00  0.1941474      6.0281791E-02  2.6242776E-02  1.3518786E-02
  7.3699425E-03
  0.0000000E+00  0.2930636      9.1329478E-02  4.0043354E-02  1.9869942E-02
  0.0000000E+00  0.4955203      0.1536127      6.5534681E-02
  0.0000000E+00   1.000000      0.2953757    
  0.0000000E+00   2.713150    
   33.34538    
  9.9999998E+10
  0.0000000E+00  3.8246538E-02  1.1707317E-02  5.0184573E-03  2.5912984E-03
  1.5062623E-03  9.4990112E-04  6.3546468E-04
  0.0000000E+00  4.6268951E-02  1.4159525E-02  6.0659195E-03  3.1305207E-03
  1.8180619E-03  1.1450230E-03  7.6532626E-04
  0.0000000E+00  5.6163479E-02  1.7178643E-02  7.3566246E-03  3.7936715E-03
  2.2003953E-03  1.3843110E-03  9.2221488E-04
  0.0000000E+00  6.8160847E-02  2.0837177E-02  8.9123268E-03  4.5926170E-03
  2.6605141E-03  1.6690837E-03  0.0000000E+00
  0.0000000E+00  8.2267635E-02  2.5141727E-02  1.0751483E-02  5.5299937E-03
  3.1957813E-03  1.9980224E-03  0.0000000E+00
  0.0000000E+00  9.8879367E-02  3.0197758E-02  1.2893870E-02  6.6183256E-03
  3.8127885E-03  2.3665128E-03  0.0000000E+00
  0.0000000E+00  0.1203032      3.6684245E-02  1.5642716E-02  8.0026370E-03
  4.5781145E-03  2.7956492E-03  0.0000000E+00
  0.0000000E+00  0.1529334      4.6585366E-02  1.9808834E-02  1.0079103E-02
  5.6750164E-03  3.2663150E-03
  0.0000000E+00  0.2083059      6.3348718E-02  2.6822675E-02  1.3454185E-02
  7.1588662E-03
  0.0000000E+00  0.3077126      9.3210280E-02  3.9070532E-02  1.8589320E-02
  0.0000000E+00  0.5070534      0.1512195      6.0435064E-02
  0.0000000E+00   1.000000      0.2741595    
  0.0000000E+00   2.607119    
   32.43243    
  1.0000000E+12
  0.0000000E+00  3.5560071E-02  1.0887986E-02  4.6656993E-03  2.4091699E-03
  1.3998839E-03  8.8276260E-04  5.9082994E-04
  0.0000000E+00  4.4027857E-02  1.3470691E-02  5.7707485E-03  2.9779456E-03
  1.7289610E-03  1.0887986E-03  7.2721997E-04
  0.0000000E+00  5.5298898E-02  1.6912363E-02  7.2373762E-03  3.7324436E-03
  2.1648288E-03  1.3609983E-03  9.0713869E-04
  0.0000000E+00  7.0516542E-02  2.1543819E-02  9.2164828E-03  4.7457921E-03
  2.7481138E-03  1.7237377E-03  0.0000000E+00
  0.0000000E+00  9.1120139E-02  2.7829368E-02  1.1892049E-02  6.1114333E-03
  3.5310504E-03  2.2060359E-03  0.0000000E+00
  0.0000000E+00  0.1189785      3.6291353E-02  1.5478816E-02  7.9396404E-03
  4.5681950E-03  2.8322693E-03  0.0000000E+00
  0.0000000E+00  0.1553685      4.7312826E-02  2.0133488E-02  1.0284388E-02
  5.8734766E-03  3.5792221E-03  0.0000000E+00
  0.0000000E+00  0.1998839      6.0708065E-02  2.5745792E-02  1.3058619E-02
  7.3302379E-03  4.2042951E-03
  0.0000000E+00  0.2543819      7.7016830E-02  3.2414395E-02  1.6163668E-02
  8.5432380E-03
  0.0000000E+00  0.3431225      0.1031341      4.2733606E-02  2.0087058E-02
  0.0000000E+00  0.5315148      0.1571677      6.1462566E-02
  0.0000000E+00   1.000000      0.2756820    
  0.0000000E+00   2.590250    
   32.00232    
  9.9999998E+12
  0.0000000E+00  2.7714668E-02  8.4838998E-03  3.6359569E-03  1.8770125E-03
  1.0907871E-03  6.8783539E-04  4.6019678E-04
  0.0000000E+00  3.4499105E-02  1.0554562E-02  4.5214668E-03  2.3331842E-03
  1.3546512E-03  8.5330947E-04  5.6976744E-04
  0.0000000E+00  4.3707512E-02  1.3367621E-02  5.7200356E-03  2.9499107E-03
  1.7106440E-03  1.0755814E-03  7.1690523E-04
  0.0000000E+00  5.6529514E-02  1.7276388E-02  7.3881932E-03  3.8045617E-03
  2.2030412E-03  1.3814848E-03  0.0000000E+00
  0.0000000E+00  7.4865825E-02  2.2862254E-02  9.7674411E-03  5.0223614E-03
  2.8998209E-03  1.8112701E-03  0.0000000E+00
  0.0000000E+00  0.1019231      3.1086762E-02  1.3255814E-02  6.7978534E-03
  3.9101075E-03  2.4239712E-03  0.0000000E+00
  0.0000000E+00  0.1429785      4.3537568E-02  1.8519677E-02  9.4588548E-03
  5.3980323E-03  3.2884616E-03  0.0000000E+00
  0.0000000E+00  0.2064401      6.2701248E-02  2.6560823E-02  1.3457065E-02
  7.5491946E-03  4.3260287E-03
  0.0000000E+00  0.3023256      9.1413237E-02  3.8430233E-02  1.9136852E-02
  1.0098390E-02
  0.0000000E+00  0.4313059      0.1294276      5.3488374E-02  2.5058139E-02
  0.0000000E+00  0.6001789      0.1770125      6.8828262E-02
  0.0000000E+00   1.000000      0.2770573    
  0.0000000E+00   2.476744    
   30.08050    
  1.0000000E+14
  0.0000000E+00  1.5968116E-02  4.8881462E-03  2.0948832E-03  1.0815120E-03
  6.2843924E-04  3.9624583E-04  2.6510670E-04
  0.0000000E+00  1.9897146E-02  6.0889693E-03  2.6073542E-03  1.3455902E-03
  7.8117772E-04  4.9190025E-04  3.2861921E-04
  0.0000000E+00  2.5253281E-02  7.7217794E-03  3.3067628E-03  1.7042942E-03
  9.8842895E-04  6.2149658E-04  4.1424533E-04
  0.0000000E+00  3.2759067E-02  1.0010285E-02  4.2813066E-03  2.2049369E-03
  1.2766778E-03  8.0072001E-04  0.0000000E+00
  0.0000000E+00  4.3610185E-02  1.3319621E-02  5.6904089E-03  2.9262023E-03
  1.6893805E-03  1.0552842E-03  0.0000000E+00
  0.0000000E+00  5.9964005E-02  1.8290048E-02  7.8014918E-03  4.0010284E-03
  2.3005914E-03  1.4260736E-03  0.0000000E+00
  0.0000000E+00  8.5806124E-02  2.6124969E-02  1.1113397E-02  5.6749810E-03
  3.2399076E-03  1.9727435E-03  0.0000000E+00
  0.0000000E+00  0.1290306      3.9187454E-02  1.6592955E-02  8.4083313E-03
  4.7158655E-03  2.7024944E-03
  0.0000000E+00  0.2061198      6.2329650E-02  2.6202109E-02  1.3039342E-02
  6.8783751E-03
  0.0000000E+00  0.3515043      0.1054256      4.3533046E-02  2.0377990E-02
  0.0000000E+00  0.6166110      0.1816662      7.0532277E-02
  0.0000000E+00   1.000000      0.2769350    
  0.0000000E+00   2.097969    
   24.20160    
