   100.0000    
  0.0000000E+00  1.4787380E-02  6.0219481E-03  3.4595337E-03  2.2831275E-03
  1.6244170E-03  1.2123457E-03  9.3580241E-04
  0.0000000E+00  1.8085049E-02  7.3909466E-03  4.2661177E-03  2.8285321E-03
  2.0222222E-03  1.5157750E-03  1.1750343E-03
  0.0000000E+00  2.2460906E-02  9.2208507E-03  5.3525376E-03  3.5720163E-03
  2.5668037E-03  1.9344307E-03  1.5072701E-03
  0.0000000E+00  2.8422497E-02  1.1728395E-02  6.8559670E-03  4.6063098E-03
  3.3360766E-03  2.5311385E-03  0.0000000E+00
  0.0000000E+00  3.6735255E-02  1.5270232E-02  9.0068588E-03  6.1069960E-03
  4.4609052E-03  3.4156379E-03  0.0000000E+00
  0.0000000E+00  4.8751716E-02  2.0452674E-02  1.2205761E-02  8.3786007E-03
  6.1947876E-03  4.7928668E-03  0.0000000E+00
  0.0000000E+00  6.6886142E-02  2.8395062E-02  1.7212620E-02  1.2013717E-02
  9.0288064E-03  7.0617283E-03  0.0000000E+00
  0.0000000E+00  9.5775031E-02  4.1316874E-02  2.5604937E-02  1.8293554E-02
  1.4035664E-02  1.0801096E-02
  0.0000000E+00  0.1451029      6.4115226E-02  4.1042525E-02  3.0342935E-02
  2.3382716E-02
  0.0000000E+00  0.2380247      0.1092181      7.3689982E-02  5.6378599E-02
  0.0000000E+00  0.4406036      0.2159122      0.1576680    
  0.0000000E+00   1.000000      0.5563786    
  0.0000000E+00   3.432099    
   25.30864    
   1000.000    
  0.0000000E+00  1.4812893E-02  6.0284073E-03  3.4580715E-03  2.2799780E-03
  1.6189566E-03  1.2054084E-03  9.2788850E-04
  0.0000000E+00  1.8112538E-02  7.3996177E-03  4.2665941E-03  2.8243647E-03
  2.0147499E-03  1.5064190E-03  1.1638895E-03
  0.0000000E+00  2.2496585E-02  9.2324493E-03  5.3509967E-03  3.5645997E-03
  2.5564053E-03  1.9210598E-03  1.4911225E-03
  0.0000000E+00  2.8462166E-02  1.1739961E-02  6.8560499E-03  4.5971046E-03
  3.3187652E-03  2.5110624E-03  0.0000000E+00
  0.0000000E+00  3.6765907E-02  1.5279978E-02  9.0030050E-03  6.0912315E-03
  4.4386778E-03  3.3843212E-03  0.0000000E+00
  0.0000000E+00  4.8811797E-02  2.0464353E-02  1.2196121E-02  8.3529083E-03
  6.1540562E-03  4.7364105E-03  0.0000000E+00
  0.0000000E+00  6.6976234E-02  2.8407536E-02  1.7192023E-02  1.1963944E-02
  8.9483745E-03  6.9407262E-03  0.0000000E+00
  0.0000000E+00  9.5875442E-02  4.1327503E-02  2.5558591E-02  1.8191751E-02
  1.3848675E-02  1.0488937E-02
  0.0000000E+00  0.1452335      6.4108163E-02  4.0945098E-02  3.0073749E-02
  2.2810707E-02
  0.0000000E+00  0.2382682      0.1091232      7.3285982E-02  5.5258125E-02
  0.0000000E+00  0.4408632      0.2153510      0.1552854    
  0.0000000E+00   1.000000      0.5506692    
  0.0000000E+00   3.414368    
   25.24720    
   10000.00    
  0.0000000E+00  1.4876660E-02  6.0477094E-03  3.4616429E-03  2.2740581E-03
  1.6085660E-03  1.1919220E-03  9.1244245E-04
  0.0000000E+00  1.8183790E-02  7.4193552E-03  4.2667389E-03  2.8164815E-03
  2.0002711E-03  1.4879372E-03  1.1425861E-03
  0.0000000E+00  2.2572514E-02  9.2518292E-03  5.3510433E-03  3.5510978E-03
  2.5356465E-03  1.8950936E-03  1.4605585E-03
  0.0000000E+00  2.8544322E-02  1.1761995E-02  6.8500950E-03  4.5784768E-03
  3.2908649E-03  2.4722149E-03  0.0000000E+00
  0.0000000E+00  3.6893468E-02  1.5304961E-02  8.9915963E-03  6.0612634E-03
  4.3914341E-03  3.3206830E-03  0.0000000E+00
  0.0000000E+00  4.8956357E-02  2.0490648E-02  1.2174031E-02  8.3003528E-03
  6.0748174E-03  4.6272702E-03  0.0000000E+00
  0.0000000E+00  6.7145571E-02  2.8435891E-02  1.7148279E-02  1.1867715E-02
  8.7991329E-03  6.7308214E-03  0.0000000E+00
  0.0000000E+00  9.6096501E-02  4.1339118E-02  2.5464896E-02  1.7991325E-02
  1.3521279E-02  1.0013553E-02
  0.0000000E+00  0.1455679      6.4082406E-02  4.0688533E-02  2.9547304E-02
  2.1913799E-02
  0.0000000E+00  0.2387368      0.1089455      7.2485775E-02  5.3456225E-02
  0.0000000E+00  0.4415831      0.2142857      0.1513961    
  0.0000000E+00   1.000000      0.5410680    
  0.0000000E+00   3.388452    
   25.30225    
   100000.0    
  0.0000000E+00  1.5127107E-02  6.1172061E-03  3.4787259E-03  2.2667914E-03
  1.5889750E-03  1.1661761E-03  8.8332884E-04
  0.0000000E+00  1.8410489E-02  7.4792616E-03  4.2761574E-03  2.8017124E-03
  1.9724376E-03  1.4527695E-03  1.1035589E-03
  0.0000000E+00  2.2791009E-02  9.3069300E-03  5.3518862E-03  3.5268930E-03
  2.4955845E-03  1.8458656E-03  1.4056730E-03
  0.0000000E+00  2.8766388E-02  1.1814289E-02  6.8423869E-03  4.5383996E-03
  3.2298635E-03  2.4003210E-03  0.0000000E+00
  0.0000000E+00  3.7115332E-02  1.5354562E-02  8.9697614E-03  5.9967889E-03
  4.3002404E-03  3.2111318E-03  0.0000000E+00
  0.0000000E+00  4.9237352E-02  2.0540539E-02  1.2127374E-02  8.1937378E-03
  5.9245382E-03  4.4447416E-03  0.0000000E+00
  0.0000000E+00  6.7487285E-02  2.8472036E-02  1.7056461E-02  1.1680492E-02
  8.5309064E-03  6.3928282E-03  0.0000000E+00
  0.0000000E+00  9.6548028E-02  4.1370083E-02  2.5268933E-02  1.7615734E-02
  1.2970297E-02  9.3336897E-03
  0.0000000E+00  0.1461868      6.4035319E-02  4.0219426E-02  2.8659351E-02
  2.0596735E-02
  0.0000000E+00  0.2396307      0.1085898      7.1046285E-02  5.0735880E-02
  0.0000000E+00  0.4426010      0.2123093      0.1453037    
  0.0000000E+00   1.000000      0.5258228    
  0.0000000E+00   3.344929    
   26.50522    
   1000000.    
  0.0000000E+00  1.6588943E-02  6.5470263E-03  3.6075450E-03  2.2832067E-03
  1.5582918E-03  1.1168456E-03  8.2892319E-04
  0.0000000E+00  1.9635839E-02  7.8281369E-03  4.3725437E-03  2.7953889E-03
  1.9248100E-03  1.3882631E-03  1.0340582E-03
  0.0000000E+00  2.3822373E-02  9.5834425E-03  5.4126275E-03  3.4948911E-03
  2.4244171E-03  1.7581870E-03  1.3138590E-03
  0.0000000E+00  2.9656798E-02  1.2033010E-02  6.8640290E-03  4.4747181E-03
  3.1254911E-03  2.2771810E-03  0.0000000E+00
  0.0000000E+00  3.7909351E-02  1.5530521E-02  8.9468164E-03  5.8842017E-03
  4.1393763E-03  3.0285565E-03  0.0000000E+00
  0.0000000E+00  4.9986899E-02  2.0675922E-02  1.2048729E-02  8.0010481E-03
  5.6693736E-03  4.1550957E-03  0.0000000E+00
  0.0000000E+00  6.8299711E-02  2.8582657E-02  1.6879747E-02  1.1341367E-02
  8.0927424E-03  5.8999215E-03  0.0000000E+00
  0.0000000E+00  9.7511135E-02  4.1419964E-02  2.4891276E-02  1.6963582E-02
  1.2132565E-02  8.4411837E-03
  0.0000000E+00  0.1474194      6.3898347E-02  3.9350275E-02  2.7220327E-02
  1.8810583E-02
  0.0000000E+00  0.2413676      0.1078596      6.8640292E-02  4.6921663E-02
  0.0000000E+00  0.4451139      0.2087765      0.1364684    
  0.0000000E+00   1.000000      0.5032748    
  0.0000000E+00   3.282683    
   30.54755    
  1.0000000E+07
  0.0000000E+00  2.3691138E-02  8.3797462E-03  4.1113924E-03  2.3769620E-03
  1.5156962E-03  1.0321519E-03  7.3670887E-04
  0.0000000E+00  2.6126580E-02  9.5291138E-03  4.8177214E-03  2.8481013E-03
  1.8460759E-03  1.2721518E-03  9.1544306E-04
  0.0000000E+00  2.9493671E-02  1.1086076E-02  5.7746833E-03  3.4936708E-03
  2.3010126E-03  1.6035442E-03  1.1620253E-03
  0.0000000E+00  3.4430381E-02  1.3286076E-02  7.1215187E-03  4.4000000E-03
  2.9417721E-03  2.0701266E-03  0.0000000E+00
  0.0000000E+00  4.1848101E-02  1.6503796E-02  9.0759490E-03  5.7139243E-03
  3.8708858E-03  2.7417722E-03  0.0000000E+00
  0.0000000E+00  5.3215187E-02  2.1372151E-02  1.2010126E-02  7.6886071E-03
  5.2632908E-03  3.7392403E-03  0.0000000E+00
  0.0000000E+00  7.1012661E-02  2.9012660E-02  1.6612658E-02  1.0789873E-02
  7.4354429E-03  5.2481010E-03  0.0000000E+00
  0.0000000E+00  9.9974677E-02  4.1569620E-02  2.4243036E-02  1.5944302E-02
  1.0977214E-02  7.3645571E-03
  0.0000000E+00  0.1500253      6.3620254E-02  3.7873417E-02  2.5126582E-02
  1.6600000E-02
  0.0000000E+00  0.2444557      0.1064304      6.4911395E-02  4.2025317E-02
  0.0000000E+00  0.4488607      0.2029620      0.1246582    
  0.0000000E+00   1.000000      0.4718987    
  0.0000000E+00   3.194937    
   32.70886    
  1.0000000E+08
  0.0000000E+00  3.5385724E-02  1.1176330E-02  4.9401056E-03  2.6233830E-03
  1.5634883E-03  1.0081457E-03  6.8806903E-04
  0.0000000E+00  3.9722089E-02  1.2716818E-02  5.6971731E-03  3.0594156E-03
  1.8404408E-03  1.1957355E-03  8.2127459E-04
  0.0000000E+00  4.4657405E-02  1.4585530E-02  6.6602784E-03  3.6344035E-03
  2.2141831E-03  1.4532822E-03  1.0057499E-03
  0.0000000E+00  5.0407283E-02  1.6926210E-02  7.9324385E-03  4.4226162E-03
  2.7383803E-03  1.8198371E-03  0.0000000E+00
  0.0000000E+00  5.7594638E-02  2.0038333E-02  9.7125061E-03  5.5558220E-03
  3.5074269E-03  2.3605654E-03  0.0000000E+00
  0.0000000E+00  6.7632966E-02  2.4508866E-02  1.2345472E-02  7.2688069E-03
  4.6789651E-03  3.1792044E-03  0.0000000E+00
  0.0000000E+00  8.3373263E-02  3.1432681E-02  1.6490178E-02  9.9832295E-03
  6.5261140E-03  4.4298037E-03  0.0000000E+00
  0.0000000E+00  0.1100383      4.2980354E-02  2.3406804E-02  1.4501677E-02
  9.5112603E-03  6.1547677E-03
  0.0000000E+00  0.1581696      6.3727841E-02  3.5769045E-02  2.2407763E-02
  1.4094394E-02
  0.0000000E+00  0.2515573      0.1042885      5.9822712E-02  3.6344036E-02
  0.0000000E+00  0.4551989      0.1942980      0.1104217    
  0.0000000E+00   1.000000      0.4324389    
  0.0000000E+00   3.085769    
   32.89411    
  1.0000000E+09
  0.0000000E+00  4.6788990E-02  1.4390564E-02  6.1992137E-03  3.2153777E-03
  1.8770206E-03  1.1885103E-03  7.9838361E-04
  0.0000000E+00  5.1834863E-02  1.5976410E-02  6.8960246E-03  3.5823504E-03
  2.0941459E-03  1.3269987E-03  8.9165574E-04
  0.0000000E+00  5.8671907E-02  1.8145477E-02  7.8571429E-03  4.0934905E-03
  2.3984273E-03  1.5218436E-03  1.0229357E-03
  0.0000000E+00  6.7671470E-02  2.1048492E-02  9.1655748E-03  4.7990386E-03
  2.8221931E-03  1.7951070E-03  0.0000000E+00
  0.0000000E+00  7.9270422E-02  2.4901705E-02  1.0950197E-02  5.7820007E-03
  3.4207078E-03  2.1843598E-03  0.0000000E+00
  0.0000000E+00  9.4145916E-02  3.0078636E-02  1.3440367E-02  7.1930974E-03
  4.3010050E-03  2.7610310E-03  0.0000000E+00
  0.0000000E+00  0.1136086      3.7265182E-02  1.7110091E-02  9.3534291E-03
  5.6705987E-03  3.6456967E-03  0.0000000E+00
  0.0000000E+00  0.1412626      4.8186980E-02  2.2979466E-02  1.2913936E-02
  7.9161199E-03  4.9060723E-03
  0.0000000E+00  0.1868283      6.6775881E-02  3.3355176E-02  1.9211445E-02
  1.1432941E-02
  0.0000000E+00  0.2745740      0.1029052      5.3538661E-02  3.0231543E-02
  0.0000000E+00  0.4711664      0.1831367      9.4713852E-02
  0.0000000E+00   1.000000      0.3868501    
  0.0000000E+00   2.957623    
   32.74356    
  1.0000000E+10
  0.0000000E+00  7.3122814E-02  2.2397650E-02  9.6089598E-03  4.9660364E-03
  2.8878283E-03  1.8221040E-03  1.2201210E-03
  0.0000000E+00  7.9585098E-02  2.4380391E-02  1.0457132E-02  5.4029739E-03
  3.1411785E-03  1.9809068E-03  1.3243987E-03
  0.0000000E+00  8.5294656E-02  2.6142832E-02  1.1209839E-02  5.7903430E-03
  3.3651551E-03  2.1185973E-03  1.4147237E-03
  0.0000000E+00  9.1628417E-02  2.8088856E-02  1.2050670E-02  6.2236092E-03
  3.6148338E-03  2.2728108E-03  0.0000000E+00
  0.0000000E+00  0.1011199      3.1026252E-02  1.3319259E-02  6.8808515E-03
  3.9930237E-03  2.5059667E-03  0.0000000E+00
  0.0000000E+00  0.1163393      3.5762805E-02  1.5382780E-02  7.9530012E-03
  4.6098768E-03  2.8804846E-03  0.0000000E+00
  0.0000000E+00  0.1398017      4.3161374E-02  1.8634111E-02  9.6566919E-03
  5.5902330E-03  3.4532771E-03  0.0000000E+00
  0.0000000E+00  0.1750138      5.4525424E-02  2.3756195E-02  1.2362769E-02
  7.1176789E-03  4.1876258E-03
  0.0000000E+00  0.2291169      7.2663851E-02  3.2201212E-02  1.6864328E-02
  9.3464293E-03
  0.0000000E+00  0.3203598      0.1046631      4.7640905E-02  2.4472186E-02
  0.0000000E+00  0.5081696      0.1712869      7.8281619E-02
  0.0000000E+00   1.000000      0.3348632    
  0.0000000E+00   2.774004    
   32.03598    
  9.9999998E+10
  0.0000000E+00  7.8273207E-02  2.3969734E-02  1.0271585E-02  5.3046886E-03
  3.0833671E-03  1.9443319E-03  1.3009054E-03
  0.0000000E+00  9.5581681E-02  2.9252803E-02  1.2533442E-02  6.4680451E-03
  3.7562493E-03  2.3658965E-03  1.5808675E-03
  0.0000000E+00  0.1159168      3.5468180E-02  1.5187137E-02  7.8313742E-03
  4.5439806E-03  2.8577221E-03  1.9051479E-03
  0.0000000E+00  0.1376841      4.2102419E-02  1.8024592E-02  9.2838807E-03
  5.3776517E-03  3.3752196E-03  0.0000000E+00
  0.0000000E+00  0.1574112      4.8115119E-02  2.0578301E-02  1.0586407E-02
  6.1194431E-03  3.8265097E-03  0.0000000E+00
  0.0000000E+00  0.1720038      5.2546952E-02  2.2442913E-02  1.1528172E-02
  6.6423458E-03  4.1251183E-03  0.0000000E+00
  0.0000000E+00  0.1856506      5.6654505E-02  2.4172409E-02  1.2376706E-02
  7.0855287E-03  4.3304958E-03  0.0000000E+00
  0.0000000E+00  0.2105121      6.4234570E-02  2.7347656E-02  1.3930550E-02
  7.8611001E-03  4.5331712E-03
  0.0000000E+00  0.2603702      7.9462238E-02  3.3752196E-02  1.6997704E-02
  9.0717468E-03
  0.0000000E+00  0.3541413      0.1082556      4.5723554E-02  2.1942981E-02
  0.0000000E+00  0.5403324      0.1652479      6.7517906E-02
  0.0000000E+00   1.000000      0.2922578    
  0.0000000E+00   2.573977    
   30.54993    
  1.0000000E+12
  0.0000000E+00  5.3954471E-02  1.6517706E-02  7.0784148E-03  3.6543002E-03
  2.1239461E-03  1.3389544E-03  8.9629006E-04
  0.0000000E+00  6.9064081E-02  2.1129848E-02  9.0556489E-03  4.6720072E-03
  2.7124789E-03  1.7082631E-03  1.1416526E-03
  0.0000000E+00  9.0050593E-02  2.7554806E-02  1.1795952E-02  6.0817879E-03
  3.5269815E-03  2.2175380E-03  1.4780775E-03
  0.0000000E+00  0.1196459      3.6559865E-02  1.5640810E-02  8.0539631E-03
  4.6635754E-03  2.9258011E-03  0.0000000E+00
  0.0000000E+00  0.1608769      4.9123105E-02  2.0986510E-02  1.0792580E-02
  6.2335581E-03  3.8946038E-03  0.0000000E+00
  0.0000000E+00  0.2155986      6.5767281E-02  2.8060708E-02  1.4392917E-02
  8.2807764E-03  5.1349071E-03  0.0000000E+00
  0.0000000E+00  0.2783305      8.4738620E-02  3.6087688E-02  1.8440135E-02
  1.0531197E-02  6.4182123E-03  0.0000000E+00
  0.0000000E+00  0.3290051      0.1000000      4.2403035E-02  2.1509275E-02
  1.2082631E-02  6.9333892E-03
  0.0000000E+00  0.3595278      0.1089376      4.5868468E-02  2.2892073E-02
  1.2116358E-02
  0.0000000E+00  0.4178752      0.1258010      5.2200675E-02  2.4586847E-02
  0.0000000E+00  0.5779933      0.1716695      6.7428328E-02
  0.0000000E+00   1.000000      0.2805228    
  0.0000000E+00   2.467959    
   29.29174    
  9.9999998E+12
  0.0000000E+00  2.5225781E-02  7.7228867E-03  3.3095330E-03  1.7086066E-03
  9.9305285E-04  6.2601309E-04  4.1875720E-04
  0.0000000E+00  3.2655343E-02  9.9922810E-03  4.2802007E-03  2.2087996E-03
  1.2825164E-03  8.0779620E-04  5.3955999E-04
  0.0000000E+00  4.3380931E-02  1.3269008E-02  5.6812041E-03  2.9285990E-03
  1.6985720E-03  1.0679273E-03  7.1169430E-04
  0.0000000E+00  5.9475105E-02  1.8170590E-02  7.7730604E-03  4.0023159E-03
  2.3176379E-03  1.4534929E-03  0.0000000E+00
  0.0000000E+00  8.4484756E-02  2.5804708E-02  1.1022771E-02  5.6657661E-03
  3.2732533E-03  2.0447702E-03  0.0000000E+00
  0.0000000E+00  0.1251640      3.8170591E-02  1.6279427E-02  8.3481278E-03
  4.8012347E-03  2.9772290E-03  0.0000000E+00
  0.0000000E+00  0.1932844      5.8857583E-02  2.5036665E-02  1.2786569E-02
  7.2983406E-03  4.4461596E-03  0.0000000E+00
  0.0000000E+00  0.3063682      9.3052872E-02  3.9405633E-02  1.9976841E-02
  1.1208027E-02  6.4222305E-03
  0.0000000E+00  0.4681590      0.1415284      5.9513699E-02  2.9644925E-02
  1.5646469E-02
  0.0000000E+00  0.6047857      0.1815129      7.5028941E-02  3.5171747E-02
  0.0000000E+00  0.6923968      0.2043998      7.9583168E-02
  0.0000000E+00   1.000000      0.2778850    
  0.0000000E+00   2.285218    
   26.59591    
  1.0000000E+14
  0.0000000E+00  6.6296449E-03  2.0294830E-03  8.6974964E-04  4.4911148E-04
  2.6100568E-04  1.6457998E-04  1.1005655E-04
  0.0000000E+00  8.6035952E-03  2.6322699E-03  1.1278272E-03  5.8188610E-04
  3.3784332E-04  2.1274234E-04  1.4216478E-04
  0.0000000E+00  1.1480210E-02  3.5107029E-03  1.5024233E-03  7.7483850E-04
  4.4931343E-04  2.8251213E-04  1.8830776E-04
  0.0000000E+00  1.5852181E-02  4.8434976E-03  2.0718903E-03  1.0662359E-03
  6.1762927E-04  3.8741925E-04  0.0000000E+00
  0.0000000E+00  2.2829160E-02  6.9699110E-03  2.9775850E-03  1.5306947E-03
  8.8408723E-04  5.5220118E-04  0.0000000E+00
  0.0000000E+00  3.4693055E-02  1.0581584E-02  4.5123184E-03  2.3132069E-03
  1.3307754E-03  8.2502025E-04  0.0000000E+00
  0.0000000E+00  5.6441844E-02  1.7184976E-02  7.3091681E-03  3.7328354E-03
  2.1304525E-03  1.2974556E-03  0.0000000E+00
  0.0000000E+00  9.9969715E-02  3.0351374E-02  1.2853393E-02  6.5155495E-03
  3.6540793E-03  2.0941035E-03
  0.0000000E+00  0.1949717      5.8935784E-02  2.4767771E-02  1.2328353E-02
  6.5064621E-03
  0.0000000E+00  0.4063005      0.1218700      5.0323103E-02  2.3566237E-02
  0.0000000E+00  0.7508078      0.2212237      8.5924886E-02
  0.0000000E+00   1.000000      0.2771607    
  0.0000000E+00   1.818457    
   19.81018    
