   100.0000    
  0.0000000E+00  1.3917911E-02  6.0999999E-03  3.8559702E-03  2.8335820E-03
  2.2582088E-03  1.8925373E-03  1.6425373E-03
  0.0000000E+00  1.6873134E-02  7.4477615E-03  4.7529847E-03  3.5291044E-03
  2.8432836E-03  2.4119404E-03  2.1201493E-03
  0.0000000E+00  2.0768657E-02  9.2537310E-03  5.9708958E-03  4.4895522E-03
  3.6679106E-03  3.1589551E-03  2.8246269E-03
  0.0000000E+00  2.6044777E-02  1.1723881E-02  7.6791048E-03  5.8649257E-03
  4.8768660E-03  4.2865672E-03  0.0000000E+00
  0.0000000E+00  3.3402987E-02  1.5238806E-02  1.0156716E-02  7.9253735E-03
  6.7470148E-03  6.0970150E-03  0.0000000E+00
  0.0000000E+00  4.4022385E-02  2.0440299E-02  1.3940298E-02  1.1186567E-02
  9.8507460E-03  9.2611937E-03  0.0000000E+00
  0.0000000E+00  6.0074627E-02  2.8537314E-02  2.0097015E-02  1.6783582E-02
  1.5537313E-02  1.5492536E-02  0.0000000E+00
  0.0000000E+00  8.5746266E-02  4.2044777E-02  3.1037314E-02  2.7567163E-02
  2.7611941E-02  2.9395523E-02
  0.0000000E+00  0.1300746      6.6902988E-02  5.3223882E-02  5.2440297E-02
  5.8716420E-02
  0.0000000E+00  0.2152985      0.1200000      0.1092537      0.1281343    
  0.0000000E+00  0.4088060      0.2669403      0.3164925    
  0.0000000E+00   1.000000      0.9507463    
  0.0000000E+00   4.534328    
   30.70149    
   1000.000    
  0.0000000E+00  1.3975468E-02  6.1277053E-03  3.8694083E-03  2.8369408E-03
  2.2510821E-03  1.8759017E-03  1.6139970E-03
  0.0000000E+00  1.6933622E-02  7.4819624E-03  4.7676763E-03  3.5310243E-03
  2.8318902E-03  2.3860028E-03  2.0779220E-03
  0.0000000E+00  2.0844154E-02  9.2857135E-03  5.9870128E-03  4.4891774E-03
  3.6486289E-03  3.1183260E-03  2.7568541E-03
  0.0000000E+00  2.6132757E-02  1.1767676E-02  7.6911971E-03  5.8593070E-03
  4.8441556E-03  4.2171716E-03  0.0000000E+00
  0.0000000E+00  3.3513706E-02  1.5295816E-02  1.0173160E-02  7.9076476E-03
  6.6847038E-03  5.9668105E-03  0.0000000E+00
  0.0000000E+00  4.4170272E-02  2.0505050E-02  1.3961039E-02  1.1139970E-02
  9.7186137E-03  8.9826835E-03  0.0000000E+00
  0.0000000E+00  6.0266949E-02  2.8621932E-02  2.0108225E-02  1.6673882E-02
  1.5216449E-02  1.4754689E-02  0.0000000E+00
  0.0000000E+00  8.6002879E-02  4.2157285E-02  3.0995669E-02  2.7236652E-02
  2.6608946E-02  2.6991341E-02
  0.0000000E+00  0.1304473      6.7027412E-02  5.2965365E-02  5.1125538E-02
  5.4502163E-02
  0.0000000E+00  0.2159452      0.1199856      0.1075758      0.1203463    
  0.0000000E+00  0.4098124      0.2652237      0.3008658    
  0.0000000E+00   1.000000      0.9148629    
  0.0000000E+00   4.432179    
   30.20202    
   10000.00    
  0.0000000E+00  1.4133697E-02  6.1930423E-03  3.8990448E-03  2.8417462E-03
  2.2353341E-03  1.8396998E-03  1.5586630E-03
  0.0000000E+00  1.7100954E-02  7.5511597E-03  4.7967257E-03  3.5306956E-03
  2.8049112E-03  2.3315144E-03  1.9959072E-03
  0.0000000E+00  2.1030014E-02  9.3656201E-03  6.0170530E-03  4.4809002E-03
  3.6036836E-03  3.0334243E-03  2.6289222E-03
  0.0000000E+00  2.6350614E-02  1.1862210E-02  7.7216914E-03  5.8376533E-03
  4.7680764E-03  4.0777628E-03  0.0000000E+00
  0.0000000E+00  3.3772171E-02  1.5402455E-02  1.0204638E-02  7.8581171E-03
  6.5491130E-03  5.7189632E-03  0.0000000E+00
  0.0000000E+00  4.4495225E-02  2.0641200E-02  1.3976808E-02  1.1036835E-02
  9.4542978E-03  8.4856749E-03  0.0000000E+00
  0.0000000E+00  6.0702592E-02  2.8785812E-02  2.0095497E-02  1.6432470E-02
  1.4618008E-02  1.3594816E-02  0.0000000E+00
  0.0000000E+00  8.6630285E-02  4.2360160E-02  3.0873125E-02  2.6575716E-02
  2.4965893E-02  2.3703957E-02
  0.0000000E+00  0.1313779      6.7244202E-02  5.2387450E-02  4.8847206E-02
  4.8615277E-02
  0.0000000E+00  0.2173260      0.1199181      0.1046385      0.1092087    
  0.0000000E+00  0.4120055      0.2619373      0.2780355    
  0.0000000E+00   1.000000      0.8622101    
  0.0000000E+00   4.282401    
   29.78854    
   100000.0    
  0.0000000E+00  1.4682441E-02  6.4196764E-03  4.0068491E-03  2.8767125E-03
  2.2154422E-03  1.7777086E-03  1.4632628E-03
  0.0000000E+00  1.7615194E-02  7.7521796E-03  4.8841848E-03  3.5410959E-03
  2.7552927E-03  2.2322540E-03  1.8542965E-03
  0.0000000E+00  2.1531755E-02  9.5579075E-03  6.0859281E-03  4.4626403E-03
  3.5118307E-03  2.8767125E-03  2.4140722E-03
  0.0000000E+00  2.6874222E-02  1.2054794E-02  7.7770865E-03  5.7795770E-03
  4.6108342E-03  3.8262769E-03  0.0000000E+00
  0.0000000E+00  3.4352429E-02  1.5610212E-02  1.0230387E-02  7.7334996E-03
  6.2764636E-03  5.2932752E-03  0.0000000E+00
  0.0000000E+00  4.5193028E-02  2.0871731E-02  1.3966377E-02  1.0790785E-02
  8.9539234E-03  7.7023660E-03  0.0000000E+00
  0.0000000E+00  6.1581574E-02  2.9053548E-02  1.9981319E-02  1.5915317E-02
  1.3592778E-02  1.1948942E-02  0.0000000E+00
  0.0000000E+00  8.7795772E-02  4.2652555E-02  3.0498132E-02  2.5342466E-02
  2.2490662E-02  1.9726029E-02
  0.0000000E+00  0.1330635      6.7434624E-02  5.1145703E-02  4.5205481E-02
  4.1257787E-02
  0.0000000E+00  0.2199253      0.1194271      9.9501871E-02  9.4769619E-02
  0.0000000E+00  0.4158779      0.2559153      0.2476339    
  0.0000000E+00   1.000000      0.7901619    
  0.0000000E+00   4.078456    
   30.93400    
   1000000.    
  0.0000000E+00  1.8059298E-02  7.7735852E-03  4.6037738E-03  3.1024257E-03
  2.2431267E-03  1.6959569E-03  1.3223720E-03
  0.0000000E+00  2.0312669E-02  8.8463612E-03  5.3628036E-03  3.6954177E-03
  2.7223721E-03  2.0894879E-03  1.6495958E-03
  0.0000000E+00  2.3741240E-02  1.0425876E-02  6.4420491E-03  4.5293802E-03
  3.3951483E-03  2.6447440E-03  2.1121295E-03
  0.0000000E+00  2.8760109E-02  1.2754717E-02  8.0161728E-03  5.7358495E-03
  4.3719676E-03  3.4539085E-03  0.0000000E+00
  0.0000000E+00  3.6075473E-02  1.6188679E-02  1.0345014E-02  7.5363880E-03
  5.8436659E-03  4.6819407E-03  0.0000000E+00
  0.0000000E+00  4.6894878E-02  2.1374663E-02  1.3929919E-02  1.0350405E-02
  8.1725065E-03  6.6415095E-03  0.0000000E+00
  0.0000000E+00  6.3450135E-02  2.9509434E-02  1.9703504E-02  1.5008087E-02
  1.2107817E-02  9.9407006E-03  0.0000000E+00
  0.0000000E+00  9.0134770E-02  4.3035042E-02  2.9703505E-02  2.3363881E-02
  1.9288410E-02  1.5520215E-02
  0.0000000E+00  0.1361725      6.7547172E-02  4.8894882E-02  4.0140163E-02
  3.3191375E-02
  0.0000000E+00  0.2244205      0.1181132      9.1859832E-02  7.8382753E-02
  0.0000000E+00  0.4222103      0.2460916      0.2115903    
  0.0000000E+00   1.000000      0.7024259    
  0.0000000E+00   3.829650    
   33.46631    
  1.0000000E+07
  0.0000000E+00  3.5269283E-02  1.2524774E-02  6.1482117E-03  3.5678588E-03
  2.2929772E-03  1.5781991E-03  1.1404566E-03
  0.0000000E+00  3.5881083E-02  1.3356312E-02  6.8246447E-03  4.0887548E-03
  2.6932356E-03  1.8897027E-03  1.3864713E-03
  0.0000000E+00  3.7009910E-02  1.4506679E-02  7.7595864E-03  4.8125810E-03
  3.2546318E-03  2.3304611E-03  1.7363207E-03
  0.0000000E+00  3.9495904E-02  1.6247308E-02  9.1038346E-03  5.8509265E-03
  4.0663509E-03  2.9711332E-03  0.0000000E+00
  0.0000000E+00  4.4506680E-02  1.8996121E-02  1.1120208E-02  7.4019819E-03
  5.2822060E-03  3.9314949E-03  0.0000000E+00
  0.0000000E+00  5.3554505E-02  2.3485566E-02  1.4282637E-02  9.8190438E-03
  7.1779406E-03  5.4243859E-03  0.0000000E+00
  0.0000000E+00  6.9065057E-02  3.0969409E-02  1.9470057E-02  1.3782852E-02
  1.0292977E-02  7.8414474E-03  0.0000000E+00
  0.0000000E+00  9.5389925E-02  4.3860402E-02  2.8483413E-02  2.0749677E-02
  1.5738904E-02  1.1624300E-02
  0.0000000E+00  0.1419647      6.7514002E-02  4.5497630E-02  3.4110300E-02
  2.5441620E-02
  0.0000000E+00  0.2317105      0.1155106      8.1904352E-02  6.1912969E-02
  0.0000000E+00  0.4317105      0.2319259      0.1737182    
  0.0000000E+00   1.000000      0.6062042    
  0.0000000E+00   3.559673    
   33.61913    
  1.0000000E+08
  0.0000000E+00  5.7555486E-02  1.8096685E-02  7.9659475E-03  4.2201276E-03
  2.5098813E-03  1.6175130E-03  1.1045911E-03
  0.0000000E+00  6.1720889E-02  1.9647310E-02  8.7534199E-03  4.6853148E-03
  2.8136212E-03  1.8282152E-03  1.2572210E-03
  0.0000000E+00  6.6251144E-02  2.1495895E-02  9.7537246E-03  5.3025237E-03
  3.2289452E-03  2.1225295E-03  1.4733962E-03
  0.0000000E+00  7.0994228E-02  2.3718456E-02  1.1058073E-02  6.1538462E-03
  3.8187902E-03  2.5500152E-03  0.0000000E+00
  0.0000000E+00  7.6071754E-02  2.6546063E-02  1.2864093E-02  7.3882639E-03
  4.7005168E-03  3.1985405E-03  0.0000000E+00
  0.0000000E+00  8.2639098E-02  3.0525997E-02  1.5557921E-02  9.2915781E-03
  6.0869567E-03  4.2262087E-03  0.0000000E+00
  0.0000000E+00  9.3523867E-02  3.6850106E-02  1.9908788E-02  1.2414108E-02
  8.3733657E-03  5.8802068E-03  0.0000000E+00
  0.0000000E+00  0.1147461      4.7886897E-02  2.7452113E-02  1.7841289E-02
  1.2280328E-02  8.3642444E-03
  0.0000000E+00  0.1574643      6.8835512E-02  4.1593190E-02  2.7905140E-02
  1.8802067E-02
  0.0000000E+00  0.2455762      0.1121617      7.0811801E-02  4.7248404E-02
  0.0000000E+00  0.4451201      0.2143205      0.1382487    
  0.0000000E+00   1.000000      0.5114017    
  0.0000000E+00   3.295835    
   33.01915    
  1.0000000E+09
  0.0000000E+00  8.5210025E-02  2.6208967E-02  1.1290152E-02  5.8577480E-03
  3.4186377E-03  2.1655490E-03  1.4553478E-03
  0.0000000E+00  8.7222032E-02  2.6879635E-02  1.1595482E-02  6.0254149E-03
  3.5227677E-03  2.2326156E-03  1.5008826E-03
  0.0000000E+00  9.1899045E-02  2.8397461E-02  1.2289094E-02  6.4031063E-03
  3.7504414E-03  2.3808684E-03  1.6020121E-03
  0.0000000E+00  9.9435233E-02  3.0885987E-02  1.3430993E-02  7.0296507E-03
  4.1334280E-03  2.6314862E-03  0.0000000E+00
  0.0000000E+00  0.1100424      3.4486413E-02  1.5128840E-02  7.9791741E-03
  4.7229091E-03  3.0197671E-03  0.0000000E+00
  0.0000000E+00  0.1240734      3.9481118E-02  1.7592659E-02  9.4034597E-03
  5.6247795E-03  3.6198378E-03  0.0000000E+00
  0.0000000E+00  0.1422167      4.6523124E-02  2.1284858E-02  1.1629016E-02
  7.0684790E-03  4.5693615E-03  0.0000000E+00
  0.0000000E+00  0.1668549      5.7094954E-02  2.7250266E-02  1.5390047E-02
  9.5234737E-03  5.9848218E-03
  0.0000000E+00  0.2061419      7.5202964E-02  3.8069185E-02  2.2308508E-02
  1.3596894E-02
  0.0000000E+00  0.2848570      0.1114543      6.0024709E-02  3.5227675E-02
  0.0000000E+00  0.4717614      0.1959054      0.1078186    
  0.0000000E+00   1.000000      0.4249912    
  0.0000000E+00   3.048006    
   32.45676    
  1.0000000E+10
  0.0000000E+00  0.1684171      5.1612902E-02  2.2145536E-02  1.1447863E-02
  6.6601653E-03  4.2040511E-03  2.8162040E-03
  0.0000000E+00  0.1640660      5.0270069E-02  2.1575395E-02  1.1147787E-02
  6.4838706E-03  4.0900228E-03  2.7366842E-03
  0.0000000E+00  0.1558890      4.7779445E-02  2.0502625E-02  1.0600150E-02
  6.1605400E-03  3.8829707E-03  2.5933983E-03
  0.0000000E+00  0.1499625      4.5986496E-02  1.9744936E-02  1.0202551E-02
  5.9294826E-03  3.7321832E-03  0.0000000E+00
  0.0000000E+00  0.1503376      4.6144038E-02  1.9827457E-02  1.0247562E-02
  5.9534884E-03  3.7404350E-03  0.0000000E+00
  0.0000000E+00  0.1590398      4.8927233E-02  2.1057764E-02  1.0900225E-02
  6.3263318E-03  3.9587398E-03  0.0000000E+00
  0.0000000E+00  0.1778695      5.4951239E-02  2.3743436E-02  1.2318079E-02
  7.1402853E-03  4.4193547E-03  0.0000000E+00
  0.0000000E+00  0.2096774      6.5348834E-02  2.8469617E-02  1.4831208E-02
  8.5521378E-03  5.0472617E-03
  0.0000000E+00  0.2607652      8.2670674E-02  3.6624156E-02  1.9204801E-02
  1.0675169E-02
  0.0000000E+00  0.3474869      0.1138785      5.1890470E-02  2.6766693E-02
  0.0000000E+00  0.5248312      0.1797449      8.3045758E-02
  0.0000000E+00   1.000000      0.3465866    
  0.0000000E+00   2.770442    
   31.29782    
  9.9999998E+10
  0.0000000E+00  0.1473331      4.5107096E-02  1.9344812E-02  9.9916002E-03
  5.8084833E-03  3.6644265E-03  2.4527509E-03
  0.0000000E+00  0.1932801      5.9176810E-02  2.5367491E-02  1.3093238E-02
  7.6060477E-03  4.7942037E-03  3.2045359E-03
  0.0000000E+00  0.2393952      7.3267527E-02  3.1394370E-02  1.6194874E-02
  9.3994113E-03  5.9155817E-03  3.9458210E-03
  0.0000000E+00  0.2704746      8.2759343E-02  3.5426293E-02  1.8267535E-02
  1.0590088E-02  6.6484669E-03  0.0000000E+00
  0.0000000E+00  0.2755145      8.4250316E-02  3.6056276E-02  1.8565727E-02
  1.0741285E-02  6.7219650E-03  0.0000000E+00
  0.0000000E+00  0.2629147      8.0365390E-02  3.4355313E-02  1.7666945E-02
  1.0191096E-02  6.3355728E-03  0.0000000E+00
  0.0000000E+00  0.2532549      7.7383451E-02  3.3053339E-02  1.6955061E-02
  9.7228056E-03  5.9512807E-03  0.0000000E+00
  0.0000000E+00  0.2620748      8.0113396E-02  3.4187317E-02  1.7450649E-02
  9.8656025E-03  5.7055857E-03
  0.0000000E+00  0.3002940      9.1852158E-02  3.9122216E-02  1.9745905E-02
  1.0577488E-02
  0.0000000E+00  0.3845023      0.1178706      4.9937002E-02  2.4044517E-02
  0.0000000E+00  0.5604787      0.1721546      7.0495591E-02
  0.0000000E+00   1.000000      0.2952541    
  0.0000000E+00   2.528349    
   29.54641    
  1.0000000E+12
  0.0000000E+00  3.7857939E-02  1.1584232E-02  4.9646711E-03  2.5641504E-03
  1.4901451E-03  9.3975454E-04  6.2885834E-04
  0.0000000E+00  5.8906656E-02  1.8029006E-02  7.7240607E-03  3.9866120E-03
  2.3149869E-03  1.4581629E-03  9.7433990E-04
  0.0000000E+00  9.4012648E-02  2.8750464E-02  1.2313128E-02  6.3480851E-03
  3.6835254E-03  2.3168463E-03  1.5444403E-03
  0.0000000E+00  0.1513202      4.6262551E-02  1.9795462E-02  1.0197099E-02
  5.9055411E-03  3.7069542E-03  0.0000000E+00
  0.0000000E+00  0.2375604      7.2592042E-02  3.1030124E-02  1.5965043E-02
  9.2264786E-03  5.7679433E-03  0.0000000E+00
  0.0000000E+00  0.3427669      0.1046486      4.4663444E-02  2.2934178E-02
  1.3205652E-02  8.1963558E-03  0.0000000E+00
  0.0000000E+00  0.4235775      0.1291186      5.5039048E-02  2.8148010E-02
  1.6098922E-02  9.8289326E-03  0.0000000E+00
  0.0000000E+00  0.4436594      0.1350688      5.7381924E-02  2.9163258E-02
  1.6411304E-02  9.4421720E-03
  0.0000000E+00  0.4373373      0.1328003      5.6080326E-02  2.8066196E-02
  1.4897732E-02
  0.0000000E+00  0.4696913      0.1418743      5.9092600E-02  2.7936036E-02
  0.0000000E+00  0.6061733      0.1808851      7.1402006E-02
  0.0000000E+00   1.000000      0.2822983    
  0.0000000E+00   2.405355    
   28.12198    
  9.9999998E+12
  0.0000000E+00  4.5667351E-03  1.3979466E-03  5.9917866E-04  3.0932238E-04
  1.7975358E-04  1.1334703E-04  7.5852156E-05
  0.0000000E+00  7.4332645E-03  2.2735111E-03  9.7412732E-04  5.0266937E-04
  2.9178648E-04  1.8377823E-04  1.2279261E-04
  0.0000000E+00  1.2726899E-02  3.8915810E-03  1.6657084E-03  8.5872691E-04
  4.9815193E-04  3.1322381E-04  2.0878849E-04
  0.0000000E+00  2.3018479E-02  7.0349076E-03  3.0086241E-03  1.5494867E-03
  8.9733058E-04  5.6262838E-04  0.0000000E+00
  0.0000000E+00  4.3983571E-02  1.3429158E-02  5.7371664E-03  2.9503079E-03
  1.7043122E-03  1.0648870E-03  0.0000000E+00
  0.0000000E+00  8.8090353E-02  2.6874743E-02  1.1462012E-02  5.8809035E-03
  3.3831622E-03  2.0981519E-03  0.0000000E+00
  0.0000000E+00  0.1796715      5.4702260E-02  2.3289528E-02  1.1897330E-02
  6.7967148E-03  4.1437373E-03  0.0000000E+00
  0.0000000E+00  0.3460780      0.1051745      4.4599589E-02  2.2624230E-02
  1.2706365E-02  7.2936346E-03
  0.0000000E+00  0.5511293      0.1668994      7.0308007E-02  3.5080083E-02
  1.8562628E-02
  0.0000000E+00  0.6735113      0.2027105      8.4065706E-02  3.9556470E-02
  0.0000000E+00  0.7408624      0.2195483      8.5913755E-02
  0.0000000E+00   1.000000      0.2792608    
  0.0000000E+00   2.170021    
   24.73922    
  1.0000000E+14
  0.0000000E+00  3.4912716E-04  1.0682669E-04  4.5760597E-05  2.3631545E-05
  1.3731297E-05  8.6596010E-06  5.7948878E-06
  0.0000000E+00  5.7294260E-04  1.7528054E-04  7.5062344E-05  3.8715709E-05
  2.2487529E-05  1.4164589E-05  9.4669576E-06
  0.0000000E+00  9.9438906E-04  3.0402117E-04  1.3011222E-04  6.7082292E-05
  3.8902741E-05  2.4463840E-05  1.6309226E-05
  0.0000000E+00  1.8382169E-03  5.6140899E-04  2.4011846E-04  1.2362843E-04
  7.1571070E-05  4.4918954E-05  0.0000000E+00
  0.0000000E+00  3.6471323E-03  1.1134663E-03  4.7568581E-04  2.4445137E-04
  1.4117830E-04  8.8216955E-05  0.0000000E+00
  0.0000000E+00  7.8397756E-03  2.3902743E-03  1.0190150E-03  5.2244391E-04
  3.0056111E-04  1.8637782E-04  0.0000000E+00
  0.0000000E+00  1.8388404E-02  5.5953860E-03  2.3802991E-03  1.2153990E-03
  6.9389021E-04  4.2269327E-04  0.0000000E+00
  0.0000000E+00  4.7194514E-02  1.4326683E-02  6.0692020E-03  3.0748127E-03
  1.7250623E-03  9.8940148E-04
  0.0000000E+00  0.1295511      3.9183293E-02  1.6465088E-02  8.2013719E-03
  4.3298006E-03
  0.0000000E+00  0.3413342      0.1024314      4.2331669E-02  1.9856608E-02
  0.0000000E+00  0.6913965      0.2041459      7.9519950E-02
  0.0000000E+00   1.000000      0.2783666    
  0.0000000E+00   1.725998    
   17.85848    
