   100.0000    
  0.0000000E+00  1.5670078E-02  5.2940450E-03  2.5533228E-03  1.4498829E-03
  9.0827269E-04  6.0781656E-04  4.2682776E-04
  0.0000000E+00  1.9282456E-02  6.5146098E-03  3.1438787E-03  1.7876958E-03
  1.1199606E-03  7.4959930E-04  5.2632228E-04
  0.0000000E+00  2.4115400E-02  8.1444951E-03  3.9329305E-03  2.2377020E-03
  1.4030330E-03  9.3958824E-04  6.5935147E-04
  0.0000000E+00  3.0699052E-02  1.0369868E-02  5.0129457E-03  2.8553817E-03
  1.7913944E-03  1.1994822E-03  0.0000000E+00
  0.0000000E+00  3.9958082E-02  1.3500186E-02  6.5318705E-03  3.7245718E-03
  2.3387992E-03  1.5645419E-03  0.0000000E+00
  0.0000000E+00  5.3396624E-02  1.8024907E-02  8.7387497E-03  4.9895206E-03
  3.1340157E-03  2.0909875E-03  0.0000000E+00
  0.0000000E+00  7.3665395E-02  2.4867464E-02  1.2076193E-02  6.9042044E-03
  4.3311552E-03  2.8603133E-03  0.0000000E+00
  0.0000000E+00  0.1058439      3.5716925E-02  1.7383799E-02  9.9445200E-03
  6.1915917E-03  3.8873137E-03
  0.0000000E+00  0.1602762      5.4074716E-02  2.6371595E-02  1.5028974E-02
  8.9458767E-03
  0.0000000E+00  0.2608803      8.7819010E-02  4.2793740E-02  2.3511283E-02
  0.0000000E+00  0.4708421      0.1573172      7.4590065E-02
  0.0000000E+00   1.000000      0.3210455    
  0.0000000E+00   2.824559    
   23.04278    
   1000.000    
  0.0000000E+00  1.5676608E-02  5.2945530E-03  2.5523787E-03  1.4493468E-03
  9.0732070E-04  6.0672913E-04  4.2568400E-04
  0.0000000E+00  1.9287651E-02  6.5158987E-03  3.1427164E-03  1.7858023E-03
  1.1186838E-03  7.4821297E-04  5.2489527E-04
  0.0000000E+00  2.4118807E-02  8.1451805E-03  3.9327089E-03  2.2368745E-03
  1.4012818E-03  9.3763869E-04  6.5738230E-04
  0.0000000E+00  3.0712349E-02  1.0370964E-02  5.0123245E-03  2.8530934E-03
  1.7894997E-03  1.1968203E-03  0.0000000E+00
  0.0000000E+00  3.9967958E-02  1.3495194E-02  6.5294551E-03  3.7219622E-03
  2.3354697E-03  1.5602662E-03  0.0000000E+00
  0.0000000E+00  5.3401530E-02  1.8030565E-02  8.7342868E-03  4.9852105E-03
  3.1279270E-03  2.0840522E-03  0.0000000E+00
  0.0000000E+00  7.3675133E-02  2.4870595E-02  1.2070496E-02  6.8967221E-03
  4.3209265E-03  2.8469313E-03  0.0000000E+00
  0.0000000E+00  0.1058541      3.5716049E-02  1.7377373E-02  9.9297510E-03
  6.1695836E-03  3.8550654E-03
  0.0000000E+00  0.1603402      5.4067045E-02  2.6349518E-02  1.4986443E-02
  8.8858763E-03
  0.0000000E+00  0.2609071      8.7798871E-02  4.2728618E-02  2.3391668E-02
  0.0000000E+00  0.4709145      0.1572591      7.4328326E-02
  0.0000000E+00   1.000000      0.3204338    
  0.0000000E+00   2.822282    
   23.04659    
   10000.00    
  0.0000000E+00  1.5677340E-02  5.2955663E-03  2.5517240E-03  1.4470443E-03
  9.0517243E-04  6.0455664E-04  4.2352214E-04
  0.0000000E+00  1.9298028E-02  6.5160096E-03  3.1416256E-03  1.7832512E-03
  1.1158866E-03  7.4544334E-04  5.2204437E-04
  0.0000000E+00  2.4125615E-02  8.1453202E-03  3.9298027E-03  2.2327586E-03
  1.3977833E-03  9.3386701E-04  6.5344828E-04
  0.0000000E+00  3.0714285E-02  1.0371921E-02  5.0086207E-03  2.8485223E-03
  1.7844827E-03  1.1913793E-03  0.0000000E+00
  0.0000000E+00  3.9975367E-02  1.3497536E-02  6.5246304E-03  3.7142856E-03
  2.3275861E-03  1.5517240E-03  0.0000000E+00
  0.0000000E+00  5.3411331E-02  1.8029556E-02  8.7278327E-03  4.9741380E-03
  3.1157634E-03  2.0701969E-03  0.0000000E+00
  0.0000000E+00  7.3694579E-02  2.4864530E-02  1.2059113E-02  6.8805418E-03
  4.3004924E-03  2.8226599E-03  0.0000000E+00
  0.0000000E+00  0.1058744      3.5714284E-02  1.7352216E-02  9.8990146E-03
  6.1293105E-03  3.8054185E-03
  0.0000000E+00  0.1603448      5.4051723E-02  2.6305418E-02  1.4926108E-02
  8.7906402E-03
  0.0000000E+00  0.2609606      8.7746300E-02  4.2623151E-02  2.3189655E-02
  0.0000000E+00  0.4709359      0.1571429      7.3866993E-02
  0.0000000E+00   1.000000      0.3192118    
  0.0000000E+00   2.818965    
   23.15271    
   100000.0    
  0.0000000E+00  1.5746094E-02  5.3032353E-03  2.5488990E-03  1.4429819E-03
  9.0060278E-04  6.0007384E-04  4.1936277E-04
  0.0000000E+00  1.9350475E-02  6.5223272E-03  3.1381473E-03  1.7788166E-03
  1.1102227E-03  7.3982036E-04  5.1666872E-04
  0.0000000E+00  2.4160413E-02  8.1510646E-03  3.9254520E-03  2.2265960E-03
  1.3900849E-03  9.2655921E-04  6.4632797E-04
  0.0000000E+00  3.0754091E-02  1.0375200E-02  5.0030756E-03  2.8392174E-03
  1.7738959E-03  1.1813261E-03  0.0000000E+00
  0.0000000E+00  4.0017225E-02  1.3494895E-02  6.5161763E-03  3.7027926E-03
  2.3139375E-03  1.5377045E-03  0.0000000E+00
  0.0000000E+00  5.3450607E-02  1.8021896E-02  8.7144794E-03  4.9550990E-03
  3.0938615E-03  2.0469923E-03  0.0000000E+00
  0.0000000E+00  7.3736005E-02  2.4861606E-02  1.2035920E-02  6.8495506E-03
  4.2637470E-03  2.7826300E-03  0.0000000E+00
  0.0000000E+00  0.1059417      3.5699345E-02  1.7308401E-02  9.8425392E-03
  6.0610157E-03  3.7323164E-03
  0.0000000E+00  0.1604133      5.4016486E-02  2.6214786E-02  1.4798868E-02
  8.6431289E-03
  0.0000000E+00  0.2611637      8.7661460E-02  4.2403743E-02  2.2881042E-02
  0.0000000E+00  0.4711527      0.1567228      7.3133223E-02
  0.0000000E+00   1.000000      0.3172592    
  0.0000000E+00   2.814614    
   24.06200    
   1000000.    
  0.0000000E+00  1.6204271E-02  5.3621409E-03  2.5472625E-03  1.4313774E-03
  8.8767492E-04  5.8863242E-04  4.0952614E-04
  0.0000000E+00  1.9739751E-02  6.5664127E-03  3.1328260E-03  1.7640559E-03
  1.0957525E-03  7.2685978E-04  5.0540140E-04
  0.0000000E+00  2.4478272E-02  8.1819296E-03  3.9160326E-03  2.2096734E-03
  1.3736803E-03  9.1099925E-04  6.3245761E-04
  0.0000000E+00  3.0996809E-02  1.0395286E-02  4.9889516E-03  2.8185614E-03
  1.7530076E-03  1.1615517E-03  0.0000000E+00
  0.0000000E+00  4.0203784E-02  1.3503560E-02  6.4952122E-03  3.6741958E-03
  2.2845566E-03  1.5111711E-03  0.0000000E+00
  0.0000000E+00  5.3596858E-02  1.8033391E-02  8.6840168E-03  4.9165231E-03
  3.0530321E-03  2.0071201E-03  0.0000000E+00
  0.0000000E+00  7.3864475E-02  2.4858825E-02  1.1987478E-02  6.7886082E-03
  4.1996073E-03  2.7191259E-03  0.0000000E+00
  0.0000000E+00  0.1060643      3.5673950E-02  1.7223177E-02  9.7372942E-03
  5.9477044E-03  3.6250921E-03
  0.0000000E+00  0.1605696      5.3940583E-02  2.6049593E-02  1.4596120E-02
  8.4237661E-03
  0.0000000E+00  0.2613553      8.7453969E-02  4.2020623E-02  2.2391358E-02
  0.0000000E+00  0.4715198      0.1561503      7.1949422E-02
  0.0000000E+00   1.000000      0.3141419    
  0.0000000E+00   2.806285    
   28.54161    
  1.0000000E+07
  0.0000000E+00  1.7878121E-02  5.7072933E-03  2.6015663E-03  1.4182575E-03
  8.6147821E-04  5.6314241E-04  3.8803232E-04
  0.0000000E+00  2.1414585E-02  6.8734707E-03  3.1644641E-03  1.7388645E-03
  1.0617964E-03  6.9627998E-04  4.8029859E-04
  0.0000000E+00  2.6101321E-02  8.4349001E-03  3.9231521E-03  2.1708272E-03
  1.3325992E-03  8.7518356E-04  6.0364662E-04
  0.0000000E+00  3.2488987E-02  1.0586148E-02  4.9718553E-03  2.7679882E-03
  1.7033773E-03  1.1196770E-03  0.0000000E+00
  0.0000000E+00  4.1470878E-02  1.3631914E-02  6.4561917E-03  3.6111111E-03
  2.2246698E-03  1.4598629E-03  0.0000000E+00
  0.0000000E+00  5.4613315E-02  1.8098386E-02  8.6196773E-03  4.8335781E-03
  2.9760157E-03  1.9407735E-03  0.0000000E+00
  0.0000000E+00  7.4645132E-02  2.4877630E-02  1.1889379E-02  6.6715614E-03
  4.0895743E-03  2.6235927E-03  0.0000000E+00
  0.0000000E+00  0.1066569      3.5633869E-02  1.7070485E-02  9.5533524E-03
  5.7721487E-03  3.4814000E-03
  0.0000000E+00  0.1611601      5.3805679E-02  2.5758687E-02  1.4255997E-02
  8.1204111E-03
  0.0000000E+00  0.2618698      8.7102301E-02  4.1372981E-02  2.1696035E-02
  0.0000000E+00  0.4720998      0.1549192      7.0203133E-02
  0.0000000E+00   1.000000      0.3092266    
  0.0000000E+00   2.792462    
   33.28439    
  1.0000000E+08
  0.0000000E+00  2.0452885E-02  6.3537867E-03  2.7733138E-03  1.4560507E-03
  8.5889950E-04  5.4857560E-04  3.7119552E-04
  0.0000000E+00  2.4373023E-02  7.6040905E-03  3.3394205E-03  1.7628440E-03
  1.0439494E-03  6.6885806E-04  4.5349405E-04
  0.0000000E+00  2.9449722E-02  9.2281476E-03  4.0832725E-03  2.1706840E-03
  1.2916971E-03  8.3077676E-04  5.6428049E-04
  0.0000000E+00  3.6206476E-02  1.1395180E-02  5.0913077E-03  2.7282687E-03
  1.6337960E-03  1.0542976E-03  0.0000000E+00
  0.0000000E+00  4.5507673E-02  1.4390065E-02  6.5035308E-03  3.5183833E-03
  2.1195521E-03  1.3708303E-03  0.0000000E+00
  0.0000000E+00  5.8789872E-02  1.8699782E-02  8.5670808E-03  4.6773800E-03
  2.8293158E-03  1.8249331E-03  0.0000000E+00
  0.0000000E+00  7.8609698E-02  2.5249574E-02  1.1717799E-02  6.4414414E-03
  3.8933528E-03  2.4750428E-03  0.0000000E+00
  0.0000000E+00  0.1100438      3.5743855E-02  1.6751887E-02  9.2220595E-03
  5.5003655E-03  3.2882884E-03
  0.0000000E+00  0.1637448      5.3627953E-02  2.5225226E-02  1.3732651E-02
  7.7160946E-03
  0.0000000E+00  0.2636961      8.6449966E-02  4.0345751E-02  2.0757245E-02
  0.0000000E+00  0.4734600      0.1530314      6.7762353E-02
  0.0000000E+00   1.000000      0.3021670    
  0.0000000E+00   2.774531    
   34.36815    
  1.0000000E+09
  0.0000000E+00  2.2748644E-02  6.9837254E-03  3.0030138E-03  1.5551538E-03
  9.0632914E-04  5.7299581E-04  3.8432793E-04
  0.0000000E+00  2.7076552E-02  8.3194701E-03  3.5804703E-03  1.8553346E-03
  1.0819772E-03  6.8390602E-04  4.5846897E-04
  0.0000000E+00  3.2778781E-02  1.0080772E-02  4.3459916E-03  2.2555757E-03
  1.3152503E-03  8.3182642E-04  5.5708265E-04
  0.0000000E+00  4.0361665E-02  1.2441230E-02  5.3767334E-03  2.7956602E-03
  1.6335142E-03  1.0326704E-03  0.0000000E+00
  0.0000000E+00  5.0657026E-02  1.5660036E-02  6.7944550E-03  3.5455094E-03
  2.0759495E-03  1.3116336E-03  0.0000000E+00
  0.0000000E+00  6.5075353E-02  2.0168778E-02  8.8089211E-03  4.6208561E-03
  2.7112721E-03  1.7106691E-03  0.0000000E+00
  0.0000000E+00  8.6184457E-02  2.6775166E-02  1.1798674E-02  6.2302593E-03
  3.6612421E-03  2.2881255E-03  0.0000000E+00
  0.0000000E+00  0.1189391      3.7010249E-02  1.6491864E-02  8.7643163E-03
  5.1175407E-03  3.0319472E-03
  0.0000000E+00  0.1732369      5.4104887E-02  2.4400242E-02  1.2935503E-02
  7.1693794E-03
  0.0000000E+00  0.2722122      8.5593738E-02  3.8685955E-02  1.9481616E-02
  0.0000000E+00  0.4788427      0.1499699      6.4436406E-02
  0.0000000E+00   1.000000      0.2922242    
  0.0000000E+00   2.747438    
   34.51477    
  1.0000000E+10
  0.0000000E+00  2.6806416E-02  8.2117338E-03  3.5214897E-03  1.8187141E-03
  1.0577351E-03  6.6729123E-04  4.4665652E-04
  0.0000000E+00  3.1479098E-02  9.6393023E-03  4.1328026E-03  2.1337392E-03
  1.2401921E-03  7.8159035E-04  5.2254356E-04
  0.0000000E+00  3.7264314E-02  1.1410001E-02  4.8905024E-03  2.5248858E-03
  1.4662137E-03  9.2282466E-04  6.1564584E-04
  0.0000000E+00  4.4817895E-02  1.3725260E-02  5.8800792E-03  3.0331421E-03
  1.7589881E-03  1.1053988E-03  0.0000000E+00
  0.0000000E+00  5.5240657E-02  1.6910644E-02  7.2444077E-03  3.7358003E-03
  2.1630167E-03  1.3549596E-03  0.0000000E+00
  0.0000000E+00  7.0242412E-02  2.1501346E-02  9.2141936E-03  4.7464576E-03
  2.7427098E-03  1.7074599E-03  0.0000000E+00
  0.0000000E+00  9.2493266E-02  2.8317131E-02  1.2144280E-02  6.2489752E-03
  3.5940977E-03  2.2051763E-03  0.0000000E+00
  0.0000000E+00  0.1267127      3.8810164E-02  1.6664714E-02  8.5583786E-03
  4.8623960E-03  2.8223444E-03
  0.0000000E+00  0.1830425      5.5873051E-02  2.4019206E-02  1.2237967E-02
  6.6061597E-03
  0.0000000E+00  0.2848109      8.5970253E-02  3.6831010E-02  1.7929500E-02
  0.0000000E+00  0.4923293      0.1453332      5.9772804E-02
  0.0000000E+00   1.000000      0.2764961    
  0.0000000E+00   2.685326    
   34.18433    
  9.9999998E+10
  0.0000000E+00  2.9228043E-02  8.9456188E-03  3.8343116E-03  1.9802859E-03
  1.1507365E-03  7.2555098E-04  4.8543583E-04
  0.0000000E+00  3.5430282E-02  1.0842840E-02  4.6450328E-03  2.3967216E-03
  1.3921807E-03  8.7684131E-04  5.8577914E-04
  0.0000000E+00  4.3249529E-02  1.3224055E-02  5.6639714E-03  2.9205892E-03
  1.6945398E-03  1.0654557E-03  7.1015616E-04
  0.0000000E+00  5.3051278E-02  1.6214419E-02  6.9398601E-03  3.5751467E-03
  2.0699967E-03  1.2991471E-03  0.0000000E+00
  0.0000000E+00  6.5322846E-02  1.9957913E-02  8.5313991E-03  4.3880828E-03
  2.5362719E-03  1.5848931E-03  0.0000000E+00
  0.0000000E+00  8.0950275E-02  2.4709269E-02  1.0548233E-02  5.4147746E-03
  3.1177318E-03  1.9348765E-03  0.0000000E+00
  0.0000000E+00  0.1023258      3.1188391E-02  1.3290509E-02  6.7980951E-03
  3.8863660E-03  2.3723557E-03  0.0000000E+00
  0.0000000E+00  0.1351202      4.1123047E-02  1.7465942E-02  8.8769523E-03
  4.9939081E-03  2.8707497E-03
  0.0000000E+00  0.1903865      5.7736181E-02  2.4388082E-02  1.2205116E-02
  6.4769075E-03
  0.0000000E+00  0.2901761      8.7296486E-02  3.6360614E-02  1.7200133E-02
  0.0000000E+00  0.4941854      0.1445343      5.6894451E-02
  0.0000000E+00   1.000000      0.2631521    
  0.0000000E+00   2.613800    
   33.46993    
  1.0000000E+12
  0.0000000E+00  2.8693566E-02  8.7821912E-03  3.7639453E-03  1.9434885E-03
  1.1291836E-03  7.1202166E-04  4.7638410E-04
  0.0000000E+00  3.5376914E-02  1.0822645E-02  4.6376809E-03  2.3928680E-03
  1.3898446E-03  8.7498693E-04  5.8450626E-04
  0.0000000E+00  4.4260245E-02  1.3533521E-02  5.7939733E-03  2.9871752E-03
  1.7328744E-03  1.0895630E-03  7.2588882E-04
  0.0000000E+00  5.6198515E-02  1.7172348E-02  7.3475130E-03  3.7837555E-03
  2.1905953E-03  1.3742050E-03  0.0000000E+00
  0.0000000E+00  7.2474189E-02  2.2135334E-02  9.4557395E-03  4.8608067E-03
  2.8078405E-03  1.7537273E-03  0.0000000E+00
  0.0000000E+00  9.4755493E-02  2.8902093E-02  1.2324053E-02  6.3225939E-03
  3.6367427E-03  2.2552391E-03  0.0000000E+00
  0.0000000E+00  0.1250130      3.8077362E-02  1.6202690E-02  8.2754660E-03
  4.7252630E-03  2.8797830E-03  0.0000000E+00
  0.0000000E+00  0.1654676      5.0276298E-02  2.1311644E-02  1.0801793E-02
  6.0640178E-03  3.4772181E-03
  0.0000000E+00  0.2215619      6.7031592E-02  2.8203523E-02  1.4054842E-02
  7.4288393E-03
  0.0000000E+00  0.3159212      9.4859757E-02  3.9255552E-02  1.8423522E-02
  0.0000000E+00  0.5120425      0.1508706      5.8773845E-02
  0.0000000E+00   1.000000      0.2720258    
  0.0000000E+00   2.648316    
   33.55229    
  9.9999998E+12
  0.0000000E+00  2.4874551E-02  7.6137991E-03  3.2634409E-03  1.6845877E-03
  9.7939069E-04  6.1729387E-04  4.1299278E-04
  0.0000000E+00  3.0797491E-02  9.4265230E-03  4.0376345E-03  2.0833332E-03
  1.2096774E-03  7.6173834E-04  5.0878135E-04
  0.0000000E+00  3.8781360E-02  1.1863799E-02  5.0770608E-03  2.6173834E-03
  1.5179211E-03  9.5430104E-04  6.3593185E-04
  0.0000000E+00  4.9775984E-02  1.5215053E-02  6.5062721E-03  3.3503582E-03
  1.9399641E-03  1.2168458E-03  0.0000000E+00
  0.0000000E+00  6.5313622E-02  1.9946236E-02  8.5206088E-03  4.3799281E-03
  2.5295699E-03  1.5797489E-03  0.0000000E+00
  0.0000000E+00  8.7948024E-02  2.6818994E-02  1.1442652E-02  5.8655911E-03
  3.3736557E-03  2.0913978E-03  0.0000000E+00
  0.0000000E+00  0.1218638      3.7114691E-02  1.5788531E-02  8.0618281E-03
  4.6021501E-03  2.8028674E-03  0.0000000E+00
  0.0000000E+00  0.1741039      5.2867379E-02  2.2392472E-02  1.1353046E-02
  6.3655912E-03  3.6478492E-03
  0.0000000E+00  0.2547491      7.7025086E-02  3.2374550E-02  1.6120072E-02
  8.5062720E-03
  0.0000000E+00  0.3747312      0.1124552      4.6442650E-02  2.1756271E-02
  0.0000000E+00  0.5611111      0.1654122      6.4274192E-02
  0.0000000E+00   1.000000      0.2764337    
  0.0000000E+00   2.583333    
   32.25806    
  1.0000000E+14
  0.0000000E+00  1.7451350E-02  5.3427499E-03  2.2900188E-03  1.1820465E-03
  6.8675459E-04  4.3314500E-04  2.8983052E-04
  0.0000000E+00  2.1632141E-02  6.6164471E-03  2.8349026E-03  1.4626492E-03
  8.4934087E-04  5.3490268E-04  3.5731323E-04
  0.0000000E+00  2.7269304E-02  8.3364723E-03  3.5699937E-03  1.8405524E-03
  1.0671689E-03  6.7106093E-04  4.4720652E-04
  0.0000000E+00  3.5078466E-02  1.0721909E-02  4.5850598E-03  2.3609542E-03
  1.3672317E-03  8.5750158E-04  0.0000000E+00
  0.0000000E+00  4.6208411E-02  1.4111739E-02  6.0276212E-03  3.0985563E-03
  1.7897049E-03  1.1180164E-03  0.0000000E+00
  0.0000000E+00  6.2667921E-02  1.9114878E-02  8.1481487E-03  4.1795354E-03
  2.4036409E-03  1.4902700E-03  0.0000000E+00
  0.0000000E+00  8.8072821E-02  2.6811048E-02  1.1406152E-02  5.8236029E-03
  3.3239173E-03  2.0244820E-03  0.0000000E+00
  0.0000000E+00  0.1293158      3.9265539E-02  1.6635280E-02  8.4306337E-03
  4.7263028E-03  2.7080979E-03
  0.0000000E+00  0.2005022      6.0621470E-02  2.5473949E-02  1.2680477E-02
  6.6917767E-03
  0.0000000E+00  0.3308223      9.9246711E-02  4.0966727E-02  1.9177653E-02
  0.0000000E+00  0.5736974      0.1689893      6.5599494E-02
  0.0000000E+00   1.000000      0.2767734    
  0.0000000E+00   2.283113    
   27.42624    
