   100.0000    
  0.0000000E+00  1.5302165E-02  5.7297605E-03  3.0233751E-03  1.8466362E-03
  1.2257696E-03  8.6088938E-04  6.2941841E-04
  0.0000000E+00  1.8785631E-02  7.0467498E-03  3.7263397E-03  2.2810719E-03
  1.5176738E-03  1.0678449E-03  7.8164192E-04
  0.0000000E+00  2.3426453E-02  8.8084368E-03  4.6693273E-03  2.8660204E-03
  1.9122006E-03  1.3477765E-03  9.8859752E-04
  0.0000000E+00  2.9749144E-02  1.1208666E-02  5.9635118E-03  3.6744582E-03
  2.4595209E-03  1.7383123E-03  0.0000000E+00
  0.0000000E+00  3.8614593E-02  1.4595211E-02  7.7993157E-03  4.8261113E-03
  3.2428731E-03  2.2981754E-03  0.0000000E+00
  0.0000000E+00  5.1453818E-02  1.9521093E-02  1.0490308E-02  6.5279361E-03
  4.4087796E-03  3.1322688E-03  0.0000000E+00
  0.0000000E+00  7.0809573E-02  2.7006840E-02  1.4629418E-02  9.1733178E-03
  6.2257694E-03  4.4133407E-03  0.0000000E+00
  0.0000000E+00  0.1015963      3.9007980E-02  2.1356897E-02  1.3517673E-02
  9.2075253E-03  6.2827822E-03
  0.0000000E+00  0.1538769      5.9692129E-02  3.3158496E-02  2.1225769E-02
  1.4082097E-02
  0.0000000E+00  0.2511402      9.8916754E-02  5.6134544E-02  3.5615735E-02
  0.0000000E+00  0.4580387      0.1847776      0.1065564    
  0.0000000E+00   1.000000      0.4157355    
  0.0000000E+00   3.055872    
   23.75713    
   1000.000    
  0.0000000E+00  1.5310189E-02  5.7313605E-03  3.0216279E-03  1.8434833E-03
  1.2231077E-03  8.5771206E-04  6.2606717E-04
  0.0000000E+00  1.8793399E-02  7.0461016E-03  3.7239618E-03  2.2777463E-03
  1.5139444E-03  1.0631760E-03  7.7746162E-04
  0.0000000E+00  2.3431988E-02  8.8047814E-03  4.6659079E-03  2.8616961E-03
  1.9066591E-03  1.3420604E-03  9.8235626E-04
  0.0000000E+00  2.9760959E-02  1.1206603E-02  5.9590214E-03  3.6676154E-03
  2.4513376E-03  1.7296529E-03  0.0000000E+00
  0.0000000E+00  3.8622655E-02  1.4593056E-02  7.7916905E-03  4.8167333E-03
  3.2316451E-03  2.2851452E-03  0.0000000E+00
  0.0000000E+00  5.1462725E-02  1.9516222E-02  1.0483780E-02  6.5167905E-03
  4.3904381E-03  3.1098465E-03  0.0000000E+00
  0.0000000E+00  7.0859425E-02  2.6994878E-02  1.4610132E-02  9.1462722E-03
  6.1923736E-03  4.3699490E-03  0.0000000E+00
  0.0000000E+00  0.1015936      3.8992602E-02  2.1320434E-02  1.3471827E-02
  9.1405809E-03  6.1809905E-03
  0.0000000E+00  0.1538418      5.9647128E-02  3.3090495E-02  2.1109847E-02
  1.3893000E-02
  0.0000000E+00  0.2511668      9.8804787E-02  5.5941947E-02  3.5236202E-02
  0.0000000E+00  0.4579966      0.1844622      0.1056915    
  0.0000000E+00   1.000000      0.4135458    
  0.0000000E+00   3.048947    
   23.73933    
   10000.00    
  0.0000000E+00  1.5337876E-02  5.7410561E-03  3.0210109E-03  1.8398637E-03
  1.2180579E-03  8.5178879E-04  6.2010216E-04
  0.0000000E+00  1.8824531E-02  7.0584891E-03  3.7223166E-03  2.2725724E-03
  1.5070982E-03  1.0556502E-03  7.6944911E-04
  0.0000000E+00  2.3469619E-02  8.8131744E-03  4.6632593E-03  2.8540601E-03
  1.8972175E-03  1.3316297E-03  9.7103923E-04
  0.0000000E+00  2.9801250E-02  1.1215218E-02  5.9568430E-03  3.6575808E-03
  2.4383871E-03  1.7149347E-03  0.0000000E+00
  0.0000000E+00  3.8676888E-02  1.4599659E-02  7.7853492E-03  4.8012491E-03
  3.2118114E-03  2.2623509E-03  0.0000000E+00
  0.0000000E+00  5.1527541E-02  1.9522998E-02  1.0471323E-02  6.4906301E-03
  4.3588872E-03  3.0715503E-03  0.0000000E+00
  0.0000000E+00  7.0925608E-02  2.7001703E-02  1.4588302E-02  9.1027822E-03
  6.1385576E-03  4.2981263E-03  0.0000000E+00
  0.0000000E+00  0.1017036      3.8994890E-02  2.1272004E-02  1.3390119E-02
  9.0232827E-03  6.0249856E-03
  0.0000000E+00  0.1540034      5.9625212E-02  3.2981262E-02  2.0919932E-02
  1.3600227E-02
  0.0000000E+00  0.2513913      9.8750710E-02  5.5633161E-02  3.4633730E-02
  0.0000000E+00  0.4583759      0.1839864      0.1043157    
  0.0000000E+00   1.000000      0.4102215    
  0.0000000E+00   3.039750    
   23.83873    
   100000.0    
  0.0000000E+00  1.5475114E-02  5.7692309E-03  3.0226244E-03  1.8325793E-03
  1.2075792E-03  8.4049773E-04  6.0803164E-04
  0.0000000E+00  1.8947965E-02  7.0814481E-03  3.7211538E-03  2.2624435E-03
  1.4932128E-03  1.0407240E-03  7.5395923E-04
  0.0000000E+00  2.3585973E-02  8.8348417E-03  4.6583707E-03  2.8399320E-03
  1.8789592E-03  1.3116515E-03  9.5022627E-04
  0.0000000E+00  2.9915158E-02  1.1238688E-02  5.9445701E-03  3.6368778E-03
  2.4123304E-03  1.6860859E-03  0.0000000E+00
  0.0000000E+00  3.8795251E-02  1.4615385E-02  7.7658365E-03  4.7703618E-03
  3.1736426E-03  2.2200227E-03  0.0000000E+00
  0.0000000E+00  5.1662896E-02  1.9536199E-02  1.0441177E-02  6.4423075E-03
  4.2986427E-03  3.0039593E-03  0.0000000E+00
  0.0000000E+00  7.1097292E-02  2.7013574E-02  1.4536199E-02  9.0214936E-03
  6.0350681E-03  4.1787331E-03  0.0000000E+00
  0.0000000E+00  0.1019231      3.8987558E-02  2.1176470E-02  1.3235294E-02
  8.8235298E-03  5.7975114E-03
  0.0000000E+00  0.1543552      5.9558824E-02  3.2765839E-02  2.0576924E-02
  1.3150453E-02
  0.0000000E+00  0.2518665      9.8529413E-02  5.5050902E-02  3.3682127E-02
  0.0000000E+00  0.4589367      0.1831448      0.1021493    
  0.0000000E+00   1.000000      0.4046380    
  0.0000000E+00   3.024321    
   24.90950    
   1000000.    
  0.0000000E+00  1.6320225E-02  5.9438203E-03  3.0528093E-03  1.8213483E-03
  1.1837078E-03  8.1460678E-04  5.8370788E-04
  0.0000000E+00  1.9662920E-02  7.2191013E-03  3.7382024E-03  2.2432585E-03
  1.4640450E-03  1.0095505E-03  7.2415732E-04
  0.0000000E+00  2.4179777E-02  8.9438204E-03  4.6617980E-03  2.8117979E-03
  1.8410112E-03  1.2724719E-03  9.1292133E-04
  0.0000000E+00  3.0410115E-02  1.1320225E-02  5.9325844E-03  3.5955058E-03
  2.3617977E-03  1.6337079E-03  0.0000000E+00
  0.0000000E+00  3.9219104E-02  1.4679777E-02  7.7359555E-03  4.7089891E-03
  3.1016853E-03  2.1460676E-03  0.0000000E+00
  0.0000000E+00  5.2056182E-02  1.9578652E-02  1.0382023E-02  6.3483152E-03
  4.1898875E-03  2.8915731E-03  0.0000000E+00
  0.0000000E+00  7.1460679E-02  2.7028091E-02  1.4432585E-02  8.8707870E-03
  5.8539328E-03  3.9943825E-03  0.0000000E+00
  0.0000000E+00  0.1023596      3.8966291E-02  2.0983147E-02  1.2955057E-02
  8.4999995E-03  5.4820227E-03
  0.0000000E+00  0.1548876      5.9438206E-02  3.2359552E-02  2.0000001E-02
  1.2505618E-02
  0.0000000E+00  0.2526405      9.8146074E-02  5.4028094E-02  3.2269664E-02
  0.0000000E+00  0.4600000      0.1815169      9.8764047E-02
  0.0000000E+00   1.000000      0.3957303    
  0.0000000E+00   3.000000    
   29.26966    
  1.0000000E+07
  0.0000000E+00  1.9955555E-02  6.7888889E-03  3.2372223E-03  1.8266668E-03
  1.1405556E-03  7.6222228E-04  5.3494447E-04
  0.0000000E+00  2.3083335E-02  7.9888897E-03  3.8850002E-03  2.2244444E-03
  1.4027779E-03  9.4388891E-04  6.6555559E-04
  0.0000000E+00  2.7288890E-02  9.6055558E-03  4.7622225E-03  2.7650001E-03
  1.7605557E-03  1.1916667E-03  8.4166665E-04
  0.0000000E+00  3.3133335E-02  1.1855556E-02  5.9833336E-03  3.5172224E-03
  2.2572223E-03  1.5338890E-03  0.0000000E+00
  0.0000000E+00  4.1522224E-02  1.5072222E-02  7.7277781E-03  4.5905556E-03
  2.9638889E-03  2.0166668E-03  0.0000000E+00
  0.0000000E+00  5.3938892E-02  1.9844446E-02  1.0300000E-02  6.1722226E-03
  3.9988891E-03  2.7138889E-03  0.0000000E+00
  0.0000000E+00  7.2999999E-02  2.7166666E-02  1.4250001E-02  8.5944450E-03
  5.5666668E-03  3.7294445E-03  0.0000000E+00
  0.0000000E+00  0.1037222      3.8961112E-02  2.0627778E-02  1.2488890E-02
  8.0166664E-03  5.0694444E-03
  0.0000000E+00  0.1562222      5.9222221E-02  3.1638891E-02  1.9100001E-02
  1.1638889E-02
  0.0000000E+00  0.2541111      9.7333342E-02  5.2344445E-02  3.0316669E-02
  0.0000000E+00  0.4617778      0.1787222      9.3944445E-02
  0.0000000E+00   1.000000      0.3825000    
  0.0000000E+00   2.964444    
   32.66111    
  1.0000000E+08
  0.0000000E+00  2.6246592E-02  8.2596838E-03  3.6421167E-03  1.9279871E-03
  1.1451173E-03  7.3595200E-04  5.0065469E-04
  0.0000000E+00  3.0343700E-02  9.6563017E-03  4.3027825E-03  2.2989635E-03
  1.3753410E-03  8.8870712E-04  6.0720131E-04
  0.0000000E+00  3.5346430E-02  1.1412984E-02  5.1614838E-03  2.7915987E-03
  1.6863067E-03  1.0976541E-03  7.5340975E-04
  0.0000000E+00  4.1653030E-02  1.3698854E-02  6.3175121E-03  3.4691764E-03
  2.1194764E-03  1.3906165E-03  0.0000000E+00
  0.0000000E+00  5.0070923E-02  1.6819421E-02  7.9378067E-03  4.4386252E-03
  2.7457720E-03  1.8139663E-03  0.0000000E+00
  0.0000000E+00  6.2029462E-02  2.1325696E-02  1.0327332E-02  5.8810692E-03
  3.6786688E-03  2.4375340E-03  0.0000000E+00
  0.0000000E+00  8.0250956E-02  2.8226951E-02  1.4026186E-02  8.1232954E-03
  5.1096566E-03  3.3546102E-03  0.0000000E+00
  0.0000000E+00  0.1097109      3.9476268E-02  2.0054556E-02  1.1734861E-02
  7.3376978E-03  4.5515550E-03
  0.0000000E+00  0.1609929      5.9028916E-02  3.0474631E-02  1.7806875E-02
  1.0556465E-02
  0.0000000E+00  0.2580469      9.6017458E-02  4.9830880E-02  2.7823241E-02
  0.0000000E+00  0.4650300      0.1741953      8.7561376E-02
  0.0000000E+00   1.000000      0.3642662    
  0.0000000E+00   2.915439    
   33.26787    
  1.0000000E+09
  0.0000000E+00  3.1806655E-02  9.7781308E-03  4.2118332E-03  2.1838353E-03
  1.2741680E-03  8.0612785E-04  5.4146862E-04
  0.0000000E+00  3.6703646E-02  1.1304808E-02  4.8769149E-03  2.5324882E-03
  1.4791337E-03  9.3660859E-04  6.2863185E-04
  0.0000000E+00  4.3122031E-02  1.3322769E-02  5.7633389E-03  2.9994720E-03
  1.7548865E-03  1.1119916E-03  7.4643426E-04
  0.0000000E+00  5.1526681E-02  1.5995774E-02  6.9519281E-03  3.6328579E-03
  2.1315373E-03  1.3528791E-03  0.0000000E+00
  0.0000000E+00  6.2546223E-02  1.9566825E-02  8.5736923E-03  4.5108297E-03
  2.6592710E-03  1.6920234E-03  0.0000000E+00
  0.0000000E+00  7.7231906E-02  2.4458533E-02  1.0855786E-02  5.7739038E-03
  3.4273644E-03  2.1854201E-03  0.0000000E+00
  0.0000000E+00  9.7517170E-02  3.1458005E-02  1.4241944E-02  7.6862127E-03
  4.6016905E-03  2.9223457E-03  0.0000000E+00
  0.0000000E+00  0.1278922      4.2213421E-02  1.9619651E-02  1.0776546E-02
  6.4659272E-03  3.9228736E-03
  0.0000000E+00  0.1783941      6.0380355E-02  2.8911781E-02  1.6048601E-02
  9.2287380E-03
  0.0000000E+00  0.2724776      9.4717383E-02  4.6281036E-02  2.4759643E-02
  0.0000000E+00  0.4746435      0.1676704      7.9556264E-02
  0.0000000E+00   1.000000      0.3406762    
  0.0000000E+00   2.848389    
   33.29108    
  1.0000000E+10
  0.0000000E+00  4.2793103E-02  1.3108375E-02  5.6206896E-03  2.9054186E-03
  1.6896551E-03  1.0660097E-03  7.1379310E-04
  0.0000000E+00  4.8541870E-02  1.4871920E-02  6.3793105E-03  3.2940884E-03
  1.9147783E-03  1.2073892E-03  8.0738921E-04
  0.0000000E+00  5.4975372E-02  1.6847292E-02  7.2266008E-03  3.7315269E-03
  2.1674877E-03  1.3650246E-03  9.1083744E-04
  0.0000000E+00  6.2906407E-02  1.9280788E-02  8.2709361E-03  4.2699506E-03
  2.4788177E-03  1.5586206E-03  0.0000000E+00
  0.0000000E+00  7.3842362E-02  2.2640394E-02  9.7142858E-03  5.0147786E-03
  2.9088669E-03  1.8241380E-03  0.0000000E+00
  0.0000000E+00  8.9753695E-02  2.7566502E-02  1.1847290E-02  6.1182268E-03
  3.5418721E-03  2.2098522E-03  0.0000000E+00
  0.0000000E+00  0.1133005      3.4911331E-02  1.5044335E-02  7.7783251E-03
  4.4916258E-03  2.7674877E-03  0.0000000E+00
  0.0000000E+00  0.1486207      4.6078816E-02  1.9985221E-02  1.0354680E-02
  5.9310347E-03  3.4714285E-03
  0.0000000E+00  0.2039901      6.3990146E-02  2.8068967E-02  1.4556650E-02
  7.9852222E-03
  0.0000000E+00  0.3005911      9.5517240E-02  4.2532019E-02  2.1384235E-02
  0.0000000E+00  0.4985222      0.1597044      6.9901481E-02
  0.0000000E+00   1.000000      0.3093596    
  0.0000000E+00   2.735468    
   32.82758    
  9.9999998E+10
  0.0000000E+00  4.7520481E-02  1.4549375E-02  6.2354468E-03  3.2203535E-03
  1.8714963E-03  1.1802502E-03  7.8956451E-04
  0.0000000E+00  5.7481673E-02  1.7593790E-02  7.5377319E-03  3.8900387E-03
  2.2591634E-03  1.4230272E-03  9.5084088E-04
  0.0000000E+00  6.9598965E-02  2.1289349E-02  9.1159977E-03  4.7003017E-03
  2.7270375E-03  1.7153944E-03  1.1431652E-03
  0.0000000E+00  8.3786115E-02  2.5623113E-02  1.0965934E-02  5.6489864E-03
  3.2720999E-03  2.0530401E-03  0.0000000E+00
  0.0000000E+00  9.9611901E-02  3.0439844E-02  1.3014230E-02  6.6968519E-03
  3.8706339E-03  2.4195774E-03  0.0000000E+00
  0.0000000E+00  0.1166882      3.5631739E-02  1.5217766E-02  7.8137126E-03
  4.5019407E-03  2.7943079E-03  0.0000000E+00
  0.0000000E+00  0.1372574      4.1875806E-02  1.7856834E-02  9.1418717E-03
  5.2307029E-03  3.1949116E-03  0.0000000E+00
  0.0000000E+00  0.1688659      5.1487710E-02  2.1901682E-02  1.1151358E-02
  6.2828809E-03  3.6188012E-03
  0.0000000E+00  0.2236309      6.8132818E-02  2.8883139E-02  1.4510565E-02
  7.7274689E-03
  0.0000000E+00  0.3220785      9.7973265E-02  4.1203104E-02  1.9676585E-02
  0.0000000E+00  0.5174645      0.1561018      6.2958173E-02
  0.0000000E+00   1.000000      0.2813713    
  0.0000000E+00   2.599396    
   31.74213    
  1.0000000E+12
  0.0000000E+00  4.1584156E-02  1.2733380E-02  5.4561528E-03  2.8175388E-03
  1.6375530E-03  1.0325318E-03  6.9059408E-04
  0.0000000E+00  5.1768031E-02  1.5841583E-02  6.7857141E-03  3.5017680E-03
  2.0332390E-03  1.2804101E-03  8.5537479E-04
  0.0000000E+00  6.5417252E-02  2.0007072E-02  8.5643567E-03  4.4165486E-03
  2.5611741E-03  1.6103253E-03  1.0731965E-03
  0.0000000E+00  8.3910890E-02  2.5647098E-02  1.0972419E-02  5.6506363E-03
  3.2715700E-03  2.0519800E-03  0.0000000E+00
  0.0000000E+00  0.1090877      3.3313293E-02  1.4232673E-02  7.3196604E-03
  4.2256010E-03  2.6407354E-03  0.0000000E+00
  0.0000000E+00  0.1427864      4.3564353E-02  1.8578500E-02  9.5297024E-03
  5.4809051E-03  3.3988683E-03  0.0000000E+00
  0.0000000E+00  0.1853253      5.6435641E-02  2.4020510E-02  1.2270155E-02
  7.0084860E-03  4.2715701E-03  0.0000000E+00
  0.0000000E+00  0.2330622      7.0827439E-02  3.0024752E-02  1.5226308E-02
  8.5502118E-03  4.9045263E-03
  0.0000000E+00  0.2841230      8.6032532E-02  3.6209334E-02  1.8069306E-02
  9.5544551E-03
  0.0000000E+00  0.3659830      0.1101485      4.5650635E-02  2.1471003E-02
  0.0000000E+00  0.5470297      0.1620226      6.3472420E-02
  0.0000000E+00   1.000000      0.2777935    
  0.0000000E+00   2.547737    
   30.98302    
  9.9999998E+12
  0.0000000E+00  2.9016554E-02  8.8826679E-03  3.8072055E-03  1.9656767E-03
  1.1424051E-03  7.2030188E-04  4.8198638E-04
  0.0000000E+00  3.6368065E-02  1.1127070E-02  4.7663101E-03  2.4586176E-03
  1.4279456E-03  8.9922105E-04  6.0077902E-04
  0.0000000E+00  4.6445962E-02  1.4201558E-02  6.0808184E-03  3.1353459E-03
  1.8179163E-03  1.1428919E-03  7.6168455E-04
  0.0000000E+00  6.0637780E-02  1.8534567E-02  7.9284320E-03  4.0822783E-03
  2.3636809E-03  1.4824732E-03  0.0000000E+00
  0.0000000E+00  8.1304774E-02  2.4829602E-02  1.0603700E-02  5.4527754E-03
  3.1475173E-03  1.9668939E-03  0.0000000E+00
  0.0000000E+00  0.1122687      3.4250244E-02  1.4603213E-02  7.4878293E-03
  4.3062316E-03  2.6703994E-03  0.0000000E+00
  0.0000000E+00  0.1601266      4.8758522E-02  2.0740019E-02  1.0591529E-02
  6.0467385E-03  3.6830574E-03  0.0000000E+00
  0.0000000E+00  0.2349562      7.1348593E-02  3.0233691E-02  1.5318890E-02
  8.5929893E-03  4.9245376E-03
  0.0000000E+00  0.3463973      0.1047468      4.4036031E-02  2.1930380E-02
  1.1572542E-02
  0.0000000E+00  0.4819864      0.1446689      5.9785787E-02  2.8018501E-02
  0.0000000E+00  0.6314509      0.1862950      7.2468355E-02
  0.0000000E+00   1.000000      0.2775073    
  0.0000000E+00   2.404333    
   28.70010    
  1.0000000E+14
  0.0000000E+00  1.3859894E-02  4.2426353E-03  1.8186037E-03  9.3899335E-04
  5.4558110E-04  3.4400373E-04  2.3022501E-04
  0.0000000E+00  1.7397357E-02  5.3212713E-03  2.2790537E-03  1.1760613E-03
  6.8290421E-04  4.3006265E-04  2.8728833E-04
  0.0000000E+00  2.2257019E-02  6.8081659E-03  2.9146371E-03  1.5019719E-03
  8.7137561E-04  5.4778479E-04  3.6499652E-04
  0.0000000E+00  2.9181167E-02  8.9178849E-03  3.8146602E-03  1.9635817E-03
  1.1372073E-03  7.1329164E-04  0.0000000E+00
  0.0000000E+00  3.9376017E-02  1.2027374E-02  5.1368596E-03  2.6409186E-03
  1.5251682E-03  9.5267926E-04  0.0000000E+00
  0.0000000E+00  5.5091631E-02  1.6805846E-02  7.1653910E-03  3.6743218E-03
  2.1131989E-03  1.3094411E-03  0.0000000E+00
  0.0000000E+00  8.0607750E-02  2.4541872E-02  1.0438414E-02  5.3305500E-03
  3.0422178E-03  1.8533984E-03  0.0000000E+00
  0.0000000E+00  0.1247970      3.7903041E-02  1.6051961E-02  8.1338435E-03
  4.5615868E-03  2.6142427E-03
  0.0000000E+00  0.2070285      6.2584087E-02  2.6304802E-02  1.3094410E-02
  6.9079106E-03
  0.0000000E+00  0.3678961      0.1103340      4.5557879E-02  2.1329159E-02
  0.0000000E+00  0.6559963      0.1932267      7.5040594E-02
  0.0000000E+00   1.000000      0.2769659    
  0.0000000E+00   1.979819    
   22.30341    
