   100.0000    
  0.0000000E+00  1.5059572E-02  5.8975378E-03  3.2482129E-03  2.0607624E-03
  1.4142176E-03  1.0214456E-03  7.6568703E-04
  0.0000000E+00  1.8455124E-02  7.2478154E-03  4.0031769E-03  2.5496425E-03
  1.7549642E-03  1.2716441E-03  9.5552020E-04
  0.0000000E+00  2.2974582E-02  9.0468619E-03  5.0238282E-03  3.2104845E-03
  2.2188243E-03  1.6131850E-03  1.2156473E-03
  0.0000000E+00  2.9126290E-02  1.1513106E-02  6.4257346E-03  4.1262908E-03
  2.8669580E-03  2.0937251E-03  0.0000000E+00
  0.0000000E+00  3.7732325E-02  1.4992056E-02  8.4193805E-03  5.4447977E-03
  3.8050038E-03  2.7934869E-03  0.0000000E+00
  0.0000000E+00  5.0198570E-02  2.0067515E-02  1.1362192E-02  7.4146148E-03
  5.2223988E-03  3.8562352E-03  0.0000000E+00
  0.0000000E+00  6.8983316E-02  2.7807785E-02  1.5929308E-02  1.0508340E-02
  7.4781575E-03  5.5401116E-03  0.0000000E+00
  0.0000000E+00  9.8848298E-02  4.0309772E-02  2.3455122E-02  1.5722796E-02
  1.1306592E-02  8.1374105E-03
  0.0000000E+00  0.1497617      6.2073071E-02  3.6953934E-02  2.5297856E-02
  1.7954726E-02
  0.0000000E+00  0.2449960      0.1042097      6.4257346E-02  4.4400319E-02
  0.0000000E+00  0.4499603      0.1997617      0.1286735    
  0.0000000E+00   1.000000      0.4777601    
  0.0000000E+00   3.218824    
   24.39635    
   1000.000    
  0.0000000E+00  1.5075278E-02  5.9033283E-03  3.2480189E-03  2.0582411E-03
  1.4104596E-03  1.0170365E-03  7.6069735E-04
  0.0000000E+00  1.8478606E-02  7.2503965E-03  4.0055467E-03  2.5459589E-03
  1.7500002E-03  1.2654517E-03  9.4849453E-04
  0.0000000E+00  2.2999208E-02  9.0530906E-03  5.0198101E-03  3.2052298E-03
  2.2115691E-03  1.6045959E-03  1.2060222E-03
  0.0000000E+00  2.9156102E-02  1.1521395E-02  6.4223460E-03  4.1204439E-03
  2.8565770E-03  2.0812205E-03  0.0000000E+00
  0.0000000E+00  3.7769414E-02  1.4996038E-02  8.4152138E-03  5.4318546E-03
  3.7892237E-03  2.7737720E-03  0.0000000E+00
  0.0000000E+00  5.0237719E-02  2.0071317E-02  1.1354993E-02  7.3930267E-03
  5.1941364E-03  3.8217118E-03  0.0000000E+00
  0.0000000E+00  6.9057055E-02  2.7816959E-02  1.5911253E-02  1.0475437E-02
  7.4286852E-03  5.4714736E-03  0.0000000E+00
  0.0000000E+00  9.8930269E-02  4.0332805E-02  2.3419177E-02  1.5653724E-02
  1.1196514E-02  7.9635503E-03
  0.0000000E+00  0.1498415      6.2083993E-02  3.6870047E-02  2.5126783E-02
  1.7634708E-02
  0.0000000E+00  0.2451664      0.1041204      6.3985743E-02  4.3779716E-02
  0.0000000E+00  0.4500793      0.1994057      0.1272979    
  0.0000000E+00   1.000000      0.4746434    
  0.0000000E+00   3.209588    
   24.36609    
   10000.00    
  0.0000000E+00  1.5120315E-02  5.9132148E-03  3.2477318E-03  2.0528599E-03
  1.4027613E-03  1.0078895E-03  7.5069035E-04
  0.0000000E+00  1.8524654E-02  7.2623272E-03  4.0039448E-03  2.5388559E-03
  1.7396450E-03  1.2532545E-03  9.3530572E-04
  0.0000000E+00  2.3049312E-02  9.0650888E-03  5.0177514E-03  3.1948718E-03
  2.1972386E-03  1.5877711E-03  1.1873768E-03
  0.0000000E+00  2.9211044E-02  1.1534518E-02  6.4142011E-03  4.1065090E-03
  2.8358975E-03  2.0564103E-03  0.0000000E+00
  0.0000000E+00  3.7838265E-02  1.5009862E-02  8.4023671E-03  5.4122289E-03
  3.7577909E-03  2.7353058E-03  0.0000000E+00
  0.0000000E+00  5.0335307E-02  2.0082841E-02  1.1337277E-02  7.3570018E-03
  5.1439842E-03  3.7573965E-03  0.0000000E+00
  0.0000000E+00  6.9151878E-02  2.7822485E-02  1.5873767E-02  1.0410257E-02
  7.3372782E-03  5.3491122E-03  0.0000000E+00
  0.0000000E+00  9.9092707E-02  4.0315583E-02  2.3345169E-02  1.5522682E-02
  1.1001972E-02  7.6962523E-03
  0.0000000E+00  0.1500592      6.2051281E-02  3.6702171E-02  2.4808679E-02
  1.7124260E-02
  0.0000000E+00  0.2454832      0.1039842      6.3471399E-02  4.2761341E-02
  0.0000000E+00  0.4504931      0.1986588      0.1250099    
  0.0000000E+00   1.000000      0.4690335    
  0.0000000E+00   3.193294    
   24.44971    
   100000.0    
  0.0000000E+00  1.5301487E-02  5.9553636E-03  3.2533281E-03  2.0442442E-03
  1.3876272E-03  9.9021138E-04  7.3218480E-04
  0.0000000E+00  1.8688332E-02  7.2983555E-03  4.0054815E-03  2.5250586E-03
  1.7192638E-03  1.2298354E-03  9.1072818E-04
  0.0000000E+00  2.3202820E-02  9.0955365E-03  5.0117462E-03  3.1742365E-03
  2.1687548E-03  1.5555990E-03  1.1534847E-03
  0.0000000E+00  2.9365700E-02  1.1562255E-02  6.4017228E-03  4.0759593E-03
  2.7956148E-03  2.0105715E-03  0.0000000E+00
  0.0000000E+00  3.7999216E-02  1.5035238E-02  8.3790133E-03  5.3641344E-03
  3.6973373E-03  2.6660140E-03  0.0000000E+00
  0.0000000E+00  5.0509002E-02  2.0105716E-02  1.1296006E-02  7.2826934E-03
  5.0469851E-03  3.6444792E-03  0.0000000E+00
  0.0000000E+00  6.9381364E-02  2.7838685E-02  1.5798748E-02  1.0281910E-02
  7.1691461E-03  5.1448708E-03  0.0000000E+00
  0.0000000E+00  9.9373527E-02  4.0289741E-02  2.3198903E-02  1.5277995E-02
  1.0665622E-02  7.3061860E-03
  0.0000000E+00  0.1504698      6.1942052E-02  3.6370397E-02  2.4248237E-02
  1.6354738E-02
  0.0000000E+00  0.2460454      0.1036805      6.2529363E-02  4.1151132E-02
  0.0000000E+00  0.4510572      0.1972592      0.1213391    
  0.0000000E+00   1.000000      0.4596711    
  0.0000000E+00   3.166797    
   25.58340    
   1000000.    
  0.0000000E+00  1.6416408E-02  6.2345201E-03  3.3215943E-03  2.0414086E-03
  1.3591330E-03  9.5394737E-04  6.9504639E-04
  0.0000000E+00  1.9628482E-02  7.5232196E-03  4.0518576E-03  2.5092878E-03
  1.6807276E-03  1.1845975E-03  8.6532504E-04
  0.0000000E+00  2.3997677E-02  9.2763156E-03  5.0386996E-03  3.1428018E-03
  2.1164860E-03  1.4965170E-03  1.0944272E-03
  0.0000000E+00  3.0038700E-02  1.1702786E-02  6.4047985E-03  4.0208977E-03
  2.7217492E-03  1.9299535E-03  0.0000000E+00
  0.0000000E+00  3.8595200E-02  1.5147058E-02  8.3513930E-03  5.2786376E-03
  3.5893961E-03  2.5499226E-03  0.0000000E+00
  0.0000000E+00  5.1083587E-02  2.0189626E-02  1.1226780E-02  7.1478323E-03
  4.8800306E-03  3.4647831E-03  0.0000000E+00
  0.0000000E+00  6.9969043E-02  2.7890867E-02  1.5665634E-02  1.0054179E-02
  6.8885451E-03  4.8452010E-03  0.0000000E+00
  0.0000000E+00  0.1000774      4.0325075E-02  2.2929566E-02  1.4852941E-02
  1.0147058E-02  6.7763156E-03
  0.0000000E+00  0.1513545      6.1842103E-02  3.5777863E-02  2.3335911E-02
  1.5290247E-02
  0.0000000E+00  0.2472910      0.1031347      6.0952011E-02  3.8815789E-02
  0.0000000E+00  0.4527864      0.1949303      0.1159056    
  0.0000000E+00   1.000000      0.4454334    
  0.0000000E+00   3.128483    
   29.82585    
  1.0000000E+07
  0.0000000E+00  2.1533206E-02  7.4914610E-03  3.6326374E-03  2.0777991E-03
  1.3123340E-03  8.8576856E-04  6.2694494E-04
  0.0000000E+00  2.4356736E-02  8.6831124E-03  4.3149907E-03  2.5130929E-03
  1.6083492E-03  1.0956357E-03  7.8026566E-04
  0.0000000E+00  2.8204933E-02  1.0288426E-02  5.2371919E-03  3.1074006E-03
  2.0136624E-03  1.3829223E-03  9.8937389E-04
  0.0000000E+00  3.3658445E-02  1.2531310E-02  6.5275142E-03  3.9392789E-03
  2.5806453E-03  1.7840608E-03  0.0000000E+00
  0.0000000E+00  4.1631877E-02  1.5779886E-02  8.3870972E-03  5.1347250E-03
  3.3943076E-03  2.3555977E-03  0.0000000E+00
  0.0000000E+00  5.3548388E-02  2.0626187E-02  1.1149906E-02  6.9070207E-03
  4.5996206E-03  3.1905125E-03  0.0000000E+00
  0.0000000E+00  7.2030358E-02  2.8144212E-02  1.5434536E-02  9.6584437E-03
  6.4478177E-03  4.4288426E-03  0.0000000E+00
  0.0000000E+00  0.1018975      4.0341560E-02  2.2440229E-02  1.4151803E-02
  9.3965847E-03  6.1100568E-03
  0.0000000E+00  0.1532068      6.1555978E-02  3.4732450E-02  2.1958256E-02
  1.3905124E-02
  0.0000000E+00  0.2494877      0.1020493      5.8444023E-02  3.5722964E-02
  0.0000000E+00  0.4554080      0.1908160      0.1083112    
  0.0000000E+00   1.000000      0.4250474    
  0.0000000E+00   3.072106    
   32.60721    
  1.0000000E+08
  0.0000000E+00  3.0257352E-02  9.5477942E-03  4.2205881E-03  2.2382352E-03
  1.3319852E-03  8.5772062E-04  5.8455882E-04
  0.0000000E+00  3.4470588E-02  1.1018381E-02  4.9264701E-03  2.6419116E-03
  1.5856617E-03  1.0279411E-03  7.0441177E-04
  0.0000000E+00  3.9448526E-02  1.2834558E-02  5.8419118E-03  3.1764705E-03
  1.9283089E-03  1.2610294E-03  8.6948526E-04
  0.0000000E+00  4.5477938E-02  1.5158088E-02  7.0588230E-03  3.9117648E-03
  2.4084558E-03  1.5911764E-03  0.0000000E+00
  0.0000000E+00  5.3345587E-02  1.8297793E-02  8.7683825E-03  4.9669114E-03
  3.1066176E-03  2.0724265E-03  0.0000000E+00
  0.0000000E+00  6.4448528E-02  2.2816176E-02  1.1294117E-02  6.5514701E-03
  4.1580880E-03  2.7915442E-03  0.0000000E+00
  0.0000000E+00  8.1507348E-02  2.9775735E-02  1.5235294E-02  9.0330876E-03
  5.7941177E-03  3.8676469E-03  0.0000000E+00
  0.0000000E+00  0.1097426      4.1249998E-02  2.1731617E-02  1.3095587E-02
  8.3860289E-03  5.3088237E-03
  0.0000000E+00  0.1595221      6.1470587E-02  3.3136029E-02  2.0055147E-02
  1.2238971E-02
  0.0000000E+00  0.2547427      0.1003309      5.4779410E-02  3.1911764E-02
  0.0000000E+00  0.4602941      0.1844853      9.8639704E-02
  0.0000000E+00   1.000000      0.3977941    
  0.0000000E+00   2.997794    
   33.00367    
  1.0000000E+09
  0.0000000E+00  3.8279347E-02  1.1772902E-02  5.0714039E-03  2.6300941E-03
  1.5350053E-03  9.7178685E-04  6.5238593E-04
  0.0000000E+00  4.3364681E-02  1.3361199E-02  5.7645421E-03  2.9951236E-03
  1.7499130E-03  1.1086729E-03  7.4468832E-04
  0.0000000E+00  5.0052248E-02  1.5478929E-02  6.7014978E-03  3.4900734E-03
  2.0435390E-03  1.2960641E-03  8.7042846E-04
  0.0000000E+00  5.8829680E-02  1.8289795E-02  7.9588993E-03  4.1657961E-03
  2.4468827E-03  1.5552073E-03  0.0000000E+00
  0.0000000E+00  7.0184603E-02  2.2023685E-02  9.6725877E-03  5.0992686E-03
  3.0139324E-03  1.9219784E-03  0.0000000E+00
  0.0000000E+00  8.5022643E-02  2.7077673E-02  1.2075932E-02  6.4472314E-03
  3.8418672E-03  2.4597701E-03  0.0000000E+00
  0.0000000E+00  0.1049112      3.4211077E-02  1.5621735E-02  8.4952982E-03
  5.1201670E-03  3.2744689E-03  0.0000000E+00
  0.0000000E+00  0.1339951      4.5106236E-02  2.1278301E-02  1.1839082E-02
  7.1856501E-03  4.4096136E-03
  0.0000000E+00  0.1821317      6.3566707E-02  3.1166842E-02  1.7648904E-02
  1.0330895E-02
  0.0000000E+00  0.2732846      9.8955072E-02  5.0017416E-02  2.7523512E-02
  0.0000000E+00  0.4726576      0.1758272      8.7286666E-02
  0.0000000E+00   1.000000      0.3646813    
  0.0000000E+00   2.904215    
   32.96761    
  1.0000000E+10
  0.0000000E+00  5.5291917E-02  1.6943492E-02  7.2681862E-03  3.7558540E-03
  2.1838902E-03  1.3780830E-03  9.2257262E-04
  0.0000000E+00  6.1536063E-02  1.8854201E-02  8.0861701E-03  4.1773338E-03
  2.4283484E-03  1.5310647E-03  1.0240400E-03
  0.0000000E+00  6.7967534E-02  2.0824227E-02  8.9322515E-03  4.6113022E-03
  2.6799876E-03  1.6881051E-03  1.1267562E-03
  0.0000000E+00  7.5522952E-02  2.3147050E-02  9.9313147E-03  5.1264442E-03
  2.9772089E-03  1.8723073E-03  0.0000000E+00
  0.0000000E+00  8.6106777E-02  2.6412738E-02  1.1339370E-02  5.8570090E-03
  3.3968154E-03  2.1311273E-03  0.0000000E+00
  0.0000000E+00  0.1019981      3.1345613E-02  1.3477989E-02  6.9653452E-03
  4.0368405E-03  2.5201375E-03  0.0000000E+00
  0.0000000E+00  0.1257883      3.8807370E-02  1.6746800E-02  8.6699966E-03
  5.0140494E-03  3.0930378E-03  0.0000000E+00
  0.0000000E+00  0.1612551      5.0171714E-02  2.1813925E-02  1.1336248E-02
  6.5126447E-03  3.8214175E-03
  0.0000000E+00  0.2160787      6.8248518E-02  3.0134249E-02  1.5722761E-02
  8.6731184E-03
  0.0000000E+00  0.3100218      0.1001873      4.5176398E-02  2.2997189E-02
  0.0000000E+00  0.5029660      0.1658757      7.4399002E-02
  0.0000000E+00   1.000000      0.3234468    
  0.0000000E+00   2.757415    
   32.37590    
  9.9999998E+10
  0.0000000E+00  6.0884003E-02  1.8638222E-02  7.9892687E-03  4.1262135E-03
  2.3975472E-03  1.5117526E-03  1.0117526E-03
  0.0000000E+00  7.3811956E-02  2.2593254E-02  9.6806334E-03  4.9948897E-03
  2.9024016E-03  1.8275422E-03  1.2210015E-03
  0.0000000E+00  8.9294836E-02  2.7312212E-02  1.1696474E-02  6.0321921E-03
  3.5002553E-03  2.2010729E-03  1.4670413E-03
  0.0000000E+00  0.1067450      3.2626469E-02  1.3965253E-02  7.1946853E-03
  4.1670925E-03  2.6162493E-03  0.0000000E+00
  0.0000000E+00  0.1245784      3.8068470E-02  1.6280020E-02  8.3750635E-03
  4.8415940E-03  3.0275933E-03  0.0000000E+00
  0.0000000E+00  0.1413388      4.3152783E-02  1.8436382E-02  9.4685750E-03
  5.4547777E-03  3.3852838E-03  0.0000000E+00
  0.0000000E+00  0.1595810      4.8696984E-02  2.0771589E-02  1.0636178E-02
  6.0884003E-03  3.7199794E-03  0.0000000E+00
  0.0000000E+00  0.1887838      5.7562597E-02  2.4509452E-02  1.2480837E-02
  7.0362799E-03  4.0572304E-03
  0.0000000E+00  0.2418242      7.3735312E-02  3.1297907E-02  1.5740929E-02
  8.3955033E-03
  0.0000000E+00  0.3382729      0.1032448      4.3536022E-02  2.0850793E-02
  0.0000000E+00  0.5293817      0.1610629      6.5457337E-02
  0.0000000E+00   1.000000      0.2879407    
  0.0000000E+00   2.588145    
   31.09351    
  1.0000000E+12
  0.0000000E+00  4.8404656E-02  1.4817943E-02  6.3513513E-03  3.2789037E-03
  1.9050300E-03  1.2015766E-03  8.0386637E-04
  0.0000000E+00  6.0867116E-02  1.8624250E-02  7.9786032E-03  4.1159908E-03
  2.3911411E-03  1.5054429E-03  1.0056306E-03
  0.0000000E+00  7.7777781E-02  2.3798797E-02  1.0183933E-02  5.2515012E-03
  3.0461710E-03  1.9144143E-03  1.2760886E-03
  0.0000000E+00  0.1010135      3.0874625E-02  1.3207582E-02  6.8018013E-03
  3.9376877E-03  2.4699699E-03  0.0000000E+00
  0.0000000E+00  0.1328829      4.0578078E-02  1.7340466E-02  8.9151645E-03
  5.1501500E-03  3.2169670E-03  0.0000000E+00
  0.0000000E+00  0.1753003      5.3472221E-02  2.2804054E-02  1.1700450E-02
  6.7323577E-03  4.1741738E-03  0.0000000E+00
  0.0000000E+00  0.2267267      6.9031529E-02  2.9391890E-02  1.5011261E-02
  8.5735740E-03  5.2252254E-03  0.0000000E+00
  0.0000000E+00  0.2772147      8.4253006E-02  3.5716966E-02  1.8117493E-02
  1.0172673E-02  5.8370871E-03
  0.0000000E+00  0.3207583      9.7165912E-02  4.0915918E-02  2.0420421E-02
  1.0799550E-02
  0.0000000E+00  0.3924550      0.1181119      4.8986487E-02  2.3048049E-02
  0.0000000E+00  0.5632507      0.1671359      6.5578081E-02
  0.0000000E+00   1.000000      0.2794670    
  0.0000000E+00   2.503754    
   30.03003    
  9.9999998E+12
  0.0000000E+00  2.8640090E-02  8.7657021E-03  3.7575096E-03  1.9399236E-03
  1.1272529E-03  7.1075920E-04  4.7558712E-04
  0.0000000E+00  3.6308028E-02  1.1108683E-02  4.7591478E-03  2.4554888E-03
  1.4254506E-03  8.9797925E-04  5.9989077E-04
  0.0000000E+00  4.7045331E-02  1.4385581E-02  6.1594760E-03  3.1753141E-03
  1.8416167E-03  1.1578373E-03  7.7160023E-04
  0.0000000E+00  6.2523209E-02  1.9104315E-02  8.1736762E-03  4.2086295E-03
  2.4369198E-03  1.5281268E-03  0.0000000E+00
  0.0000000E+00  8.5625343E-02  2.6149645E-02  1.1174222E-02  5.7422174E-03
  3.3162206E-03  2.0720919E-03  0.0000000E+00
  0.0000000E+00  0.1213545      3.7007101E-02  1.5783725E-02  8.0950297E-03
  4.6564718E-03  2.8858548E-03  0.0000000E+00
  0.0000000E+00  0.1783725      5.4298200E-02  2.3102129E-02  1.1796833E-02
  6.7329332E-03  4.1015842E-03  0.0000000E+00
  0.0000000E+00  0.2695795      8.1856914E-02  3.4680504E-02  1.7575096E-02
  9.8580010E-03  5.6493720E-03
  0.0000000E+00  0.4031677      0.1219006      5.1272530E-02  2.5537958E-02
  1.3478973E-02
  0.0000000E+00  0.5435281      0.1630803      6.7416713E-02  3.1600218E-02
  0.0000000E+00  0.6647733      0.1961770      7.6329879E-02
  0.0000000E+00   1.000000      0.2777717    
  0.0000000E+00   2.337520    
   27.49317    
  1.0000000E+14
  0.0000000E+00  1.0566492E-02  3.2346323E-03  1.3865005E-03  7.1595015E-04
  4.1582965E-04  2.6227400E-04  1.7549215E-04
  0.0000000E+00  1.3423061E-02  4.1060667E-03  1.7593410E-03  9.0759341E-04
  5.2711932E-04  3.3194054E-04  2.2173562E-04
  0.0000000E+00  1.7440738E-02  5.3354758E-03  2.2832463E-03  1.1771796E-03
  6.8260339E-04  4.2908799E-04  2.8601848E-04
  0.0000000E+00  2.3298513E-02  7.1193250E-03  3.0453997E-03  1.5680996E-03
  9.0799521E-04  5.6930492E-04  0.0000000E+00
  0.0000000E+00  3.2197669E-02  9.8312572E-03  4.1984729E-03  2.1591000E-03
  1.2470871E-03  7.7902776E-04  0.0000000E+00
  0.0000000E+00  4.6444356E-02  1.4162314E-02  6.0385698E-03  3.0972278E-03
  1.7814384E-03  1.1044596E-03  0.0000000E+00
  0.0000000E+00  7.0711128E-02  2.1522699E-02  9.1562876E-03  4.6765767E-03
  2.6685414E-03  1.6255524E-03  0.0000000E+00
  0.0000000E+00  0.1152270      3.4985937E-02  1.4821214E-02  7.5090392E-03
  4.2105261E-03  2.4134191E-03
  0.0000000E+00  0.2036561      6.1590999E-02  2.5881879E-02  1.2884693E-02
  6.7979107E-03
  0.0000000E+00  0.3870229      0.1160707      4.7930893E-02  2.2442747E-02
  0.0000000E+00  0.7051024      0.2077541      8.0674969E-02
  0.0000000E+00   1.000000      0.2770189    
  0.0000000E+00   1.881880    
   20.78746    
