   100.0000    
  0.0000000E+00  1.4939354E-02  5.9568733E-03  3.3450136E-03  2.1600404E-03
  1.5060647E-03  1.1030998E-03  8.3726418E-04
  0.0000000E+00  1.8291779E-02  7.3180594E-03  4.1239890E-03  2.6745282E-03
  1.8716308E-03  1.3760107E-03  1.0478436E-03
  0.0000000E+00  2.2749325E-02  9.1340970E-03  5.1752022E-03  3.3692722E-03
  2.3699461E-03  1.7500001E-03  1.3376010E-03
  0.0000000E+00  2.8810646E-02  1.1623989E-02  6.6239894E-03  4.3396228E-03
  3.0697440E-03  2.2789757E-03  0.0000000E+00
  0.0000000E+00  3.7297845E-02  1.5131401E-02  8.6893532E-03  5.7378705E-03
  4.0869270E-03  3.0552561E-03  0.0000000E+00
  0.0000000E+00  4.9561996E-02  2.0259432E-02  1.1748652E-02  7.8369267E-03
  5.6367926E-03  4.2452831E-03  0.0000000E+00
  0.0000000E+00  6.8059295E-02  2.8099731E-02  1.6509434E-02  1.1165768E-02
  8.1334235E-03  6.1657680E-03  0.0000000E+00
  0.0000000E+00  9.7506739E-02  4.0801886E-02  2.4417115E-02  1.6829515E-02
  1.2442722E-02  9.2082210E-03
  0.0000000E+00  0.1477089      6.3039079E-02  3.8746629E-02  2.7432613E-02
  2.0158356E-02
  0.0000000E+00  0.2419474      0.1065027      6.8295151E-02  4.9326144E-02
  0.0000000E+00  0.4457547      0.2068396      0.1406671    
  0.0000000E+00   1.000000      0.5107816    
  0.0000000E+00   3.306941    
   24.76415    
   1000.000    
  0.0000000E+00  1.4961370E-02  5.9657376E-03  3.3456499E-03  2.1575412E-03
  1.5015115E-03  1.0977495E-03  8.3137391E-04
  0.0000000E+00  1.8317098E-02  7.3261671E-03  4.1249581E-03  2.6708096E-03
  1.8656366E-03  1.3688278E-03  1.0393013E-03
  0.0000000E+00  2.2781324E-02  9.1434335E-03  5.1729931E-03  3.3658047E-03
  2.3617737E-03  1.7396709E-03  1.3254955E-03
  0.0000000E+00  2.8847834E-02  1.1632517E-02  6.6207591E-03  4.3332214E-03
  3.0577765E-03  2.2636882E-03  0.0000000E+00
  0.0000000E+00  3.7353043E-02  1.5142761E-02  8.6832391E-03  5.7272427E-03
  4.0678536E-03  3.0309039E-03  0.0000000E+00
  0.0000000E+00  4.9613707E-02  2.0272085E-02  1.1740007E-02  7.8165941E-03
  5.6063151E-03  4.2022169E-03  0.0000000E+00
  0.0000000E+00  6.8155862E-02  2.8112194E-02  1.6493114E-02  1.1125294E-02
  8.0718845E-03  6.0765874E-03  0.0000000E+00
  0.0000000E+00  9.7615048E-02  4.0812898E-02  2.4380248E-02  1.6748404E-02
  1.2304334E-02  8.9855557E-03
  0.0000000E+00  0.1478670      6.3050054E-02  3.8663082E-02  2.7218677E-02
  1.9744709E-02
  0.0000000E+00  0.2421565      0.1064159      6.7987911E-02  4.8505209E-02
  0.0000000E+00  0.4460867      0.2064494      0.1389654    
  0.0000000E+00   1.000000      0.5065503    
  0.0000000E+00   3.295264    
   24.72623    
   10000.00    
  0.0000000E+00  1.5013359E-02  5.9786239E-03  3.3466935E-03  2.1516366E-03
  1.4926519E-03  1.0868403E-03  8.1897125E-04
  0.0000000E+00  1.8373413E-02  7.3380088E-03  4.1249166E-03  2.6623246E-03
  1.8533734E-03  1.3537074E-03  1.0227121E-03
  0.0000000E+00  2.2839010E-02  9.1549773E-03  5.1703402E-03  3.3533734E-03
  2.3443552E-03  1.7187708E-03  1.3019373E-03
  0.0000000E+00  2.8914496E-02  1.1646627E-02  6.6132266E-03  4.3152971E-03
  3.0323982E-03  2.2331327E-03  0.0000000E+00
  0.0000000E+00  3.7408151E-02  1.5156981E-02  8.6706746E-03  5.6980625E-03
  4.0313960E-03  2.9832998E-03  0.0000000E+00
  0.0000000E+00  4.9732797E-02  2.0283900E-02  1.1716766E-02  7.7722105E-03
  5.5410820E-03  4.1215764E-03  0.0000000E+00
  0.0000000E+00  6.8269871E-02  2.8122911E-02  1.6449565E-02  1.1048764E-02
  7.9559116E-03  5.9185037E-03  0.0000000E+00
  0.0000000E+00  9.7762190E-02  4.0814962E-02  2.4295257E-02  1.6586505E-02
  1.2054108E-02  8.6406143E-03
  0.0000000E+00  0.1480962      6.2992655E-02  3.8476951E-02  2.6820308E-02
  1.9088177E-02
  0.0000000E+00  0.2425184      0.1062458      6.7368068E-02  4.7194388E-02
  0.0000000E+00  0.4465598      0.2055444      0.1360387    
  0.0000000E+00   1.000000      0.4993320    
  0.0000000E+00   3.274549    
   24.79626    
   100000.0    
  0.0000000E+00  1.5225017E-02  6.0324287E-03  3.3553939E-03  2.1436135E-03
  1.4758438E-03  1.0661813E-03  7.9649244E-04
  0.0000000E+00  1.8567175E-02  7.3858374E-03  4.1297153E-03  2.6482462E-03
  1.8299141E-03  1.3259432E-03  9.9272013E-04
  0.0000000E+00  2.3024486E-02  9.1992067E-03  5.1687630E-03  3.3322303E-03
  2.3117140E-03  1.6803442E-03  1.2600927E-03
  0.0000000E+00  2.9103244E-02  1.1687624E-02  6.6048978E-03  4.2819325E-03
  2.9851091E-03  2.1773661E-03  0.0000000E+00
  0.0000000E+00  3.7624091E-02  1.5195236E-02  8.6499006E-03  5.6452681E-03
  3.9576441E-03  2.8980807E-03  0.0000000E+00
  0.0000000E+00  4.9966909E-02  2.0320980E-02  1.1674388E-02  7.6869624E-03
  5.4268702E-03  3.9841165E-03  0.0000000E+00
  0.0000000E+00  6.8563871E-02  2.8153541E-02  1.6369954E-02  1.0896757E-02
  7.7498346E-03  5.6684320E-03  0.0000000E+00
  0.0000000E+00  9.8146923E-02  4.0833883E-02  2.4129715E-02  1.6293846E-02
  1.1637989E-02  8.1403051E-03
  0.0000000E+00  0.1486102      6.2938452E-02  3.8087361E-02  2.6131701E-02
  1.8117141E-02
  0.0000000E+00  0.2432495      0.1059232      6.6247523E-02  4.5168765E-02
  0.0000000E+00  0.4477167      0.2039709      0.1314692    
  0.0000000E+00   1.000000      0.4880874    
  0.0000000E+00   3.242555    
   25.96625    
   1000000.    
  0.0000000E+00  1.6480938E-02  6.3701528E-03  3.4473769E-03  2.1469535E-03
  1.4454218E-03  1.0241121E-03  7.5236231E-04
  0.0000000E+00  1.9625284E-02  7.6604756E-03  4.1935481E-03  2.6357118E-03
  1.7869013E-03  1.2724014E-03  9.3743886E-04
  0.0000000E+00  2.3913326E-02  9.4167478E-03  5.2069076E-03  3.2974910E-03
  2.2508961E-03  1.6093190E-03  1.1880090E-03
  0.0000000E+00  2.9859889E-02  1.1857282E-02  6.6112741E-03  4.2228741E-03
  2.8976866E-03  2.0795048E-03  0.0000000E+00
  0.0000000E+00  3.8286090E-02  1.5327469E-02  8.6217010E-03  5.5490388E-03
  3.8286087E-03  2.7552950E-03  0.0000000E+00
  0.0000000E+00  5.0602801E-02  2.0423589E-02  1.1599870E-02  7.5268815E-03
  5.2231997E-03  3.7601823E-03  0.0000000E+00
  0.0000000E+00  6.9240794E-02  2.8220918E-02  1.6213750E-02  1.0622352E-02
  7.4063209E-03  5.2916259E-03  0.0000000E+00
  0.0000000E+00  9.8924726E-02  4.0827632E-02  2.3812316E-02  1.5773868E-02
  1.0993809E-02  7.4714893E-03
  0.0000000E+00  0.1496253      6.2821761E-02  3.7373740E-02  2.5011403E-02
  1.6770935E-02
  0.0000000E+00  0.2446725      0.1053112      6.4320624E-02  4.2261321E-02
  0.0000000E+00  0.4493320      0.2011078      0.1246986    
  0.0000000E+00   1.000000      0.4705116    
  0.0000000E+00   3.193874    
   30.12382    
  1.0000000E+07
  0.0000000E+00  2.2418175E-02  7.8646326E-03  3.8353987E-03  2.2052748E-03
  1.3991103E-03  9.4852236E-04  6.7397521E-04
  0.0000000E+00  2.5074676E-02  9.0403557E-03  4.5281220E-03  2.6571339E-03
  1.7108357E-03  1.1715919E-03  8.3825865E-04
  0.0000000E+00  2.8728947E-02  1.0629171E-02  5.4718778E-03  3.2761360E-03
  2.1382268E-03  1.4785511E-03  1.0638704E-03
  0.0000000E+00  3.3968858E-02  1.2859866E-02  6.7905942E-03  4.1404516E-03
  2.7384812E-03  1.9081665E-03  0.0000000E+00
  0.0000000E+00  4.1690499E-02  1.6097872E-02  8.6939950E-03  5.3892592E-03
  3.6034319E-03  2.5236732E-03  0.0000000E+00
  0.0000000E+00  5.3384174E-02  2.0965999E-02  1.1537973E-02  7.2545279E-03
  4.8903716E-03  3.4286622E-03  0.0000000E+00
  0.0000000E+00  7.1560211E-02  2.8547822E-02  1.5967587E-02  1.0158882E-02
  6.8795676E-03  4.7823321E-03  0.0000000E+00
  0.0000000E+00  0.1010486      4.0927865E-02  2.3253892E-02  1.4944391E-02
  1.0082618E-02  6.6444231E-03
  0.0000000E+00  0.1517954      6.2535748E-02  3.6161423E-02  2.3346044E-02
  1.5058786E-02
  0.0000000E+00  0.2472196      0.1040674      6.1296470E-02  3.8449313E-02
  0.0000000E+00  0.4524944      0.1962822      0.1154115    
  0.0000000E+00   1.000000      0.4455037    
  0.0000000E+00   3.125516    
   32.63425    
  1.0000000E+08
  0.0000000E+00  3.2407690E-02  1.0234971E-02  4.5224293E-03  2.4012816E-03
  1.4299665E-03  9.2126947E-04  6.2862376E-04
  0.0000000E+00  3.6679894E-02  1.1736345E-02  5.2548065E-03  2.8199574E-03
  1.6945377E-03  1.0997864E-03  7.5434853E-04
  0.0000000E+00  4.1623436E-02  1.3576441E-02  6.1916388E-03  3.3719866E-03
  2.0512664E-03  1.3439122E-03  9.2828809E-04
  0.0000000E+00  4.7543485E-02  1.5913945E-02  7.4366797E-03  4.1318275E-03
  2.5517242E-03  1.6905706E-03  0.0000000E+00
  0.0000000E+00  5.5111382E-02  1.9044857E-02  9.1791274E-03  5.2242903E-03
  3.2834911E-03  2.1989625E-03  0.0000000E+00
  0.0000000E+00  6.5761372E-02  2.3548977E-02  1.1757705E-02  6.8690875E-03
  4.3881601E-03  2.9630761E-03  0.0000000E+00
  0.0000000E+00  8.2270369E-02  3.0506561E-02  1.5794935E-02  9.4568208E-03
  6.1184010E-03  4.1165701E-03  0.0000000E+00
  0.0000000E+00  0.1098261      4.2050656E-02  2.2490082E-02  1.3725969E-02
  8.8861762E-03  5.6789750E-03
  0.0000000E+00  0.1588953      6.2526703E-02  3.4330178E-02  2.1107720E-02
  1.3057675E-02
  0.0000000E+00  0.2533109      0.1021666      5.7064388E-02  3.3872444E-02
  0.0000000E+00  0.4580409      0.1889838      0.1039060    
  0.0000000E+00   1.000000      0.4134880    
  0.0000000E+00   3.037534    
   32.92646    
  1.0000000E+09
  0.0000000E+00  4.1794874E-02  1.2857550E-02  5.5384617E-03  2.8746440E-03
  1.6772080E-03  1.0618233E-03  7.1310543E-04
  0.0000000E+00  4.6894588E-02  1.4455840E-02  6.2393164E-03  3.2421653E-03
  1.8945871E-03  1.2002849E-03  8.0626784E-04
  0.0000000E+00  5.3703707E-02  1.6606838E-02  7.1908836E-03  3.7464388E-03
  2.1937322E-03  1.3917380E-03  9.3532761E-04
  0.0000000E+00  6.2592596E-02  1.9467236E-02  8.4757833E-03  4.4358978E-03
  2.6076923E-03  1.6581197E-03  0.0000000E+00
  0.0000000E+00  7.4102566E-02  2.3264959E-02  1.0225072E-02  5.3960118E-03
  3.1908832E-03  2.0361822E-03  0.0000000E+00
  0.0000000E+00  8.8945873E-02  2.8376069E-02  1.2669516E-02  6.7749289E-03
  4.0427353E-03  2.5923077E-03  0.0000000E+00
  0.0000000E+00  0.1086610      3.5555556E-02  1.6279202E-02  8.8746445E-03
  5.3646727E-03  3.4387466E-03  0.0000000E+00
  0.0000000E+00  0.1370940      4.6467237E-02  2.2042735E-02  1.2324787E-02
  7.5156693E-03  4.6324786E-03
  0.0000000E+00  0.1841026      6.5014251E-02  3.2165240E-02  1.8361824E-02
  1.0831908E-02
  0.0000000E+00  0.2738461      0.1007977      5.1652420E-02  2.8746439E-02
  0.0000000E+00  0.4720798      0.1792308      9.0712249E-02
  0.0000000E+00   1.000000      0.3749288    
  0.0000000E+00   2.928775    
   32.84900    
  1.0000000E+10
  0.0000000E+00  6.2515572E-02  1.9150686E-02  8.2141971E-03  4.2440845E-03
  2.4687424E-03  1.5576588E-03  1.0430885E-03
  0.0000000E+00  6.8916559E-02  2.1110835E-02  9.0535488E-03  4.6774596E-03
  2.7198007E-03  1.7143214E-03  1.1464509E-03
  0.0000000E+00  7.5118303E-02  2.3018681E-02  9.8729767E-03  5.0983815E-03
  2.9638854E-03  1.8662516E-03  1.2458281E-03
  0.0000000E+00  8.2266502E-02  2.5205480E-02  1.0819428E-02  5.5865506E-03
  3.2453304E-03  2.0403487E-03  0.0000000E+00
  0.0000000E+00  9.2478208E-02  2.8368618E-02  1.2179328E-02  6.2914072E-03
  3.6513077E-03  2.2901618E-03  0.0000000E+00
  0.0000000E+00  0.1081694      3.3250313E-02  1.4298880E-02  7.3897881E-03
  4.2839353E-03  2.6749689E-03  0.0000000E+00
  0.0000000E+00  0.1318804      4.0697385E-02  1.7574098E-02  9.1008721E-03
  5.2652555E-03  3.2503114E-03  0.0000000E+00
  0.0000000E+00  0.1673225      5.2104607E-02  2.2674970E-02  1.1793276E-02
  6.7820675E-03  3.9850562E-03
  0.0000000E+00  0.2218182      7.0236616E-02  3.1058531E-02  1.6239105E-02
  8.9788297E-03
  0.0000000E+00  0.3145704      0.1022167      4.6326280E-02  2.3681195E-02
  0.0000000E+00  0.5051059      0.1684184      7.6239102E-02
  0.0000000E+00   1.000000      0.3287671    
  0.0000000E+00   2.764633    
   32.20424    
  9.9999998E+10
  0.0000000E+00  6.8146266E-02  2.0864293E-02  8.9421198E-03  4.6186936E-03
  2.6847867E-03  1.6924130E-03  1.1323817E-03
  0.0000000E+00  8.2831450E-02  2.5342198E-02  1.0862339E-02  5.6061791E-03
  3.2557687E-03  2.0512321E-03  1.3701604E-03
  0.0000000E+00  0.1002542      3.0680485E-02  1.3134534E-02  6.7735631E-03
  3.9303871E-03  2.4716465E-03  1.6474384E-03
  0.0000000E+00  0.1194955      3.6527179E-02  1.5635511E-02  8.0563156E-03
  4.6675792E-03  2.9292142E-03  0.0000000E+00
  0.0000000E+00  0.1382480      4.2256549E-02  1.8066093E-02  9.2960503E-03
  5.3734849E-03  3.3594058E-03  0.0000000E+00
  0.0000000E+00  0.1543606      4.7145095E-02  2.0140791E-02  1.0340244E-02
  5.9581539E-03  3.6996482E-03  0.0000000E+00
  0.0000000E+00  0.1708643      5.2150957E-02  2.2233086E-02  1.1390301E-02
  6.5193591E-03  3.9831838E-03  0.0000000E+00
  0.0000000E+00  0.1984748      6.0520146E-02  2.5772389E-02  1.3122801E-02
  7.4012517E-03  4.2667189E-03
  0.0000000E+00  0.2500978      7.6319911E-02  3.2401253E-02  1.6304264E-02
  8.7016039E-03
  0.0000000E+00  0.3455221      0.1055534      4.4544391E-02  2.1353150E-02
  0.0000000E+00  0.5344153      0.1630622      6.6445060E-02
  0.0000000E+00   1.000000      0.2899883    
  0.0000000E+00   2.583105    
   30.83692    
  1.0000000E+12
  0.0000000E+00  5.1191598E-02  1.5672546E-02  6.7173825E-03  3.4684259E-03
  2.0156186E-03  1.2707688E-03  8.5027603E-04
  0.0000000E+00  6.4817555E-02  1.9833041E-02  8.4960274E-03  4.3840040E-03
  2.5447691E-03  1.6036085E-03  1.0708227E-03
  0.0000000E+00  8.3465733E-02  2.5528476E-02  1.0929043E-02  5.6348457E-03
  3.2678067E-03  2.0546655E-03  1.3693281E-03
  0.0000000E+00  0.1093174      3.3405144E-02  1.4285715E-02  7.3596337E-03
  4.2614783E-03  2.6726809E-03  0.0000000E+00
  0.0000000E+00  0.1450115      4.4270907E-02  1.8917464E-02  9.7266724E-03
  5.6186887E-03  3.5101657E-03  0.0000000E+00
  0.0000000E+00  0.1924061      5.8691259E-02  2.5043759E-02  1.2843678E-02
  7.3892553E-03  4.5819306E-03  0.0000000E+00
  0.0000000E+00  0.2485526      7.5710244E-02  3.2220278E-02  1.6466945E-02
  9.4021810E-03  5.7317894E-03  0.0000000E+00
  0.0000000E+00  0.2997172      9.1100037E-02  3.8629327E-02  1.9590681E-02
  1.1001751E-02  6.3134511E-03
  0.0000000E+00  0.3382254      0.1024505      4.3153360E-02  2.1529553E-02
  1.1392217E-02
  0.0000000E+00  0.4042009      0.1216777      5.0464522E-02  2.3764642E-02
  0.0000000E+00  0.5702168      0.1692473      6.6460207E-02
  0.0000000E+00   1.000000      0.2800592    
  0.0000000E+00   2.488219    
   29.67551    
  9.9999998E+12
  0.0000000E+00  2.7539117E-02  8.4281648E-03  3.6130867E-03  1.8655761E-03
  1.0839261E-03  6.8357040E-04  4.5732572E-04
  0.0000000E+00  3.5199147E-02  1.0768136E-02  4.6130866E-03  2.3805120E-03
  1.3819345E-03  8.7055471E-04  5.8143667E-04
  0.0000000E+00  4.6038408E-02  1.4082503E-02  6.0270266E-03  3.1073969E-03
  1.8022759E-03  1.1330014E-03  7.5533427E-04
  0.0000000E+00  6.1899006E-02  1.8918918E-02  8.0938833E-03  4.1671405E-03
  2.4125176E-03  1.5135135E-03  0.0000000E+00
  0.0000000E+00  8.5988618E-02  2.6251778E-02  1.1216216E-02  5.7660029E-03
  3.3300142E-03  2.0803697E-03  0.0000000E+00
  0.0000000E+00  0.1238976      3.7795160E-02  1.6116643E-02  8.2645798E-03
  4.7546229E-03  2.9473684E-03  0.0000000E+00
  0.0000000E+00  0.1856330      5.6522045E-02  2.4046941E-02  1.2275960E-02
  7.0092459E-03  4.2702700E-03  0.0000000E+00
  0.0000000E+00  0.2859175      8.6842105E-02  3.6785204E-02  1.8641535E-02
  1.0455192E-02  5.9935986E-03
  0.0000000E+00  0.4315789      0.1305121      5.4871976E-02  2.7332859E-02
  1.4423897E-02
  0.0000000E+00  0.5716928      0.1716216      7.0917495E-02  3.3243243E-02
  0.0000000E+00  0.6781650      0.2001422      7.7880509E-02
  0.0000000E+00   1.000000      0.2778094    
  0.0000000E+00   2.312233    
   27.05548    
  1.0000000E+14
  0.0000000E+00  8.8340901E-03  2.7045454E-03  1.1588637E-03  5.9840910E-04
  3.4772727E-04  2.1922727E-04  1.4668182E-04
  0.0000000E+00  1.1311363E-02  3.4613635E-03  1.4825000E-03  7.6500000E-04
  4.4409090E-04  2.7977274E-04  1.8686363E-04
  0.0000000E+00  1.4845454E-02  4.5409091E-03  1.9436362E-03  1.0020455E-03
  5.8113638E-04  3.6545456E-04  2.4340909E-04
  0.0000000E+00  2.0079544E-02  6.1363634E-03  2.6250000E-03  1.3515909E-03
  7.8249996E-04  4.9090909E-04  0.0000000E+00
  0.0000000E+00  2.8181817E-02  8.6068176E-03  3.6772725E-03  1.8902272E-03
  1.0918181E-03  6.8204547E-04  0.0000000E+00
  0.0000000E+00  4.1477270E-02  1.2649999E-02  5.3954544E-03  2.7659091E-03
  1.5911363E-03  9.8636362E-04  0.0000000E+00
  0.0000000E+00  6.4772725E-02  1.9722728E-02  8.3886366E-03  4.2840908E-03
  2.4454545E-03  1.4895455E-03  0.0000000E+00
  0.0000000E+00  0.1090682      3.3113636E-02  1.4027272E-02  7.1090907E-03
  3.9863638E-03  2.2840907E-03
  0.0000000E+00  0.2004773      6.0613636E-02  2.5477273E-02  1.2684091E-02
  6.6909092E-03
  0.0000000E+00  0.3959091      0.1187727      4.9045455E-02  2.2954546E-02
  0.0000000E+00  0.7270455      0.2142500      8.3204545E-02
  0.0000000E+00   1.000000      0.2770455    
  0.0000000E+00   1.849318    
   20.29091    
