   100.0000    
  0.0000000E+00  1.5148064E-02  5.8359914E-03  3.1626425E-03  1.9772209E-03
  1.3394078E-03  9.5671980E-04  7.0979499E-04
  0.0000000E+00  1.8578589E-02  7.1753985E-03  3.8988611E-03  2.4446468E-03
  1.6605923E-03  1.1890661E-03  8.8428246E-04
  0.0000000E+00  2.3143509E-02  8.9612762E-03  4.8883827E-03  3.0756264E-03
  2.0965831E-03  1.5056948E-03  1.1225513E-03
  0.0000000E+00  2.9362187E-02  1.1403189E-02  6.2505696E-03  3.9503421E-03
  2.7038725E-03  1.9489750E-03  0.0000000E+00
  0.0000000E+00  3.8068339E-02  1.4847381E-02  8.1822323E-03  5.2027339E-03
  3.5790433E-03  2.5908884E-03  0.0000000E+00
  0.0000000E+00  5.0660595E-02  1.9867882E-02  1.1029613E-02  7.0660599E-03
  4.8929388E-03  3.5580867E-03  0.0000000E+00
  0.0000000E+00  6.9703877E-02  2.7512530E-02  1.5425968E-02  9.9772215E-03
  6.9658314E-03  5.0706151E-03  0.0000000E+00
  0.0000000E+00  9.9908888E-02  3.9831437E-02  2.2637814E-02  1.4838269E-02
  1.0441913E-02  7.3530753E-03
  0.0000000E+00  0.1512984      6.1184511E-02  3.5457861E-02  2.3640092E-02
  1.6328018E-02
  0.0000000E+00  0.2473349      0.1021868      6.1002281E-02  4.0747155E-02
  0.0000000E+00  0.4529385      0.1938497      0.1195444    
  0.0000000E+00   1.000000      0.4524829    
  0.0000000E+00   3.150342    
   24.11390    
   1000.000    
  0.0000000E+00  1.5165985E-02  5.8390177E-03  3.1623463E-03  1.9749887E-03
  1.3360617E-03  9.5270574E-04  7.0577534E-04
  0.0000000E+00  1.8599363E-02  7.1805366E-03  3.8985901E-03  2.4415643E-03
  1.6562074E-03  1.1841746E-03  8.7858120E-04
  0.0000000E+00  2.3169622E-02  8.9631649E-03  4.8885858E-03  3.0713959E-03
  2.0904955E-03  1.4984083E-03  1.1141427E-03
  0.0000000E+00  2.9390631E-02  1.1409732E-02  6.2482944E-03  3.9440654E-03
  2.6953160E-03  1.9386085E-03  0.0000000E+00
  0.0000000E+00  3.8103685E-02  1.4852205E-02  8.1764432E-03  5.1932698E-03
  3.5657117E-03  2.5748066E-03  0.0000000E+00
  0.0000000E+00  5.0704867E-02  1.9872669E-02  1.1023192E-02  7.0486581E-03
  4.8703956E-03  3.5297861E-03  0.0000000E+00
  0.0000000E+00  6.9758981E-02  2.7521599E-02  1.5411550E-02  9.9499766E-03
  6.9258753E-03  5.0159162E-03  0.0000000E+00
  0.0000000E+00  0.1000000      3.9836287E-02  2.2605728E-02  1.4779445E-02
  1.0350159E-02  7.2123692E-03
  0.0000000E+00  0.1514325      6.1164163E-02  3.5388812E-02  2.3497043E-02
  1.6070941E-02
  0.0000000E+00  0.2475216      0.1021373      6.0754888E-02  4.0236469E-02
  0.0000000E+00  0.4531605      0.1935425      0.1184175    
  0.0000000E+00   1.000000      0.4497954    
  0.0000000E+00   3.143247    
   24.09732    
   10000.00    
  0.0000000E+00  1.5208522E-02  5.8522210E-03  3.1627379E-03  1.9709882E-03
  1.3300091E-03  9.4560289E-04  6.9764280E-04
  0.0000000E+00  1.8644605E-02  7.1894834E-03  3.8975521E-03  2.4356302E-03
  1.6477789E-03  1.1740708E-03  8.6808699E-04
  0.0000000E+00  2.3218494E-02  8.9755217E-03  4.8821396E-03  3.0630098E-03
  2.0788759E-03  1.4850408E-03  1.0992747E-03
  0.0000000E+00  2.9446963E-02  1.1423390E-02  6.2420671E-03  3.9315503E-03
  2.6781505E-03  1.9184044E-03  0.0000000E+00
  0.0000000E+00  3.8173165E-02  1.4868541E-02  8.1686312E-03  5.1722573E-03
  3.5403445E-03  2.5435176E-03  0.0000000E+00
  0.0000000E+00  5.0815955E-02  1.9886672E-02  1.1006346E-02  7.0172255E-03
  4.8277425E-03  3.4773345E-03  0.0000000E+00
  0.0000000E+00  6.9854937E-02  2.7533997E-02  1.5385313E-02  9.8957391E-03
  6.8540345E-03  4.9138712E-03  0.0000000E+00
  0.0000000E+00  0.1001360      3.9841343E-02  2.2552131E-02  1.4673618E-02
  1.0194923E-02  6.9990936E-03
  0.0000000E+00  0.1516319      6.1151404E-02  3.5253853E-02  2.3241160E-02
  1.5661832E-02
  0.0000000E+00  0.2478241      0.1019946      6.0380779E-02  3.9406165E-02
  0.0000000E+00  0.4537625      0.1929737      0.1165911    
  0.0000000E+00   1.000000      0.4452402    
  0.0000000E+00   3.130553    
   24.19311    
   100000.0    
  0.0000000E+00  1.5371789E-02  5.8900402E-03  3.1667419E-03  1.9625956E-03
  1.3168093E-03  9.3059934E-04  6.8228930E-04
  0.0000000E+00  1.8792249E-02  7.2194678E-03  3.8977016E-03  2.4236140E-03
  1.6304641E-03  1.1545741E-03  8.4722845E-04
  0.0000000E+00  2.3357367E-02  9.0040555E-03  4.8805769E-03  3.0450651E-03
  2.0545290E-03  1.4578638E-03  1.0712033E-03
  0.0000000E+00  2.9585399E-02  1.1446598E-02  6.2325369E-03  3.9053627E-03
  2.6439838E-03  1.8801261E-03  0.0000000E+00
  0.0000000E+00  3.8319062E-02  1.4889590E-02  8.1478143E-03  5.1329425E-03
  3.4894096E-03  2.4862550E-03  0.0000000E+00
  0.0000000E+00  5.0968904E-02  1.9905362E-02  1.0973412E-02  6.9535826E-03
  4.7498872E-03  3.3844071E-03  0.0000000E+00
  0.0000000E+00  7.0076607E-02  2.7548445E-02  1.5322217E-02  9.7881928E-03
  6.7147361E-03  4.7498872E-03  0.0000000E+00
  0.0000000E+00  0.1004056      3.9837763E-02  2.2424515E-02  1.4470482E-02
  9.9188825E-03  6.6831904E-03
  0.0000000E+00  0.1520054      6.1108608E-02  3.4975212E-02  2.2776024E-02
  1.5033798E-02
  0.0000000E+00  0.2483551      0.1017575      5.9576385E-02  3.8089227E-02
  0.0000000E+00  0.4542587      0.1918432      0.1135647    
  0.0000000E+00   1.000000      0.4375845    
  0.0000000E+00   3.109509    
   25.30419    
   1000000.    
  0.0000000E+00  1.6367694E-02  6.1222669E-03  3.2164212E-03  1.9544845E-03
  1.2896028E-03  8.9781347E-04  6.5015617E-04
  0.0000000E+00  1.9634092E-02  7.4074073E-03  3.9290492E-03  2.4047301E-03
  1.5948237E-03  1.1146810E-03  8.0812140E-04
  0.0000000E+00  2.4060687E-02  9.1521638E-03  4.8906738E-03  3.0133869E-03
  2.0071396E-03  1.4065150E-03  1.0209727E-03
  0.0000000E+00  3.0178493E-02  1.1557341E-02  6.2249000E-03  3.8554217E-03
  2.5792057E-03  1.8112449E-03  0.0000000E+00
  0.0000000E+00  3.8830880E-02  1.4970995E-02  8.1169121E-03  5.0557787E-03
  3.3958056E-03  2.3873271E-03  0.0000000E+00
  0.0000000E+00  5.1450245E-02  1.9964302E-02  1.0905846E-02  6.8362337E-03
  4.6050870E-03  3.2329317E-03  0.0000000E+00
  0.0000000E+00  7.0548862E-02  2.7576974E-02  1.5194110E-02  9.5894691E-03
  6.4747878E-03  4.4979919E-03  0.0000000E+00
  0.0000000E+00  0.1009371      3.9812583E-02  2.2177599E-02  1.4100848E-02
  9.4779115E-03  6.2427488E-03
  0.0000000E+00  0.1526997      6.0954932E-02  3.4444444E-02  2.1999108E-02
  1.4149932E-02
  0.0000000E+00  0.2493530      0.1012494      5.8232933E-02  3.6162429E-02
  0.0000000E+00  0.4556002      0.1896921      0.1090138    
  0.0000000E+00   1.000000      0.4255689    
  0.0000000E+00   3.075859    
   29.58947    
  1.0000000E+07
  0.0000000E+00  2.0874340E-02  7.2056241E-03  3.4740774E-03  1.9771529E-03
  1.2434095E-03  8.3611603E-04  5.9007027E-04
  0.0000000E+00  2.3826890E-02  8.4050968E-03  4.1432339E-03  2.3985060E-03
  1.5268015E-03  1.0351493E-03  7.3418277E-04
  0.0000000E+00  2.7820738E-02  1.0017575E-02  5.0527239E-03  2.9723200E-03
  1.9134446E-03  1.3071178E-03  9.3058002E-04
  0.0000000E+00  3.3435851E-02  1.2267135E-02  6.3181021E-03  3.7737258E-03
  2.4534271E-03  1.6849736E-03  0.0000000E+00
  0.0000000E+00  4.1568540E-02  1.5509666E-02  8.1326887E-03  4.9209138E-03
  3.2249561E-03  2.2214411E-03  0.0000000E+00
  0.0000000E+00  5.3690687E-02  2.0333920E-02  1.0826010E-02  6.6212653E-03
  4.3624779E-03  3.0008787E-03  0.0000000E+00
  0.0000000E+00  7.2407730E-02  2.7785590E-02  1.4986820E-02  9.2442883E-03
  6.1028115E-03  4.1489457E-03  0.0000000E+00
  0.0000000E+00  0.1026362      3.9850615E-02  2.1748681E-02  1.3501758E-02
  8.8488571E-03  5.6898072E-03
  0.0000000E+00  0.1543937      6.0720563E-02  3.3545695E-02  2.0834798E-02
  1.2996485E-02
  0.0000000E+00  0.2513181      0.1003076      5.6063268E-02  3.3563267E-02
  0.0000000E+00  0.4578207      0.1862039      0.1026362    
  0.0000000E+00   1.000000      0.4083041    
  0.0000000E+00   3.029438    
   32.60984    
  1.0000000E+08
  0.0000000E+00  2.8625267E-02  9.0278368E-03  3.9850106E-03  2.1126338E-03
  1.2565310E-03  8.0856524E-04  5.5074948E-04
  0.0000000E+00  3.2792289E-02  1.0466809E-02  4.6766591E-03  2.5040684E-03
  1.5014989E-03  9.7216270E-04  6.6552463E-04
  0.0000000E+00  3.7773017E-02  1.2261242E-02  5.5674515E-03  3.0226980E-03
  1.8321199E-03  1.1961455E-03  8.2355458E-04
  0.0000000E+00  4.3940041E-02  1.4573875E-02  6.7665949E-03  3.7366168E-03
  2.2942184E-03  1.5117773E-03  0.0000000E+00
  0.0000000E+00  5.1991433E-02  1.7708778E-02  8.4411129E-03  4.7580302E-03
  2.9648822E-03  1.9708779E-03  0.0000000E+00
  0.0000000E+00  6.3468948E-02  2.2231262E-02  1.0920770E-02  6.2912204E-03
  3.9717341E-03  2.6531050E-03  0.0000000E+00
  0.0000000E+00  8.0985010E-02  2.9182011E-02  1.4770878E-02  8.6809415E-03
  5.5289078E-03  3.6663809E-03  0.0000000E+00
  0.0000000E+00  0.1097216      4.0582441E-02  2.1096360E-02  1.2573875E-02
  7.9785865E-03  5.0107064E-03
  0.0000000E+00  0.1600856      6.0599569E-02  3.2128479E-02  1.9186294E-02
  1.1580300E-02
  0.0000000E+00  0.2560599      9.8715201E-02  5.2890789E-02  3.0316915E-02
  0.0000000E+00  0.4620985      0.1806424      9.4346896E-02
  0.0000000E+00   1.000000      0.3849250    
  0.0000000E+00   2.965739    
   33.09208    
  1.0000000E+09
  0.0000000E+00  3.5608359E-02  1.0950430E-02  4.7152806E-03  2.4465383E-03
  1.4276935E-03  9.0372801E-04  6.0671859E-04
  0.0000000E+00  4.0634990E-02  1.2523556E-02  5.4035229E-03  2.8066365E-03
  1.6394921E-03  1.0385088E-03  6.9725525E-04
  0.0000000E+00  4.7234740E-02  1.4604670E-02  6.3211801E-03  3.2920935E-03
  1.9266695E-03  1.2216305E-03  8.2056539E-04
  0.0000000E+00  5.5878744E-02  1.7365834E-02  7.5542810E-03  3.9520692E-03
  2.3207702E-03  1.4743957E-03  0.0000000E+00
  0.0000000E+00  6.7144617E-02  2.1044655E-02  9.2380177E-03  4.8668580E-03
  2.8734128E-03  1.8308071E-03  0.0000000E+00
  0.0000000E+00  8.1892669E-02  2.6038511E-02  1.1593609E-02  6.1818929E-03
  3.6800494E-03  2.3523148E-03  0.0000000E+00
  0.0000000E+00  0.1019664      3.3129867E-02  1.5083983E-02  8.1810737E-03
  4.9201148E-03  3.1380581E-03  0.0000000E+00
  0.0000000E+00  0.1315445      4.3957394E-02  2.0643180E-02  1.1433839E-02
  6.9111022E-03  4.2195823E-03
  0.0000000E+00  0.1806227      6.2351499E-02  3.0311350E-02  1.7042197E-02
  9.9098738E-03
  0.0000000E+00  0.2729619      9.7378135E-02  4.8627611E-02  2.6472757E-02
  0.0000000E+00  0.4735764      0.1727980      8.4391646E-02
  0.0000000E+00   1.000000      0.3555920    
  0.0000000E+00   2.883245    
   33.07661    
  1.0000000E+10
  0.0000000E+00  5.0056033E-02  1.5326858E-02  6.5745236E-03  3.3974599E-03
  1.9757191E-03  1.2465445E-03  8.3488977E-04
  0.0000000E+00  5.6107584E-02  1.7187150E-02  7.3701902E-03  3.8064995E-03
  2.2136720E-03  1.3955921E-03  9.3313411E-04
  0.0000000E+00  6.2607393E-02  1.9174447E-02  8.2256254E-03  4.2472915E-03
  2.4676875E-03  1.5543519E-03  1.0373552E-03
  0.0000000E+00  7.0377290E-02  2.1565184E-02  9.2491591E-03  4.7777360E-03
  2.7732535E-03  1.7437430E-03  0.0000000E+00
  0.0000000E+00  8.1135601E-02  2.4886066E-02  1.0683601E-02  5.5173701E-03
  3.1994770E-03  2.0067238E-03  0.0000000E+00
  0.0000000E+00  9.7123645E-02  2.9839372E-02  1.2827792E-02  6.6268207E-03
  3.8401193E-03  2.3963391E-03  0.0000000E+00
  0.0000000E+00  0.1208442      3.7269332E-02  1.6077699E-02  8.3190138E-03
  4.8076203E-03  2.9648859E-03  0.0000000E+00
  0.0000000E+00  0.1562943      4.8561823E-02  2.1101980E-02  1.0956294E-02
  6.2868884E-03  3.6862157E-03
  0.0000000E+00  0.2113560      6.6604406E-02  2.9346284E-02  1.5278297E-02
  8.4124021E-03
  0.0000000E+00  0.3063130      9.8431081E-02  4.4191256E-02  2.2394471E-02
  0.0000000E+00  0.5013074      0.1636160      7.2730668E-02
  0.0000000E+00   1.000000      0.3182293    
  0.0000000E+00   2.749346    
   32.53642    
  9.9999998E+10
  0.0000000E+00  5.5349275E-02  1.6947767E-02  7.2655762E-03  3.7507869E-03
  2.1803020E-03  1.3747640E-03  9.2007552E-04
  0.0000000E+00  6.7054756E-02  2.0516049E-02  8.7916926E-03  4.5374450E-03
  2.6346759E-03  1.6595344E-03  1.1088735E-03
  0.0000000E+00  8.1088737E-02  2.4804911E-02  1.0623033E-02  5.4782885E-03
  3.1780996E-03  1.9987414E-03  1.3322844E-03
  0.0000000E+00  9.7199500E-02  2.9716803E-02  1.2715545E-02  6.5512904E-03
  3.7948396E-03  2.3813720E-03  0.0000000E+00
  0.0000000E+00  0.1142543      3.4927629E-02  1.4927628E-02  7.6809316E-03
  4.4398997E-03  2.7756451E-03  0.0000000E+00
  0.0000000E+00  0.1312775      4.0088106E-02  1.7120831E-02  8.7916926E-03
  5.0660791E-03  3.1444307E-03  0.0000000E+00
  0.0000000E+00  0.1506293      4.5972310E-02  1.9600378E-02  1.0034613E-02
  5.7426053E-03  3.5084959E-03  0.0000000E+00
  0.0000000E+00  0.1809314      5.5160481E-02  2.3480177E-02  1.1957206E-02
  6.7400886E-03  3.8829453E-03
  0.0000000E+00  0.2347703      7.1554437E-02  3.0361865E-02  1.5264317E-02
  8.1371935E-03
  0.0000000E+00  0.3322845      0.1012587      4.2668346E-02  2.0405916E-02
  0.0000000E+00  0.5248584      0.1592196      6.4568914E-02
  0.0000000E+00   1.000000      0.2855569    
  0.0000000E+00   2.592511    
   31.32473    
  1.0000000E+12
  0.0000000E+00  4.5857560E-02  1.4040698E-02  6.0174423E-03  3.1080428E-03
  1.8054749E-03  1.1383237E-03  7.6162792E-04
  0.0000000E+00  5.7412792E-02  1.7567830E-02  7.5242249E-03  3.8832366E-03
  2.2546027E-03  1.4200582E-03  9.4864343E-04
  0.0000000E+00  7.2989345E-02  2.2325583E-02  9.5566865E-03  4.9273260E-03
  2.8585272E-03  1.7969962E-03  1.1974323E-03
  0.0000000E+00  9.4282947E-02  2.8803296E-02  1.2325582E-02  6.3468996E-03
  3.6749032E-03  2.3052327E-03  0.0000000E+00
  0.0000000E+00  0.1233527      3.7669577E-02  1.6094962E-02  8.2751941E-03
  4.7795544E-03  2.9869187E-03  0.0000000E+00
  0.0000000E+00  0.1621124      4.9442831E-02  2.1094963E-02  1.0818799E-02
  6.2233526E-03  3.8590117E-03  0.0000000E+00
  0.0000000E+00  0.2098353      6.3905038E-02  2.7204458E-02  1.3895350E-02
  7.9360465E-03  4.8376941E-03  0.0000000E+00
  0.0000000E+00  0.2594477      7.8851752E-02  3.3430234E-02  1.6957365E-02
  9.5203491E-03  5.4626940E-03
  0.0000000E+00  0.3064438      9.2805237E-02  3.9074615E-02  1.9500971E-02
  1.0312500E-02
  0.0000000E+00  0.3825097      0.1150678      4.7722872E-02  2.2451552E-02
  0.0000000E+00  0.5571706      0.1652616      6.4801358E-02
  0.0000000E+00   1.000000      0.2788275    
  0.0000000E+00   2.519380    
   30.37791    
  9.9999998E+12
  0.0000000E+00  2.9072760E-02  8.9003183E-03  3.8148542E-03  1.9694448E-03
  1.1444563E-03  7.2152476E-04  4.8283167E-04
  0.0000000E+00  3.6666162E-02  1.1220693E-02  4.8071397E-03  2.4807141E-03
  1.4400242E-03  9.0697326E-04  6.0580845E-04
  0.0000000E+00  4.7209196E-02  1.4438058E-02  6.1806082E-03  3.1871125E-03
  1.8484344E-03  1.1620027E-03  7.7431556E-04
  0.0000000E+00  6.2259872E-02  1.9028893E-02  8.1394650E-03  4.1914992E-03
  2.4262592E-03  1.5217063E-03  0.0000000E+00
  0.0000000E+00  8.4465288E-02  2.5790349E-02  1.1018001E-02  5.6648012E-03
  3.2718198E-03  2.0435636E-03  0.0000000E+00
  0.0000000E+00  0.1183331      3.6091365E-02  1.5398578E-02  7.8929057E-03
  4.5409165E-03  2.8150054E-03  0.0000000E+00
  0.0000000E+00  0.1716835      5.2246258E-02  2.2235669E-02  1.1352292E-02
  6.4801089E-03  3.9479653E-03  0.0000000E+00
  0.0000000E+00  0.2560883      7.7749208E-02  3.2945093E-02  1.6699441E-02
  9.3631828E-03  5.3668129E-03
  0.0000000E+00  0.3805778      0.1150809      4.8373923E-02  2.4096202E-02
  1.2716684E-02
  0.0000000E+00  0.5195886      0.1559522      6.4453185E-02  3.0207232E-02
  0.0000000E+00  0.6523975      0.1925579      7.4905463E-02
  0.0000000E+00   1.000000      0.2775677    
  0.0000000E+00   2.361216    
   27.90803    
  1.0000000E+14
  0.0000000E+00  1.1930693E-02  3.6516089E-03  1.5649751E-03  8.0816832E-04
  4.6955445E-04  2.9603959E-04  1.9808167E-04
  0.0000000E+00  1.5068068E-02  4.6107676E-03  1.9752474E-03  1.0191831E-03
  5.9176981E-04  3.7264850E-04  2.4894802E-04
  0.0000000E+00  1.9449258E-02  5.9486385E-03  2.5464108E-03  1.3125000E-03
  7.6113862E-04  4.7871287E-04  3.1899751E-04
  0.0000000E+00  2.5767324E-02  7.8774756E-03  3.3681928E-03  1.7345296E-03
  1.0043316E-03  6.2995049E-04  0.0000000E+00
  0.0000000E+00  3.5235148E-02  1.0761138E-02  4.5965347E-03  2.3632427E-03
  1.3644801E-03  8.5272273E-04  0.0000000E+00
  0.0000000E+00  5.0142329E-02  1.5290841E-02  6.5222774E-03  3.3440592E-03
  1.9232674E-03  1.1924505E-03  0.0000000E+00
  0.0000000E+00  7.4999996E-02  2.2840347E-02  9.7153466E-03  4.9610147E-03
  2.8316830E-03  1.7246286E-03  0.0000000E+00
  0.0000000E+00  0.1195545      3.6299504E-02  1.5377476E-02  7.7908412E-03
  4.3694307E-03  2.5037129E-03
  0.0000000E+00  0.2055693      6.2128715E-02  2.6120048E-02  1.3001238E-02
  6.8564354E-03
  0.0000000E+00  0.3796411      0.1138614      4.7017328E-02  2.2011138E-02
  0.0000000E+00  0.6862624      0.2021658      7.8527227E-02
  0.0000000E+00   1.000000      0.2770421    
  0.0000000E+00   1.915223    
   21.29332    
