   100.0000    
  0.0000000E+00  1.4579614E-02  6.0805478E-03  3.5935228E-03  2.4413536E-03
  1.7857586E-03  1.3682790E-03  1.0828316E-03
  0.0000000E+00  1.7797384E-02  7.4569229E-03  4.4322191E-03  3.0288559E-03
  2.2275273E-03  1.7174589E-03  1.3666183E-03
  0.0000000E+00  2.2067677E-02  9.2962421E-03  5.5636284E-03  3.8301849E-03
  2.8378658E-03  2.2026156E-03  1.7654141E-03
  0.0000000E+00  2.7859662E-02  1.1818560E-02  7.1351463E-03  4.9553663E-03
  3.7056257E-03  2.9022214E-03  0.0000000E+00
  0.0000000E+00  3.5935227E-02  1.5380942E-02  9.3875853E-03  6.5974677E-03
  4.9927337E-03  3.9568194E-03  0.0000000E+00
  0.0000000E+00  4.7643762E-02  2.0610338E-02  1.2761055E-02  9.1031762E-03
  7.0002079E-03  5.6342124E-03  0.0000000E+00
  0.0000000E+00  6.5268837E-02  2.8648537E-02  1.8088022E-02  1.3178327E-02
  1.0357069E-02  8.4928377E-03  0.0000000E+00
  0.0000000E+00  9.3356863E-02  4.1831013E-02  2.7133070E-02  2.0379905E-02
  1.6506124E-02  1.3477268E-02
  0.0000000E+00  0.1414781      6.5289602E-02  4.4135354E-02  3.4710400E-02
  2.8710816E-02
  0.0000000E+00  0.2325099      0.1125182      8.1399210E-02  6.7801535E-02
  0.0000000E+00  0.4330496      0.2281503      0.1844094    
  0.0000000E+00   1.000000      0.6261159    
  0.0000000E+00   3.622586    
   26.19888    
   1000.000    
  0.0000000E+00  1.4614433E-02  6.0927831E-03  3.5958763E-03  2.4371133E-03
  1.7791751E-03  1.3591752E-03  1.0715463E-03
  0.0000000E+00  1.7835051E-02  7.4701030E-03  4.4329898E-03  3.0247420E-03
  2.2185568E-03  1.7049485E-03  1.3509277E-03
  0.0000000E+00  2.2103092E-02  9.3113398E-03  5.5649485E-03  3.8226803E-03
  2.8247421E-03  2.1855670E-03  1.7422680E-03
  0.0000000E+00  2.7917525E-02  1.1832990E-02  7.1340203E-03  4.9443301E-03
  3.6865978E-03  2.8742268E-03  0.0000000E+00
  0.0000000E+00  3.5999998E-02  1.5399999E-02  9.3855672E-03  6.5773195E-03
  4.9608247E-03  3.9113401E-03  0.0000000E+00
  0.0000000E+00  4.7711339E-02  2.0639176E-02  1.2752577E-02  9.0721650E-03
  6.9443299E-03  5.5505149E-03  0.0000000E+00
  0.0000000E+00  6.5381445E-02  2.8680412E-02  1.8065980E-02  1.3117526E-02
  1.0245360E-02  8.3072167E-03  0.0000000E+00
  0.0000000E+00  9.3505159E-02  4.1855671E-02  2.7072165E-02  2.0241236E-02
  1.6230928E-02  1.2987629E-02
  0.0000000E+00  0.1416701      6.5298967E-02  4.3979380E-02  3.4309279E-02
  2.7814431E-02
  0.0000000E+00  0.2329897      0.1124330      8.0824740E-02  6.6082478E-02
  0.0000000E+00  0.4336082      0.2274227      0.1808041    
  0.0000000E+00   1.000000      0.6175258    
  0.0000000E+00   3.597938    
   26.08248    
   10000.00    
  0.0000000E+00  1.4697371E-02  6.1198287E-03  3.6009783E-03  2.4332586E-03
  1.7664561E-03  1.3415529E-03  1.0501324E-03
  0.0000000E+00  1.7925413E-02  7.4974527E-03  4.4385572E-03  3.0140616E-03
  2.2009376E-03  1.6802527E-03  1.3209700E-03
  0.0000000E+00  2.2213167E-02  9.3417568E-03  5.5675567E-03  3.8088446E-03
  2.8000816E-03  2.1499898E-03  1.6985940E-03
  0.0000000E+00  2.8021194E-02  1.1866721E-02  7.1326676E-03  4.9215406E-03
  3.6478499E-03  2.8204606E-03  0.0000000E+00
  0.0000000E+00  3.6152437E-02  1.5437130E-02  9.3784388E-03  6.5416754E-03
  4.8970859E-03  3.8231099E-03  0.0000000E+00
  0.0000000E+00  4.7890771E-02  2.0664357E-02  1.2732831E-02  9.0075405E-03
  6.8371710E-03  5.3943344E-03  0.0000000E+00
  0.0000000E+00  6.5600164E-02  2.8734460E-02  1.8021194E-02  1.2993682E-02
  1.0036683E-02  7.9926634E-03  0.0000000E+00
  0.0000000E+00  9.3804769E-02  4.1899327E-02  2.6961483E-02  1.9971469E-02
  1.5750969E-02  1.2251886E-02
  0.0000000E+00  0.1421031      6.5294474E-02  4.3672305E-02  3.3564296E-02
  2.6452007E-02
  0.0000000E+00  0.2335439      0.1122682      7.9743229E-02  6.3358463E-02
  0.0000000E+00  0.4344814      0.2260037      0.1749745    
  0.0000000E+00   1.000000      0.6036274    
  0.0000000E+00   3.558182    
   26.10556    
   100000.0    
  0.0000000E+00  1.5001997E-02  6.2125446E-03  3.6296444E-03  2.4290851E-03
  1.7439073E-03  1.3080303E-03  1.0103876E-03
  0.0000000E+00  1.8206151E-02  7.5829001E-03  4.4566519E-03  3.0003993E-03
  2.1673990E-03  1.6334399E-03  1.2664802E-03
  0.0000000E+00  2.2473032E-02  9.4186971E-03  5.5773072E-03  3.7814621E-03
  2.7487017E-03  2.0834997E-03  1.6214541E-03
  0.0000000E+00  2.8306033E-02  1.1941670E-02  7.1294443E-03  4.8741507E-03
  3.5697164E-03  2.7227327E-03  0.0000000E+00
  0.0000000E+00  3.6436275E-02  1.5511386E-02  9.3587693E-03  6.4622452E-03
  4.7762683E-03  3.6675988E-03  0.0000000E+00
  0.0000000E+00  4.8242111E-02  2.0755092E-02  1.2684778E-02  8.8733518E-03
  6.6320417E-03  5.1318416E-03  0.0000000E+00
  0.0000000E+00  6.6040747E-02  2.8805433E-02  1.7914502E-02  1.2746703E-02
  9.6604070E-03  7.4970033E-03  0.0000000E+00
  0.0000000E+00  9.4386742E-02  4.1949660E-02  2.6727928E-02  1.9460646E-02
  1.4956052E-02  1.1220535E-02
  0.0000000E+00  0.1429085      6.5281659E-02  4.3068316E-02  3.2301240E-02
  2.4470635E-02
  0.0000000E+00  0.2347183      0.1118458      7.7766679E-02  5.9308831E-02
  0.0000000E+00  0.4360767      0.2233320      0.1660407    
  0.0000000E+00   1.000000      0.5817019    
  0.0000000E+00   3.497802    
   27.34718    
   1000000.    
  0.0000000E+00  1.6785920E-02  6.7917230E-03  3.8290466E-03  2.4714754E-03
  1.7161091E-03  1.2490813E-03  9.3947008E-04
  0.0000000E+00  1.9686714E-02  8.0506662E-03  4.6083927E-03  3.0129568E-03
  2.1156450E-03  1.5521175E-03  1.1740475E-03
  0.0000000E+00  2.3728486E-02  9.7930767E-03  5.6778183E-03  3.7574936E-03
  2.6629278E-03  1.9686713E-03  1.4958421E-03
  0.0000000E+00  2.9375361E-02  1.2241345E-02  7.1823630E-03  4.8056468E-03
  3.4364725E-03  2.5565655E-03  0.0000000E+00
  0.0000000E+00  3.7420228E-02  1.5753239E-02  9.3521560E-03  6.3275960E-03
  4.5658476E-03  3.4190677E-03  0.0000000E+00
  0.0000000E+00  4.9178109E-02  2.0943724E-02  1.2602977E-02  8.6308252E-03
  6.2889187E-03  4.7282921E-03  0.0000000E+00
  0.0000000E+00  6.7027651E-02  2.8949913E-02  1.7708372E-02  1.2307096E-02
  9.0582091E-03  6.7955907E-03  0.0000000E+00
  0.0000000E+00  9.5590793E-02  4.2042159E-02  2.6261844E-02  1.8592147E-02
  1.3776832E-02  9.9129761E-03
  0.0000000E+00  0.1444982      6.5151811E-02  4.1945461E-02  3.0322952E-02
  2.1871977E-02
  0.0000000E+00  0.2368981      0.1109843      7.4531034E-02  5.3819373E-02
  0.0000000E+00  0.4391800      0.2189132      0.1534906    
  0.0000000E+00   1.000000      0.5499903    
  0.0000000E+00   3.407465    
   31.17385    
  1.0000000E+07
  0.0000000E+00  2.5715858E-02  9.1629950E-03  4.5209252E-03  2.6266519E-03
  1.6844714E-03  1.1530836E-03  8.2709250E-04
  0.0000000E+00  2.7790014E-02  1.0264318E-02  5.2349484E-03  3.1204112E-03
  2.0374449E-03  1.4150146E-03  1.0253304E-03
  0.0000000E+00  3.0745227E-02  1.1758443E-02  6.2059471E-03  3.7958883E-03
  2.5275331E-03  1.7786344E-03  1.3004773E-03
  0.0000000E+00  3.5223935E-02  1.3889500E-02  7.5770924E-03  4.7522024E-03
  3.2213656E-03  2.2944200E-03  0.0000000E+00
  0.0000000E+00  4.2162262E-02  1.7046623E-02  9.5796622E-03  6.1472096E-03
  4.2345813E-03  3.0451543E-03  0.0000000E+00
  0.0000000E+00  5.3046990E-02  2.1879589E-02  1.2615639E-02  8.2599120E-03
  5.7672542E-03  4.1703377E-03  0.0000000E+00
  0.0000000E+00  7.0319384E-02  2.9552130E-02  1.7422907E-02  1.1613435E-02
  8.1901615E-03  5.9012482E-03  0.0000000E+00
  0.0000000E+00  9.8604985E-02  4.2290747E-02  2.5477240E-02  1.7266886E-02
  1.2209985E-02  8.3975773E-03
  0.0000000E+00  0.1476872      6.4886197E-02  4.0088106E-02  2.7533039E-02
  1.8777533E-02
  0.0000000E+00  0.2408223      0.1092695      6.9658592E-02  4.7044788E-02
  0.0000000E+00  0.4438326      0.2114538      0.1373532    
  0.0000000E+00   1.000000      0.5075257    
  0.0000000E+00   3.291116    
   32.89281    
  1.0000000E+08
  0.0000000E+00  3.9905388E-02  1.2600102E-02  5.5685085E-03  2.9565804E-03
  1.7621219E-03  1.1370163E-03  7.7665143E-04
  0.0000000E+00  4.4298023E-02  1.4181450E-02  6.3524246E-03  3.4127387E-03
  2.0544010E-03  1.3358676E-03  9.1856730E-04
  0.0000000E+00  4.9180605E-02  1.6075350E-02  7.3441463E-03  4.0108124E-03
  2.4480487E-03  1.6092245E-03  1.1158979E-03
  0.0000000E+00  5.4688290E-02  1.8415274E-02  8.6467313E-03  4.8302077E-03
  3.0005069E-03  2.0003379E-03  0.0000000E+00
  0.0000000E+00  6.1344821E-02  2.1473221E-02  1.0457847E-02  6.0111503E-03
  3.8148335E-03  2.5815172E-03  0.0000000E+00
  0.0000000E+00  7.0518672E-02  2.5848961E-02  1.3145801E-02  7.8053721E-03
  5.0650444E-03  3.4718702E-03  0.0000000E+00
  0.0000000E+00  8.5149512E-02  3.2691333E-02  1.7401589E-02  1.0672411E-02
  7.0603141E-03  4.8471023E-03  0.0000000E+00
  0.0000000E+00  0.1105930      4.4230446E-02  2.4581853E-02  1.5497549E-02
  1.0332826E-02  6.7916876E-03
  0.0000000E+00  0.1574252      6.5213718E-02  3.7557017E-02  2.4075011E-02
  1.5473898E-02
  0.0000000E+00  0.2493664      0.1068255      6.3270822E-02  3.9601285E-02
  0.0000000E+00  0.4519344      0.2008785      0.1188714    
  0.0000000E+00   1.000000      0.4570028    
  0.0000000E+00   3.150870    
   32.89407    
  1.0000000E+09
  0.0000000E+00  5.4528054E-02  1.6772199E-02  7.2242673E-03  3.7476071E-03
  2.1881901E-03  1.3853629E-03  9.3079079E-04
  0.0000000E+00  5.9343249E-02  1.8288912E-02  7.8927996E-03  4.1010161E-03
  2.3972907E-03  1.5196584E-03  1.0209101E-03
  0.0000000E+00  6.6058017E-02  2.0424092E-02  8.8455314E-03  4.6090418E-03
  2.7006334E-03  1.7140333E-03  1.1524076E-03
  0.0000000E+00  7.5055219E-02  2.3339715E-02  1.0164925E-02  5.3232224E-03
  3.1306141E-03  1.9923428E-03  0.0000000E+00
  0.0000000E+00  8.6688273E-02  2.7227214E-02  1.1974672E-02  6.3245473E-03
  3.7446623E-03  2.3928729E-03  0.0000000E+00
  0.0000000E+00  0.1015020      3.2439996E-02  1.4504492E-02  7.7691060E-03
  4.6502724E-03  2.9907231E-03  0.0000000E+00
  0.0000000E+00  0.1206008      3.9640702E-02  1.8230010E-02  9.9852756E-03
  6.0683261E-03  3.9140037E-03  0.0000000E+00
  0.0000000E+00  0.1472390      5.0508026E-02  2.4193788E-02  1.3665145E-02
  8.4229130E-03  5.2510677E-03
  0.0000000E+00  0.1909881      6.9076717E-02  3.4840230E-02  2.0262111E-02
  1.2177883E-02
  0.0000000E+00  0.2762480      0.1055220      5.5809159E-02  3.2027684E-02
  0.0000000E+00  0.4704756      0.1877485      9.9514060E-02
  0.0000000E+00   1.000000      0.4011191    
  0.0000000E+00   2.992196    
   32.64615    
  1.0000000E+10
  0.0000000E+00  9.0505749E-02  2.7724138E-02  1.1896553E-02  6.1459774E-03
  3.5747127E-03  2.2551725E-03  1.5103449E-03
  0.0000000E+00  9.6655175E-02  2.9609194E-02  1.2701150E-02  6.5620691E-03
  3.8149427E-03  2.4057473E-03  1.6091955E-03
  0.0000000E+00  0.1010115      3.0954024E-02  1.3275862E-02  6.8574711E-03
  3.9850576E-03  2.5103448E-03  1.6758621E-03
  0.0000000E+00  0.1055862      3.2367818E-02  1.3885058E-02  7.1724141E-03
  4.1655172E-03  2.6206898E-03  0.0000000E+00
  0.0000000E+00  0.1135517      3.4839083E-02  1.4954023E-02  7.7275862E-03
  4.4850577E-03  2.8149427E-03  0.0000000E+00
  0.0000000E+00  0.1277012      3.9264370E-02  1.6885057E-02  8.7321838E-03
  5.0643678E-03  3.1643680E-03  0.0000000E+00
  0.0000000E+00  0.1504598      4.6459772E-02  2.0068966E-02  1.0398851E-02
  6.0218396E-03  3.7218393E-03  0.0000000E+00
  0.0000000E+00  0.1850575      5.7701152E-02  2.5137931E-02  1.3091954E-02
  7.5448276E-03  4.4448273E-03
  0.0000000E+00  0.2383908      7.5724140E-02  3.3586208E-02  1.7620690E-02
  9.7885057E-03
  0.0000000E+00  0.3279310      0.1076092      4.9149424E-02  2.5356323E-02
  0.0000000E+00  0.5120690      0.1744828      8.0459774E-02
  0.0000000E+00   1.000000      0.3410345    
  0.0000000E+00   2.781609    
   31.81609    
  9.9999998E+10
  0.0000000E+00  9.3519211E-02  2.8628485E-02  1.2275809E-02  6.3376036E-03
  3.6834965E-03  2.3225320E-03  1.5546345E-03
  0.0000000E+00  0.1152977      3.5290126E-02  1.5116804E-02  7.8070839E-03
  4.5320271E-03  2.8545591E-03  1.9073096E-03
  0.0000000E+00  0.1405426      4.2991709E-02  1.8409947E-02  9.4951009E-03
  5.5079125E-03  3.4649584E-03  2.3097212E-03
  0.0000000E+00  0.1662396      5.0821401E-02  2.1748304E-02  1.1205726E-02
  6.4928406E-03  4.0746043E-03  0.0000000E+00
  0.0000000E+00  0.1865863      5.7015821E-02  2.4378296E-02  1.2547098E-02
  7.2532021E-03  4.5350413E-03  0.0000000E+00
  0.0000000E+00  0.1975132      6.0316503E-02  2.5764883E-02  1.3232856E-02
  7.6262243E-03  4.7354936E-03  0.0000000E+00
  0.0000000E+00  0.2056518      6.2780708E-02  2.6782215E-02  1.3715146E-02
  7.8522982E-03  4.8018084E-03  0.0000000E+00
  0.0000000E+00  0.2262999      6.9050491E-02  2.9412206E-02  1.4988696E-02
  8.4551610E-03  4.8794271E-03
  0.0000000E+00  0.2731726      8.3345897E-02  3.5425771E-02  1.7844761E-02
  9.5327804E-03
  0.0000000E+00  0.3643557      0.1114544      4.7106251E-02  2.2622457E-02
  0.0000000E+00  0.5472494      0.1677468      6.8643555E-02
  0.0000000E+00   1.000000      0.2941221    
  0.0000000E+00   2.561417    
   30.21100    
  1.0000000E+12
  0.0000000E+00  5.5674601E-02  1.7035713E-02  7.3015867E-03  3.7702380E-03
  2.1908730E-03  1.3813492E-03  9.2420634E-04
  0.0000000E+00  7.2817452E-02  2.2285713E-02  9.5476191E-03  4.9246028E-03
  2.8603175E-03  1.8015872E-03  1.2035714E-03
  0.0000000E+00  9.7341269E-02  2.9773809E-02  1.2746031E-02  6.5714284E-03
  3.8119047E-03  2.3968252E-03  1.5972222E-03
  0.0000000E+00  0.1327381      4.0555552E-02  1.7353175E-02  8.9365076E-03
  5.1746033E-03  3.2460317E-03  0.0000000E+00
  0.0000000E+00  0.1830159      5.5912700E-02  2.3884919E-02  1.2281747E-02
  7.0952377E-03  4.4325399E-03  0.0000000E+00
  0.0000000E+00  0.2497619      7.6190479E-02  3.2507937E-02  1.6674604E-02
  9.5952377E-03  5.9484127E-03  0.0000000E+00
  0.0000000E+00  0.3217460      9.8015867E-02  4.1706346E-02  2.1317460E-02
  1.2174604E-02  7.4206344E-03  0.0000000E+00
  0.0000000E+00  0.3684127      0.1119841      4.7499999E-02  2.4095237E-02
  1.3531745E-02  7.7658729E-03
  0.0000000E+00  0.3856349      0.1168254      4.9206346E-02  2.4567461E-02
  1.3003968E-02
  0.0000000E+00  0.4341270      0.1307540      5.4246031E-02  2.5559522E-02
  0.0000000E+00  0.5873016      0.1745238      6.8571426E-02
  0.0000000E+00   1.000000      0.2811111    
  0.0000000E+00   2.447619    
   28.89682    
  9.9999998E+12
  0.0000000E+00  2.0564744E-02  6.2934961E-03  2.6968054E-03  1.3926126E-03
  8.0918416E-04  5.1026809E-04  3.4141471E-04
  0.0000000E+00  2.7296063E-02  8.3528236E-03  3.5781516E-03  1.8468339E-03
  1.0720193E-03  6.7512831E-04  4.5094124E-04
  0.0000000E+00  3.7393037E-02  1.1434683E-02  4.8958925E-03  2.5242441E-03
  1.4632059E-03  9.2027948E-04  6.1337702E-04
  0.0000000E+00  5.3137474E-02  1.6243581E-02  6.9466629E-03  3.5767255E-03
  2.0707357E-03  1.2992013E-03  0.0000000E+00
  0.0000000E+00  7.8864805E-02  2.4087276E-02  1.0288076E-02  5.2895034E-03
  3.0547630E-03  1.9081574E-03  0.0000000E+00
  0.0000000E+00  0.1228180      3.7450083E-02  1.5972618E-02  8.1930971E-03
  4.7133486E-03  2.9221333E-03  0.0000000E+00
  0.0000000E+00  0.2002282      6.0952649E-02  2.5926981E-02  1.3244438E-02
  7.5613232E-03  4.6063890E-03  0.0000000E+00
  0.0000000E+00  0.3327153      0.1010268      4.2812318E-02  2.1691386E-02
  1.2173416E-02  6.9780373E-03
  0.0000000E+00  0.5154021      0.1558756      6.5559044E-02  3.2658298E-02
  1.7241871E-02
  0.0000000E+00  0.6409013      0.1923845      7.9549342E-02  3.7307471E-02
  0.0000000E+00  0.7075014      0.2089276      8.1346259E-02
  0.0000000E+00   1.000000      0.2780947    
  0.0000000E+00   2.257558    
   26.12664    
  1.0000000E+14
  0.0000000E+00  3.9504492E-03  1.2090934E-03  5.1810511E-04  2.6757419E-04
  1.5548598E-04  9.8039745E-05  6.5586712E-05
  0.0000000E+00  5.2627278E-03  1.6104002E-03  6.8989926E-04  3.5583993E-04
  2.0669751E-04  1.3016608E-04  8.6958891E-05
  0.0000000E+00  7.2529269E-03  2.2178057E-03  9.4936014E-04  4.8951810E-04
  2.8396407E-04  1.7849170E-04  1.1894909E-04
  0.0000000E+00  1.0413830E-02  3.1826843E-03  1.3612851E-03  7.0106180E-04
  4.0593519E-04  2.5458753E-04  0.0000000E+00
  0.0000000E+00  1.5750067E-02  4.8107812E-03  2.0547237E-03  1.0563572E-03
  6.1012799E-04  3.8115980E-04  0.0000000E+00
  0.0000000E+00  2.5428806E-02  7.7538798E-03  3.3079227E-03  1.6958889E-03
  9.7549689E-04  6.0468278E-04  0.0000000E+00
  0.0000000E+00  4.4541247E-02  1.3561121E-02  5.7691257E-03  2.9458210E-03
  1.6817315E-03  1.0245031E-03  0.0000000E+00
  0.0000000E+00  8.6142115E-02  2.6153009E-02  1.1078138E-02  5.6139394E-03
  3.1500137E-03  1.8047917E-03
  0.0000000E+00  0.1846991      5.5839915E-02  2.3473999E-02  1.1687993E-02
  6.1666211E-03
  0.0000000E+00  0.4157364      0.1246937      5.1511027E-02  2.4121970E-02
  0.0000000E+00  0.7696706      0.2268990      8.8156827E-02
  0.0000000E+00   1.000000      0.2771576    
  0.0000000E+00   1.789545    
   19.32208    
