   100.0000    
  0.0000000E+00  1.3705682E-02  6.0611949E-03  3.8824673E-03  2.9038368E-03
  2.3642546E-03  2.0325400E-03  1.8154444E-03
  0.0000000E+00  1.6576007E-02  7.3870812E-03  4.7833901E-03  3.6197184E-03
  2.9849440E-03  2.6032054E-03  2.3637689E-03
  0.0000000E+00  2.0364253E-02  9.1646435E-03  6.0077705E-03  4.6129189E-03
  3.8659542E-03  3.4346769E-03  3.1860129E-03
  0.0000000E+00  2.5492959E-02  1.1607577E-02  7.7319085E-03  6.0417680E-03
  5.1724133E-03  4.7095679E-03  0.0000000E+00
  0.0000000E+00  3.2646917E-02  1.5084993E-02  1.0242836E-02  8.1981542E-03
  7.2170957E-03  6.8042735E-03  0.0000000E+00
  0.0000000E+00  4.2982027E-02  2.0233123E-02  1.4099077E-02  1.1651287E-02
  1.0684798E-02  1.0602234E-02  0.0000000E+00
  0.0000000E+00  5.8620688E-02  2.8275862E-02  2.0422535E-02  1.7683342E-02
  1.7255949E-02  1.8513842E-02  0.0000000E+00
  0.0000000E+00  8.3632827E-02  4.1772705E-02  3.1806704E-02  2.9655172E-02
  3.2010686E-02  3.7994172E-02
  0.0000000E+00  0.1269063      6.6828556E-02  5.5463817E-02  5.8814958E-02
  7.4162215E-02
  0.0000000E+00  0.2103934      0.1212239      0.1181642      0.1576008    
  0.0000000E+00  0.4016513      0.2779990      0.3775619    
  0.0000000E+00   1.000000       1.093735    
  0.0000000E+00   4.939291    
   32.78776    
   1000.000    
  0.0000000E+00  1.3774532E-02  6.0976725E-03  3.9036970E-03  2.9132818E-03
  2.3610224E-03  2.0150617E-03  1.7813784E-03
  0.0000000E+00  1.6654497E-02  7.4303970E-03  4.8060250E-03  3.6284805E-03
  2.9776357E-03  2.5755363E-03  2.3099042E-03
  0.0000000E+00  2.0460976E-02  9.2149703E-03  6.0383389E-03  4.6188957E-03
  3.8502968E-03  3.3879508E-03  3.0958469E-03
  0.0000000E+00  2.5609311E-02  1.1670470E-02  7.7635781E-03  6.0474668E-03
  5.1392056E-03  4.6234597E-03  0.0000000E+00
  0.0000000E+00  3.2784119E-02  1.5162027E-02  1.0282977E-02  8.1926063E-03
  7.1519855E-03  6.6362391E-03  0.0000000E+00
  0.0000000E+00  4.3158375E-02  2.0333180E-02  1.4144226E-02  1.1620265E-02
  1.0529439E-02  1.0205386E-02  0.0000000E+00
  0.0000000E+00  5.8831584E-02  2.8407121E-02  2.0465540E-02  1.7576450E-02
  1.6827933E-02  1.7375628E-02  0.0000000E+00
  0.0000000E+00  8.3979920E-02  4.1948881E-02  3.1807393E-02  2.9251484E-02
  3.0520311E-02  3.3884071E-02
  0.0000000E+00  0.1274304      6.7047015E-02  5.5180285E-02  5.6914650E-02
  6.7092650E-02
  0.0000000E+00  0.2112734      0.1213601      0.1159288      0.1446828    
  0.0000000E+00  0.4031036      0.2758101      0.3520311    
  0.0000000E+00   1.000000       1.036513    
  0.0000000E+00   4.774076    
   31.97627    
   10000.00    
  0.0000000E+00  1.3955500E-02  6.1804699E-03  3.9456119E-03  2.9258344E-03
  2.3465184E-03  1.9728059E-03  1.7099300E-03
  0.0000000E+00  1.6847961E-02  7.5195716E-03  4.8496085E-03  3.6357644E-03
  2.9493202E-03  2.5092708E-03  2.2010715E-03
  0.0000000E+00  2.0675732E-02  9.3160281E-03  6.0815825E-03  4.6188710E-03
  3.8001649E-03  3.2810054E-03  2.9217140E-03
  0.0000000E+00  2.5863206E-02  1.1788216E-02  7.8121135E-03  6.0321386E-03
  5.0515039E-03  4.4416976E-03  0.0000000E+00
  0.0000000E+00  3.3094354E-02  1.5298722E-02  1.0329625E-02  8.1458595E-03
  6.9839307E-03  6.2999590E-03  0.0000000E+00
  0.0000000E+00  4.3551710E-02  2.0506797E-02  1.4186238E-02  1.1508035E-02
  1.0185414E-02  9.5055625E-03  0.0000000E+00
  0.0000000E+00  5.9373710E-02  2.8632056E-02  2.0477958E-02  1.7284714E-02
  1.6011538E-02  1.5636589E-02  0.0000000E+00
  0.0000000E+00  8.4672436E-02  4.2233210E-02  3.1689327E-02  2.8393077E-02
  2.8117016E-02  2.8574372E-02
  0.0000000E+00  0.1285126      6.7367122E-02  5.4511745E-02  5.3687681E-02
  5.7684384E-02
  0.0000000E+00  0.2129790      0.1213432      0.1118665      0.1271529    
  0.0000000E+00  0.4058508      0.2714462      0.3166049    
  0.0000000E+00   1.000000      0.9550886    
  0.0000000E+00   4.544705    
   31.21961    
   100000.0    
  0.0000000E+00  1.4618347E-02  6.4670867E-03  4.0966389E-03  2.9852942E-03
  2.3350841E-03  1.9026611E-03  1.5910364E-03
  0.0000000E+00  1.7468488E-02  7.7801123E-03  4.9719890E-03  3.6659664E-03
  2.8991597E-03  2.3893558E-03  2.0192578E-03
  0.0000000E+00  2.1288516E-02  9.5658274E-03  6.1834734E-03  4.6113445E-03
  3.6974791E-03  3.0854342E-03  2.6390057E-03
  0.0000000E+00  2.6502103E-02  1.2041316E-02  7.8921570E-03  5.9768907E-03
  4.8634456E-03  4.1211485E-03  0.0000000E+00
  0.0000000E+00  3.3813026E-02  1.5574231E-02  1.0388656E-02  8.0147060E-03
  6.6491598E-03  5.7387957E-03  0.0000000E+00
  0.0000000E+00  4.4432774E-02  2.0815827E-02  1.4198179E-02  1.1225491E-02
  9.5483195E-03  8.4418776E-03  0.0000000E+00
  0.0000000E+00  6.0469188E-02  2.8995100E-02  2.0381654E-02  1.6656162E-02
  1.4660365E-02  1.3329833E-02  0.0000000E+00
  0.0000000E+00  8.6204484E-02  4.2647060E-02  3.1285014E-02  2.6820730E-02
  2.4712887E-02  2.2682074E-02
  0.0000000E+00  0.1306723      6.7752108E-02  5.3011205E-02  4.8774511E-02
  4.6918768E-02
  0.0000000E+00  0.2163515      0.1209034      0.1051821      0.1063025    
  0.0000000E+00  0.4110644      0.2637955      0.2731093    
  0.0000000E+00   1.000000      0.8532914    
  0.0000000E+00   4.254202    
   32.23389    
   1000000.    
  0.0000000E+00  1.8767310E-02  8.1944065E-03  4.8818896E-03  3.3016561E-03
  2.3950583E-03  1.8178116E-03  1.4241107E-03
  0.0000000E+00  2.0727666E-02  9.1691548E-03  5.6122723E-03  3.8935649E-03
  2.8835190E-03  2.2283464E-03  1.7708390E-03
  0.0000000E+00  2.3920715E-02  1.0665218E-02  6.6684769E-03  4.7298400E-03
  3.5786042E-03  2.8102093E-03  2.2644585E-03
  0.0000000E+00  2.8726581E-02  1.2921532E-02  8.2269888E-03  5.9571001E-03
  4.5913658E-03  3.6654901E-03  0.0000000E+00
  0.0000000E+00  3.5840347E-02  1.6304642E-02  1.0567472E-02  7.8034210E-03
  6.1308714E-03  4.9769212E-03  0.0000000E+00
  0.0000000E+00  4.6456695E-02  2.1458050E-02  1.4194950E-02  1.0714092E-02
  8.5935378E-03  7.0947595E-03  0.0000000E+00
  0.0000000E+00  6.2720612E-02  2.9595438E-02  2.0089600E-02  1.5574260E-02
  1.2793917E-02  1.0716807E-02  0.0000000E+00
  0.0000000E+00  8.8976376E-02  4.3171328E-02  3.0382840E-02  2.4390442E-02
  2.0594625E-02  1.7013304E-02
  0.0000000E+00  0.1344556      6.7960903E-02  5.0285093E-02  4.2383928E-02
  3.6111865E-02
  0.0000000E+00  0.2218843      0.1194407      9.5628567E-02  8.4550641E-02
  0.0000000E+00  0.4186804      0.2517242      0.2257942    
  0.0000000E+00   1.000000      0.7387999    
  0.0000000E+00   3.931577    
   34.10263    
  1.0000000E+07
  0.0000000E+00  3.8941957E-02  1.3723366E-02  6.6844234E-03  3.8574578E-03
  2.4687729E-03  1.6937914E-03  1.2217121E-03
  0.0000000E+00  3.9125644E-02  1.4478325E-02  7.3438650E-03  4.3736221E-03
  2.8692139E-03  2.0095517E-03  1.4722631E-03
  0.0000000E+00  3.9695080E-02  1.5521675E-02  8.2512861E-03  5.0936812E-03
  3.4349742E-03  2.4577519E-03  1.8310067E-03
  0.0000000E+00  4.1476857E-02  1.7121602E-02  9.5683327E-03  6.1351950E-03
  4.2597358E-03  3.1135196E-03  0.0000000E+00
  0.0000000E+00  4.5738429E-02  1.9709773E-02  1.1557679E-02  7.6965471E-03
  5.4977960E-03  4.1036005E-03  0.0000000E+00
  0.0000000E+00  5.4169729E-02  2.4026452E-02  1.4698751E-02  1.0143278E-02
  7.4448935E-03  5.6576049E-03  0.0000000E+00
  0.0000000E+00  6.9158711E-02  3.1373993E-02  1.9893462E-02  1.4188098E-02
  1.0670464E-02  8.1906682E-03  0.0000000E+00
  0.0000000E+00  9.5022045E-02  4.4232186E-02  2.9022779E-02  2.1344600E-02
  1.6359296E-02  1.2222631E-02
  0.0000000E+00  0.1411095      6.7964733E-02  4.6418075E-02  3.5231449E-02
  2.6653197E-02
  0.0000000E+00  0.2303454      0.1165320      8.3945625E-02  6.4548127E-02
  0.0000000E+00  0.4296474      0.2353049      0.1800514    
  0.0000000E+00   1.000000      0.6232550    
  0.0000000E+00   3.605805    
   33.78031    
  1.0000000E+08
  0.0000000E+00  6.2549360E-02  1.9641593E-02  8.6372383E-03  4.5692008E-03
  2.7164118E-03  1.7495191E-03  1.1946948E-03
  0.0000000E+00  6.6538423E-02  2.1140022E-02  9.3986029E-03  5.0217677E-03
  3.0120483E-03  1.9550470E-03  1.3435254E-03
  0.0000000E+00  7.0952713E-02  2.2952314E-02  1.0377645E-02  5.6302524E-03
  3.4210791E-03  2.2456213E-03  1.5571530E-03
  0.0000000E+00  7.5610004E-02  2.5149336E-02  1.1673586E-02  6.4716008E-03
  4.0052645E-03  2.6688266E-03  0.0000000E+00
  0.0000000E+00  8.0560900E-02  2.7953831E-02  1.3465627E-02  7.6966691E-03
  4.8820493E-03  3.3157840E-03  0.0000000E+00
  0.0000000E+00  8.6676121E-02  3.1872027E-02  1.6138503E-02  9.5929941E-03
  6.2660729E-03  4.3424116E-03  0.0000000E+00
  0.0000000E+00  9.6739896E-02  3.8058113E-02  2.0461679E-02  1.2716412E-02
  8.5602924E-03  6.0119471E-03  0.0000000E+00
  0.0000000E+00  0.1167358      4.8931863E-02  2.7994331E-02  1.8173534E-02
  1.2513922E-02  8.5430807E-03
  0.0000000E+00  0.1583477      6.9687150E-02  4.2178802E-02  2.8348690E-02
  1.9165738E-02
  0.0000000E+00  0.2456211      0.1129898      7.1691811E-02  4.8061155E-02
  0.0000000E+00  0.4444669      0.2158550      0.1402248    
  0.0000000E+00   1.000000      0.5172623    
  0.0000000E+00   3.311734    
   33.00597    
  1.0000000E+09
  0.0000000E+00  9.2848286E-02  2.8577928E-02  1.2315007E-02  6.3952049E-03
  3.7346010E-03  2.3666804E-03  1.5911534E-03
  0.0000000E+00  9.3840428E-02  2.8933445E-02  1.2492766E-02  6.4944196E-03
  3.7986771E-03  2.4096735E-03  1.6209178E-03
  0.0000000E+00  9.7726338E-02  3.0210834E-02  1.3083920E-02  6.8210005E-03
  3.9979331E-03  2.5398924E-03  1.7097975E-03
  0.0000000E+00  0.1045887      3.2501034E-02  1.4146342E-02  7.4080206E-03
  4.3571726E-03  2.7755273E-03  0.0000000E+00
  0.0000000E+00  0.1147582      3.5961144E-02  1.5783383E-02  8.3257547E-03
  4.9276561E-03  3.1529558E-03  0.0000000E+00
  0.0000000E+00  0.1285242      4.0884662E-02  1.8205870E-02  9.7271595E-03
  5.8164531E-03  3.7428690E-03  0.0000000E+00
  0.0000000E+00  0.1466722      4.7912359E-02  2.1868540E-02  1.1930550E-02
  7.2467965E-03  4.6796198E-03  0.0000000E+00
  0.0000000E+00  0.1714758      5.8495246E-02  2.7809015E-02  1.5659364E-02
  9.6692853E-03  6.0686236E-03
  0.0000000E+00  0.2105829      7.6560564E-02  3.8565524E-02  2.2521704E-02
  1.3699876E-02
  0.0000000E+00  0.2878875      0.1126085      6.0396861E-02  3.5369989E-02
  0.0000000E+00  0.4729227      0.1967342      0.1081439    
  0.0000000E+00   1.000000      0.4257958    
  0.0000000E+00   3.047954    
   32.40595    
  1.0000000E+10
  0.0000000E+00  0.1861895      5.7097375E-02  2.4514215E-02  1.2679767E-02
  7.3806122E-03  4.6613240E-03  3.1243823E-03
  0.0000000E+00  0.1772972      5.4363813E-02  2.3339553E-02  1.2075969E-02
  7.0260181E-03  4.4351737E-03  2.9695902E-03
  0.0000000E+00  0.1663190      5.1004499E-02  2.1912394E-02  1.1329453E-02
  6.5934788E-03  4.1585243E-03  2.7807662E-03
  0.0000000E+00  0.1586343      4.8688110E-02  2.0924360E-02  1.0826655E-02
  6.2981662E-03  3.9686025E-03  0.0000000E+00
  0.0000000E+00  0.1575365      4.8424631E-02  2.0836534E-02  1.0784937E-02
  6.2729167E-03  3.9455486E-03  0.0000000E+00
  0.0000000E+00  0.1648919      5.0795913E-02  2.1901416E-02  1.1351410E-02
  6.6022612E-03  4.1376660E-03  0.0000000E+00
  0.0000000E+00  0.1824569      5.6471620E-02  2.4448346E-02  1.2701723E-02
  7.3806122E-03  4.5767920E-03  0.0000000E+00
  0.0000000E+00  0.2131957      6.6582501E-02  2.9070150E-02  1.5182786E-02
  8.7704472E-03  5.1849820E-03
  0.0000000E+00  0.2636952      8.3796240E-02  3.7172027E-02  1.9519156E-02
  1.0863980E-02
  0.0000000E+00  0.3505324      0.1149413      5.2343834E-02  2.6984300E-02
  0.0000000E+00  0.5278296      0.1804808      8.3181471E-02
  0.0000000E+00   1.000000      0.3462510    
  0.0000000E+00   2.763201    
   31.17795    
  9.9999998E+10
  0.0000000E+00  0.1545797      4.7356155E-02  2.0308299E-02  1.0492920E-02
  6.1014523E-03  3.8501523E-03  2.5775230E-03
  0.0000000E+00  0.2059509      6.3093744E-02  2.7065784E-02  1.3975623E-02
  8.1233196E-03  5.1209894E-03  3.4253448E-03
  0.0000000E+00  0.2541674      7.7827565E-02  3.3357233E-02  1.7225310E-02
  1.0003584E-02  6.2986203E-03  4.2050546E-03
  0.0000000E+00  0.2832049      8.6718045E-02  3.7157197E-02  1.9179063E-02
  1.1127442E-02  6.9940854E-03  0.0000000E+00
  0.0000000E+00  0.2864313      8.7721817E-02  3.7587382E-02  1.9376231E-02
  1.1226026E-02  7.0353113E-03  0.0000000E+00
  0.0000000E+00  0.2744220      8.4011473E-02  3.5974190E-02  1.8533787E-02
  1.0706220E-02  6.6678617E-03  0.0000000E+00
  0.0000000E+00  0.2643843      8.0982253E-02  3.4665711E-02  1.7820397E-02
  1.0241979E-02  6.2842807E-03  0.0000000E+00
  0.0000000E+00  0.2711956      8.3097331E-02  3.5561927E-02  1.8211149E-02
  1.0324431E-02  5.9903208E-03
  0.0000000E+00  0.3063273      9.4013266E-02  4.0186413E-02  2.0362072E-02
  1.0953576E-02
  0.0000000E+00  0.3875246      0.1193583      5.0815556E-02  2.4574297E-02
  0.0000000E+00  0.5615702      0.1733285      7.1303099E-02
  0.0000000E+00   1.000000      0.2961104    
  0.0000000E+00   2.520165    
   29.37802    
  1.0000000E+12
  0.0000000E+00  2.9390093E-02  8.9991810E-03  3.8579616E-03  1.9920180E-03
  1.1577978E-03  7.3004497E-04  4.8853864E-04
  0.0000000E+00  4.9017601E-02  1.5000000E-02  6.4265248E-03  3.3176420E-03
  1.9265247E-03  1.2136716E-03  8.1088819E-04
  0.0000000E+00  8.3033152E-02  2.5399100E-02  1.0878018E-02  5.6099058E-03
  3.2541957E-03  2.0466640E-03  1.3651248E-03
  0.0000000E+00  0.1400941      4.2836674E-02  1.8334014E-02  9.4453534E-03
  5.4727793E-03  3.4343021E-03  0.0000000E+00
  0.0000000E+00  0.2267704      6.9300041E-02  2.9635692E-02  1.5251740E-02
  8.8190753E-03  5.5157593E-03  0.0000000E+00
  0.0000000E+00  0.3327876      0.1016373      4.3409739E-02  2.2308636E-02
  1.2853050E-02  7.9840356E-03  0.0000000E+00
  0.0000000E+00  0.4191568      0.1279165      5.4564063E-02  2.7957428E-02
  1.6009005E-02  9.7891940E-03  0.0000000E+00
  0.0000000E+00  0.4525174      0.1380270      5.8759719E-02  2.9942691E-02
  1.6891118E-02  9.7482596E-03
  0.0000000E+00  0.4547687      0.1384977      5.8698319E-02  2.9492427E-02
  1.5728611E-02
  0.0000000E+00  0.4842407      0.1470119      6.1563652E-02  2.9287761E-02
  0.0000000E+00  0.6133852      0.1841588      7.3209167E-02
  0.0000000E+00   1.000000      0.2840770    
  0.0000000E+00   2.392550    
   27.85509    
  9.9999998E+12
  0.0000000E+00  2.8608248E-03  8.7536819E-04  3.7500000E-04  1.9366716E-04
  1.1253681E-04  7.0968337E-05  4.7496320E-05
  0.0000000E+00  4.9889544E-03  1.5263255E-03  6.5371871E-04  3.3726066E-04
  1.9587627E-04  1.2336156E-04  8.2418999E-05
  0.0000000E+00  9.1016199E-03  2.7835052E-03  1.1910899E-03  6.1413849E-04
  3.5622239E-04  2.2404270E-04  1.4928203E-04
  0.0000000E+00  1.7396906E-02  5.3166421E-03  2.2735642E-03  1.1708395E-03
  6.7801913E-04  4.2525775E-04  0.0000000E+00
  0.0000000E+00  3.4812223E-02  1.0631443E-02  4.5416052E-03  2.3361561E-03
  1.3492268E-03  8.4296759E-04  0.0000000E+00
  0.0000000E+00  7.2385862E-02  2.2072902E-02  9.4182622E-03  4.8306333E-03
  2.7798233E-03  1.7242267E-03  0.0000000E+00
  0.0000000E+00  0.1520434      4.6299707E-02  1.9716496E-02  1.0071797E-02
  5.7529453E-03  3.5088365E-03  0.0000000E+00
  0.0000000E+00  0.3015464      9.1678940E-02  3.8880710E-02  1.9734904E-02
  1.1087998E-02  6.3696611E-03
  0.0000000E+00  0.5058910      0.1532769      6.4598672E-02  3.2271720E-02
  1.7100515E-02
  0.0000000E+00  0.6653166      0.2004786      8.3321065E-02  3.9340943E-02
  0.0000000E+00  0.7558910      0.2249632      8.8604569E-02
  0.0000000E+00   1.000000      0.2814801    
  0.0000000E+00   2.126289    
   24.02430    
  1.0000000E+14
  0.0000000E+00  2.0494942E-04  6.2605963E-05  2.6797923E-05  1.3822806E-05
  8.0339087E-06  5.0683625E-06  3.3962265E-06
  0.0000000E+00  3.6218215E-04  1.1059612E-04  4.7320213E-05  2.4405252E-05
  1.4178289E-05  8.9321857E-06  5.9748431E-06
  0.0000000E+00  6.7035825E-04  2.0467598E-04  8.7544438E-05  4.5118952E-05
  2.6168991E-05  1.6461581E-05  1.0984414E-05
  0.0000000E+00  1.3068089E-03  3.9896092E-04  1.7049495E-04  8.7763197E-05
  5.0820348E-05  3.1884061E-05  0.0000000E+00
  0.0000000E+00  2.7016683E-03  8.2430959E-04  3.5192783E-04  1.8088598E-04
  1.0447088E-04  6.5299435E-05  0.0000000E+00
  0.0000000E+00  5.9775775E-03  1.8211650E-03  7.7659287E-04  3.9814058E-04
  2.2901288E-04  1.4205635E-04  0.0000000E+00
  0.0000000E+00  1.4273996E-02  4.3423572E-03  1.8471426E-03  9.4298605E-04
  5.3841952E-04  3.2827456E-04  0.0000000E+00
  0.0000000E+00  3.6901835E-02  1.1200438E-02  4.7443262E-03  2.4049769E-03
  1.3493301E-03  7.7426858E-04
  0.0000000E+00  0.1015313      3.0694559E-02  1.2905387E-02  6.4287670E-03
  3.3962266E-03
  0.0000000E+00  0.2770030      8.3128251E-02  3.4358766E-02  1.6119773E-02
  0.0000000E+00  0.6253760      0.1847143      7.1985237E-02
  0.0000000E+00   1.000000      0.2789172    
  0.0000000E+00   1.711786    
   17.25458    
