   100.0000    
  0.0000000E+00  1.4342085E-02  6.1177863E-03  3.7190325E-03  2.6079216E-03
  1.9700341E-03  1.5591158E-03  1.2726599E-03
  0.0000000E+00  1.7460316E-02  7.4914698E-03  4.5868563E-03  3.2398752E-03
  2.4655096E-03  1.9655838E-03  1.6184542E-03
  0.0000000E+00  2.1599168E-02  9.3279919E-03  5.7617566E-03  4.1062157E-03
  3.1553181E-03  2.5396824E-03  2.1109628E-03
  0.0000000E+00  2.7206646E-02  1.1846907E-02  7.3950449E-03  5.3300699E-03
  4.1447855E-03  3.3778369E-03  0.0000000E+00
  0.0000000E+00  3.5024475E-02  1.5413142E-02  9.7522624E-03  7.1324725E-03
  5.6326948E-03  4.6654800E-03  0.0000000E+00
  0.0000000E+00  4.6313602E-02  2.0664589E-02  1.3303664E-02  9.9213757E-03
  8.0017792E-03  6.7794095E-03  0.0000000E+00
  0.0000000E+00  6.3358545E-02  2.8764278E-02  1.8973446E-02  1.4536419E-02
  1.2084261E-02  1.0542946E-02  0.0000000E+00
  0.0000000E+00  9.0550363E-02  4.2145081E-02  2.8749444E-02  2.2934282E-02
  1.9922858E-02  1.7638331E-02
  0.0000000E+00  0.1372497      6.6236459E-02  4.7619045E-02  4.0453937E-02
  3.6789794E-02
  0.0000000E+00  0.2262276      0.1158137      9.0965733E-02  8.4601685E-02
  0.0000000E+00  0.4242694      0.2423973      0.2225189    
  0.0000000E+00   1.000000      0.7227414    
  0.0000000E+00   3.892597    
   27.47367    
   1000.000    
  0.0000000E+00  1.4384164E-02  6.1334311E-03  3.7243403E-03  2.6055719E-03
  1.9618766E-03  1.5469209E-03  1.2567448E-03
  0.0000000E+00  1.7507331E-02  7.5087976E-03  4.5923754E-03  3.2360705E-03
  2.4545453E-03  1.9486804E-03  1.5953078E-03
  0.0000000E+00  2.1656893E-02  9.3475077E-03  5.7653962E-03  4.0997071E-03
  3.1378299E-03  2.5146627E-03  2.0762463E-03
  0.0000000E+00  2.7272727E-02  1.1869501E-02  7.3988270E-03  5.3196480E-03
  4.1187685E-03  3.3372436E-03  0.0000000E+00
  0.0000000E+00  3.5102639E-02  1.5439883E-02  9.7536659E-03  7.1114372E-03
  5.5894428E-03  4.5982404E-03  0.0000000E+00
  0.0000000E+00  4.6422288E-02  2.0689150E-02  1.3299120E-02  9.8826978E-03
  7.9237530E-03  6.6480939E-03  0.0000000E+00
  0.0000000E+00  6.3489735E-02  2.8812317E-02  1.8958945E-02  1.4457478E-02
  1.1919355E-02  1.0241935E-02  0.0000000E+00
  0.0000000E+00  9.0733141E-02  4.2184748E-02  2.8695015E-02  2.2741936E-02
  1.9486804E-02  1.6788857E-02
  0.0000000E+00  0.1375220      6.6275656E-02  4.7434017E-02  3.9838709E-02
  3.5263930E-02
  0.0000000E+00  0.2266862      0.1157331      9.0117306E-02  8.1700884E-02
  0.0000000E+00  0.4249267      0.2413490      0.2165689    
  0.0000000E+00   1.000000      0.7086511    
  0.0000000E+00   3.851906    
   27.30205    
   10000.00    
  0.0000000E+00  1.4489004E-02  6.1707636E-03  3.7358056E-03  2.6016962E-03
  1.9476787E-03  1.5222079E-03  1.2256721E-03
  0.0000000E+00  1.7622540E-02  7.5477939E-03  4.6011214E-03  3.2269657E-03
  2.4335203E-03  1.9146183E-03  1.5509559E-03
  0.0000000E+00  2.1776628E-02  9.3905423E-03  5.7740407E-03  4.0836567E-03
  3.1047866E-03  2.4637056E-03  2.0109243E-03
  0.0000000E+00  2.7411241E-02  1.1917494E-02  7.4040536E-03  5.2939486E-03
  4.0664081E-03  3.2600260E-03  0.0000000E+00
  0.0000000E+00  3.5273828E-02  1.5495185E-02  9.7513292E-03  7.0677018E-03
  5.5038091E-03  4.4688806E-03  0.0000000E+00
  0.0000000E+00  4.6629295E-02  2.0756073E-02  1.3284462E-02  9.8016392E-03
  7.7705914E-03  6.4108092E-03  0.0000000E+00
  0.0000000E+00  6.3777491E-02  2.8877391E-02  1.8901825E-02  1.4293517E-02
  1.1608452E-02  9.7398311E-03  0.0000000E+00
  0.0000000E+00  9.1116861E-02  4.2259596E-02  2.8561162E-02  2.2351589E-02
  1.8729338E-02  1.5552681E-02
  0.0000000E+00  0.1380768      6.6321693E-02  4.7031768E-02  3.8723588E-02
  3.2973986E-02
  0.0000000E+00  0.2273969      0.1155527      8.8558294E-02  7.7245943E-02
  0.0000000E+00  0.4261895      0.2394710      0.2071295    
  0.0000000E+00   1.000000      0.6863590    
  0.0000000E+00   3.788990    
   27.22438    
   100000.0    
  0.0000000E+00  1.4863737E-02  6.3028364E-03  3.7847608E-03  2.6056729E-03
  1.9229699E-03  1.4794216E-03  1.1699110E-03
  0.0000000E+00  1.7978309E-02  7.6668528E-03  4.6384875E-03  3.2174638E-03
  2.3915460E-03  1.8520578E-03  1.4724694E-03
  0.0000000E+00  2.2121802E-02  9.5022246E-03  5.7981093E-03  4.0558954E-03
  3.0394883E-03  2.3720800E-03  1.8965517E-03
  0.0000000E+00  2.7766963E-02  1.2027252E-02  7.4137934E-03  5.2391547E-03
  3.9655170E-03  3.1187430E-03  0.0000000E+00
  0.0000000E+00  3.5664629E-02  1.5614571E-02  9.7427703E-03  6.9730254E-03
  5.3392658E-03  4.2422134E-03  0.0000000E+00
  0.0000000E+00  4.7093991E-02  2.0870412E-02  1.3241101E-02  9.6315350E-03
  7.4860952E-03  6.0150167E-03  0.0000000E+00
  0.0000000E+00  6.4349279E-02  2.9004449E-02  1.8798666E-02  1.3973860E-02
  1.1063682E-02  8.9710793E-03  0.0000000E+00
  0.0000000E+00  9.1879867E-02  4.2380422E-02  2.8281424E-02  2.1649055E-02
  1.7519465E-02  1.3870968E-02
  0.0000000E+00  0.1391824      6.6351503E-02  4.6231925E-02  3.6860403E-02
  2.9796997E-02
  0.0000000E+00  0.2290044      0.1151001      8.5775860E-02  7.0842609E-02
  0.0000000E+00  0.4283927      0.2359566      0.1932703    
  0.0000000E+00   1.000000      0.6528087    
  0.0000000E+00   3.694383    
   28.48999    
   1000000.    
  0.0000000E+00  1.7114624E-02  7.0988145E-03  4.0922267E-03  2.6943346E-03
  1.9051385E-03  1.4097496E-03  1.0765480E-03
  0.0000000E+00  1.9815547E-02  8.3122533E-03  4.8787878E-03  3.2648223E-03
  2.3399210E-03  1.7496707E-03  1.3465085E-03
  0.0000000E+00  2.3662714E-02  1.0018445E-02  5.9683793E-03  4.0527009E-03
  2.9393940E-03  2.2200262E-03  1.7206852E-03
  0.0000000E+00  2.9090909E-02  1.2442688E-02  7.5138342E-03  5.1699607E-03
  3.7957842E-03  2.8919631E-03  0.0000000E+00
  0.0000000E+00  3.6864296E-02  1.5942028E-02  9.7654816E-03  6.8115946E-03
  5.0592883E-03  3.8893281E-03  0.0000000E+00
  0.0000000E+00  4.8260868E-02  2.1159420E-02  1.3164691E-02  9.3227932E-03
  7.0131752E-03  5.4321475E-03  0.0000000E+00
  0.0000000E+00  6.5625824E-02  2.9249012E-02  1.8550724E-02  1.3386034E-02
  1.0209486E-02  7.9249013E-03  0.0000000E+00
  0.0000000E+00  9.3412384E-02  4.2542819E-02  2.7707508E-02  2.0447958E-02
  1.5797103E-02  1.1844533E-02
  0.0000000E+00  0.1412385      6.6284582E-02  4.4769436E-02  3.4018446E-02
  2.5823452E-02
  0.0000000E+00  0.2320158      0.1140711      8.1264824E-02  6.2555991E-02
  0.0000000E+00  0.4324111      0.2297760      0.1745718    
  0.0000000E+00   1.000000      0.6063241    
  0.0000000E+00   3.562582    
   31.97629    
  1.0000000E+07
  0.0000000E+00  2.8626740E-02  1.0229886E-02  5.0574713E-03  2.9473684E-03
  1.8971567E-03  1.3042953E-03  9.3962491E-04
  0.0000000E+00  3.0211736E-02  1.1249850E-02  5.7701152E-03  3.4591651E-03
  2.2734422E-03  1.5886268E-03  1.1591046E-03
  0.0000000E+00  3.2571081E-02  1.2643678E-02  6.7416821E-03  4.1633393E-03
  2.7985482E-03  1.9866908E-03  1.4664247E-03
  0.0000000E+00  3.6418635E-02  1.4664247E-02  8.1209922E-03  5.1639443E-03
  3.5462796E-03  2.5565638E-03  0.0000000E+00
  0.0000000E+00  4.2746525E-02  1.7701149E-02  1.0154870E-02  6.6364184E-03
  4.6485178E-03  3.3950396E-03  0.0000000E+00
  0.0000000E+00  5.3030852E-02  2.2456141E-02  1.3272837E-02  8.8892924E-03
  6.3363579E-03  4.6702963E-03  0.0000000E+00
  0.0000000E+00  6.9655173E-02  3.0114945E-02  1.8269813E-02  1.2510587E-02
  9.0453727E-03  6.6690864E-03  0.0000000E+00
  0.0000000E+00  9.7192988E-02  4.2988505E-02  2.6763462E-02  1.8717485E-02
  1.3635813E-02  9.6467035E-03
  0.0000000E+00  0.1451906      6.6073805E-02  4.2419843E-02  3.0235935E-02
  2.1391410E-02
  0.0000000E+00  0.2370236      0.1120750      7.4797340E-02  5.2946158E-02
  0.0000000E+00  0.4387175      0.2202057      0.1519661    
  0.0000000E+00   1.000000      0.5478524    
  0.0000000E+00   3.399879    
   33.15184    
  1.0000000E+08
  0.0000000E+00  4.5872532E-02  1.4469929E-02  6.3872742E-03  3.3897052E-03
  2.0198710E-03  1.3032450E-03  8.9039217E-04
  0.0000000E+00  5.0269529E-02  1.6076526E-02  7.1905721E-03  3.8611141E-03
  2.3232219E-03  1.5114682E-03  1.0399536E-03
  0.0000000E+00  5.5068173E-02  1.7968504E-02  8.2010357E-03  4.4783852E-03
  2.7333265E-03  1.7989643E-03  1.2493394E-03
  0.0000000E+00  6.0268473E-02  2.0283269E-02  9.5201358E-03  5.3218477E-03
  3.3104324E-03  2.2122399E-03  0.0000000E+00
  0.0000000E+00  6.6282637E-02  2.3263928E-02  1.1351866E-02  6.5405350E-03
  4.1655218E-03  2.8305678E-03  0.0000000E+00
  0.0000000E+00  7.4442446E-02  2.7512947E-02  1.4068281E-02  8.4018605E-03
  5.4899063E-03  3.7902971E-03  0.0000000E+00
  0.0000000E+00  8.7686300E-02  3.4182437E-02  1.8401861E-02  1.1404715E-02
  7.6292153E-03  5.2985945E-03  0.0000000E+00
  0.0000000E+00  0.1116161      4.5608290E-02  2.5790086E-02  1.6531022E-02
  1.1203891E-02  7.4833529E-03
  0.0000000E+00  0.1569602      6.6705428E-02  3.9361592E-02  2.5811227E-02
  1.6953811E-02
  0.0000000E+00  0.2474369      0.1092908      6.6726565E-02  4.3029279E-02
  0.0000000E+00  0.4486841      0.2070606      0.1276821    
  0.0000000E+00   1.000000      0.4818729    
  0.0000000E+00   3.217419    
   32.93521    
  1.0000000E+09
  0.0000000E+00  6.5004237E-02  1.9991517E-02  8.6089903E-03  4.4673448E-03
  2.6081426E-03  1.6513994E-03  1.1094147E-03
  0.0000000E+00  6.9160305E-02  2.1314673E-02  9.1942325E-03  4.7786259E-03
  2.7930448E-03  1.7701441E-03  1.1899915E-03
  0.0000000E+00  7.5436816E-02  2.3324851E-02  1.0093299E-02  5.2603898E-03
  3.0822731E-03  1.9567430E-03  1.3155217E-03
  0.0000000E+00  8.4156059E-02  2.6157759E-02  1.1391008E-02  5.9618321E-03
  3.5063613E-03  2.2324002E-03  0.0000000E+00
  0.0000000E+00  9.5589481E-02  3.0008480E-02  1.3189144E-02  6.9635282E-03
  4.1238335E-03  2.6369805E-03  0.0000000E+00
  0.0000000E+00  0.1101781      3.5182361E-02  1.5725190E-02  8.4223915E-03
  5.0432570E-03  3.2459712E-03  0.0000000E+00
  0.0000000E+00  0.1288380      4.2349447E-02  1.9465648E-02  1.0670059E-02
  6.4944867E-03  4.1984729E-03  0.0000000E+00
  0.0000000E+00  0.1544529      5.3104326E-02  2.5479220E-02  1.4427480E-02
  8.9312978E-03  5.5962680E-03
  0.0000000E+00  0.1961832      7.1526714E-02  3.6293469E-02  2.1255301E-02
  1.2883799E-02
  0.0000000E+00  0.2787108      0.1080577      5.7905003E-02  3.3681083E-02
  0.0000000E+00  0.4701442      0.1917727      0.1039016    
  0.0000000E+00   1.000000      0.4138253    
  0.0000000E+00   3.022053    
   32.56149    
  1.0000000E+10
  0.0000000E+00  0.1158140      3.5476744E-02  1.5220931E-02  7.8662792E-03
  4.5744185E-03  2.8866278E-03  1.9331396E-03
  0.0000000E+00  0.1204070      3.6889534E-02  1.5825583E-02  8.1744185E-03
  4.7529070E-03  2.9970929E-03  2.0046514E-03
  0.0000000E+00  0.1217442      3.7302326E-02  1.6000001E-02  8.2674427E-03
  4.8034885E-03  3.0261627E-03  2.0203490E-03
  0.0000000E+00  0.1230814      3.7732560E-02  1.6191861E-02  8.3604651E-03
  4.8569767E-03  3.0558142E-03  0.0000000E+00
  0.0000000E+00  0.1284884      3.9424419E-02  1.6930232E-02  8.7441867E-03
  5.0767441E-03  3.1872096E-03  0.0000000E+00
  0.0000000E+00  0.1408140      4.3290697E-02  1.8622095E-02  9.6279066E-03
  5.5860463E-03  3.4918603E-03  0.0000000E+00
  0.0000000E+00  0.1622674      5.0104652E-02  2.1639535E-02  1.1215116E-02
  6.5000006E-03  4.0186048E-03  0.0000000E+00
  0.0000000E+00  0.1959884      6.1104652E-02  2.6610466E-02  1.3866278E-02
  7.9941861E-03  4.7122091E-03
  0.0000000E+00  0.2483139      7.8895353E-02  3.4988374E-02  1.8366279E-02
  1.0215116E-02
  0.0000000E+00  0.3362791      0.1105233      5.0534882E-02  2.6127908E-02
  0.0000000E+00  0.5170930      0.1772674      8.2151160E-02
  0.0000000E+00   1.000000      0.3454651    
  0.0000000E+00   2.783721    
   31.61047    
  9.9999998E+10
  0.0000000E+00  0.1131348      3.4639496E-02  1.4846394E-02  7.6677115E-03
  4.4576800E-03  2.8100314E-03  1.8805641E-03
  0.0000000E+00  0.1419436      4.3448273E-02  1.8614419E-02  9.6081495E-03
  5.5799372E-03  3.5141062E-03  2.3485892E-03
  0.0000000E+00  0.1744514      5.3385578E-02  2.2858933E-02  1.1789968E-02
  6.8401257E-03  4.3040747E-03  2.8683385E-03
  0.0000000E+00  0.2048276      6.2633231E-02  2.6808776E-02  1.3811912E-02
  8.0031343E-03  5.0219432E-03  0.0000000E+00
  0.0000000E+00  0.2234482      6.8307206E-02  2.9206896E-02  1.5031347E-02
  8.6896550E-03  5.4357364E-03  0.0000000E+00
  0.0000000E+00  0.2267711      6.9278993E-02  2.9595608E-02  1.5203762E-02
  8.7617552E-03  5.4420060E-03  0.0000000E+00
  0.0000000E+00  0.2271787      6.9341689E-02  2.9595608E-02  1.5159873E-02
  8.6833853E-03  5.3103445E-03  0.0000000E+00
  0.0000000E+00  0.2424765      7.4012533E-02  3.1536050E-02  1.6068965E-02
  9.0720998E-03  5.2351095E-03
  0.0000000E+00  0.2857053      8.7241374E-02  3.7084635E-02  1.8680250E-02
  9.9843256E-03
  0.0000000E+00  0.3739812      0.1144514      4.8401251E-02  2.3260187E-02
  0.0000000E+00  0.5539185      0.1699060      6.9561124E-02
  0.0000000E+00   1.000000      0.2952351    
  0.0000000E+00   2.548589    
   29.91222    
  1.0000000E+12
  0.0000000E+00  5.3345844E-02  1.6335210E-02  7.0006256E-03  3.6147593E-03
  2.1000626E-03  1.3245780E-03  8.8630390E-04
  0.0000000E+00  7.2695434E-02  2.2251409E-02  9.5309569E-03  4.9180738E-03
  2.8555347E-03  1.7986242E-03  1.2016260E-03
  0.0000000E+00  0.1016010      3.1069418E-02  1.3308318E-02  6.8592867E-03
  3.9787367E-03  2.5015636E-03  1.6672921E-03
  0.0000000E+00  0.1449656      4.4327702E-02  1.8961851E-02  9.7661037E-03
  5.6560352E-03  3.5472172E-03  0.0000000E+00
  0.0000000E+00  0.2083802      6.3664794E-02  2.7204502E-02  1.3983740E-02
  8.0813011E-03  5.0494061E-03  0.0000000E+00
  0.0000000E+00  0.2915572      8.8943087E-02  3.7948720E-02  1.9474672E-02
  1.1204503E-02  6.9493437E-03  0.0000000E+00
  0.0000000E+00  0.3718574      0.1133083      4.8230141E-02  2.4652908E-02
  1.4083803E-02  8.5866163E-03  0.0000000E+00
  0.0000000E+00  0.4072545      0.1238149      5.2520327E-02  2.6654160E-02
  1.4971858E-02  8.5978732E-03
  0.0000000E+00  0.4088806      0.1239024      5.2220140E-02  2.6078800E-02
  1.3808630E-02
  0.0000000E+00  0.4484053      0.1350844      5.6097563E-02  2.6441526E-02
  0.0000000E+00  0.5949969      0.1769856      6.9580995E-02
  0.0000000E+00   1.000000      0.2814259    
  0.0000000E+00   2.429018    
   28.55535    
  9.9999998E+12
  0.0000000E+00  1.3785293E-02  4.2196712E-03  1.8085636E-03  9.3391258E-04
  5.4266216E-04  3.4222775E-04  2.2894819E-04
  0.0000000E+00  1.9199504E-02  5.8734100E-03  2.5165994E-03  1.2984796E-03
  7.5395597E-04  4.7502329E-04  3.1709590E-04
  0.0000000E+00  2.7815701E-02  8.5076019E-03  3.6425691E-03  1.8774434E-03
  1.0890475E-03  6.8476581E-04  4.5640708E-04
  0.0000000E+00  4.2196713E-02  1.2897922E-02  5.5165994E-03  2.8411418E-03
  1.6453615E-03  1.0319578E-03  0.0000000E+00
  0.0000000E+00  6.7514740E-02  2.0614335E-02  8.8054612E-03  4.5268387E-03
  2.6155757E-03  1.6338816E-03  0.0000000E+00
  0.0000000E+00  0.1141173      3.4812290E-02  1.4846416E-02  7.6140244E-03
  4.3810117E-03  2.7161031E-03  0.0000000E+00
  0.0000000E+00  0.2018616      6.1464474E-02  2.6152654E-02  1.3357121E-02
  7.6264353E-03  4.6478440E-03  0.0000000E+00
  0.0000000E+00  0.3568105      0.1083463      4.5919951E-02  2.3276452E-02
  1.3062364E-02  7.4899164E-03
  0.0000000E+00  0.5566243      0.1684456      7.0834629E-02  3.5308719E-02
  1.8644121E-02
  0.0000000E+00  0.6661496      0.2000931      8.2748987E-02  3.8845800E-02
  0.0000000E+00  0.7198263      0.2126280      8.2873106E-02
  0.0000000E+00   1.000000      0.2782501    
  0.0000000E+00   2.229910    
   25.68104    
  1.0000000E+14
  0.0000000E+00  1.7583235E-03  5.3819036E-04  2.3066980E-04  1.1907559E-04
  6.9212685E-05  4.3634940E-05  2.9197021E-05
  0.0000000E+00  2.4622013E-03  7.5323146E-04  3.2271835E-04  1.6650998E-04
  9.6670577E-05  6.0908733E-05  4.0697218E-05
  0.0000000E+00  3.6004698E-03  1.1010575E-03  4.7121031E-04  2.4300822E-04
  1.4093223E-04  8.8601642E-05  5.9067759E-05
  0.0000000E+00  5.5503333E-03  1.6968272E-03  7.2581274E-04  3.7367799E-04
  2.1637289E-04  1.3572267E-04  0.0000000E+00
  0.0000000E+00  9.1382684E-03  2.7904427E-03  1.1919311E-03  6.1300432E-04
  3.5393654E-04  2.2111241E-04  0.0000000E+00
  0.0000000E+00  1.6298471E-02  4.9706227E-03  2.1194674E-03  1.0869565E-03
  6.2514690E-04  3.8762239E-04  0.0000000E+00
  0.0000000E+00  3.1993732E-02  9.7414805E-03  4.1441438E-03  2.1159421E-03
  1.2075988E-03  7.3599687E-04  0.0000000E+00
  0.0000000E+00  6.9996081E-02  2.1245593E-02  9.0011749E-03  4.5593418E-03
  2.5585585E-03  1.4665100E-03
  0.0000000E+00  0.1689385      5.1077161E-02  2.1472776E-02  1.0693301E-02
  5.6443401E-03
  0.0000000E+00  0.4120642      0.1236976      5.1077161E-02  2.3940463E-02
  0.0000000E+00  0.7669408      0.2261261      8.7896593E-02
  0.0000000E+00   1.000000      0.2774383    
  0.0000000E+00   1.766157    
   18.85233    
