   100.0000    
  0.0000000E+00  1.5785882E-02  4.9152942E-03  2.2228237E-03  1.2032940E-03
  7.2611764E-04  4.7176471E-04  3.2352941E-04
  0.0000000E+00  1.9454118E-02  6.0517648E-03  2.7364704E-03  1.4807059E-03
  8.9341175E-04  5.8023527E-04  3.9741176E-04
  0.0000000E+00  2.4352942E-02  7.5670592E-03  3.4188237E-03  1.8503530E-03
  1.1160000E-03  7.2423532E-04  4.9529411E-04
  0.0000000E+00  3.1058824E-02  9.6376473E-03  4.3529412E-03  2.3552941E-03
  1.4190589E-03  9.1952941E-04  0.0000000E+00
  0.0000000E+00  4.0494118E-02  1.2538823E-02  5.6611765E-03  3.0588235E-03
  1.8416471E-03  1.1903530E-03  0.0000000E+00
  0.0000000E+00  5.4188237E-02  1.6741177E-02  7.5505883E-03  4.0752939E-03
  2.4470587E-03  1.5736471E-03  0.0000000E+00
  0.0000000E+00  7.4894123E-02  2.3061177E-02  1.0383530E-02  5.5952943E-03
  3.3435295E-03  2.1183530E-03  0.0000000E+00
  0.0000000E+00  0.1077412      3.3035293E-02  1.4832942E-02  7.9552941E-03
  4.6894122E-03  2.8070589E-03
  0.0000000E+00  0.1632941      4.9717646E-02  2.2211766E-02  1.1762353E-02
  6.5670591E-03
  0.0000000E+00  0.2654118      7.9905882E-02  3.5200000E-02  1.7691765E-02
  0.0000000E+00  0.4771765      0.1400235      5.8470588E-02
  0.0000000E+00   1.000000      0.2705882    
  0.0000000E+00   2.722353    
   22.89647    
   1000.000    
  0.0000000E+00  1.5782170E-02  4.9141380E-03  2.2223007E-03  1.2027759E-03
  7.2571164E-04  4.7141852E-04  3.2298284E-04
  0.0000000E+00  1.9449543E-02  6.0503418E-03  2.7358269E-03  1.4798872E-03
  8.9273113E-04  5.7962839E-04  3.9684781E-04
  0.0000000E+00  2.4347214E-02  7.5676315E-03  3.4180195E-03  1.8494473E-03
  1.1150318E-03  7.2335923E-04  4.9447187E-04
  0.0000000E+00  3.1051518E-02  9.6353805E-03  4.3519172E-03  2.3523879E-03
  1.4177840E-03  9.1837218E-04  0.0000000E+00
  0.0000000E+00  4.0484596E-02  1.2538226E-02  5.6598447E-03  3.0581041E-03
  1.8400376E-03  1.1886614E-03  0.0000000E+00
  0.0000000E+00  5.4175492E-02  1.6737239E-02  7.5464598E-03  4.0743356E-03
  2.4464831E-03  1.5709245E-03  0.0000000E+00
  0.0000000E+00  7.4876502E-02  2.3058103E-02  1.0381087E-02  5.5916258E-03
  3.3380382E-03  2.1131500E-03  0.0000000E+00
  0.0000000E+00  0.1077158      3.3027526E-02  1.4827101E-02  7.9487190E-03
  4.6812519E-03  2.7946366E-03
  0.0000000E+00  0.1632557      4.9705952E-02  2.2201834E-02  1.1747824E-02
  6.5443427E-03
  0.0000000E+00  0.2653493      7.9887085E-02  3.5191722E-02  1.7647613E-02
  0.0000000E+00  0.4770643      0.1399671      5.8362741E-02
  0.0000000E+00   1.000000      0.2702893    
  0.0000000E+00   2.719360    
   22.90285    
   10000.00    
  0.0000000E+00  1.5778456E-02  4.9153334E-03  2.2217780E-03  1.2017874E-03
  7.2483532E-04  4.7060207E-04  3.2220132E-04
  0.0000000E+00  1.9444967E-02  6.0512698E-03  2.7351831E-03  1.4788334E-03
  8.9158042E-04  5.7855120E-04  3.9581372E-04
  0.0000000E+00  2.4341485E-02  7.5658509E-03  3.4172153E-03  1.8483065E-03
  1.1138287E-03  7.2201312E-04  4.9317966E-04
  0.0000000E+00  3.1044213E-02  9.6354652E-03  4.3508932E-03  2.3515990E-03
  1.4160394E-03  9.1650983E-04  0.0000000E+00
  0.0000000E+00  4.0475070E-02  1.2537628E-02  5.6561613E-03  3.0550328E-03
  1.8372530E-03  1.1857948E-03  0.0000000E+00
  0.0000000E+00  5.4162744E-02  1.6735652E-02  7.5446842E-03  4.0710252E-03
  2.4412039E-03  1.5660864E-03  0.0000000E+00
  0.0000000E+00  7.4858889E-02  2.3055032E-02  1.0376293E-02  5.5856067E-03
  3.3325492E-03  2.1044211E-03  0.0000000E+00
  0.0000000E+00  0.1077140      3.3019755E-02  1.4818908E-02  7.9374406E-03
  4.6683908E-03  2.7775164E-03
  0.0000000E+00  0.1632643      4.9694259E-02  2.2184853E-02  1.1723894E-02
  6.5075252E-03
  0.0000000E+00  0.2655221      7.9868294E-02  3.5136402E-02  1.7575258E-02
  0.0000000E+00  0.4769520      0.1398871      5.8207899E-02
  0.0000000E+00   1.000000      0.2699906    
  0.0000000E+00   2.718720    
   22.99389    
   100000.0    
  0.0000000E+00  1.5810017E-02  4.9165296E-03  2.2200798E-03  1.1998588E-03
  7.2278385E-04  4.6884551E-04  3.2071478E-04
  0.0000000E+00  1.9466259E-02  6.0521984E-03  2.7321889E-03  1.4766047E-03
  8.8925462E-04  5.7629909E-04  3.9383964E-04
  0.0000000E+00  2.4359275E-02  7.5664236E-03  3.4164120E-03  1.8455207E-03
  1.1109804E-03  7.1925699E-04  4.9047731E-04
  0.0000000E+00  3.1060427E-02  9.6355509E-03  4.3475195E-03  2.3479895E-03
  1.4121796E-03  9.1276743E-04  0.0000000E+00
  0.0000000E+00  4.0489066E-02  1.2537032E-02  5.6524808E-03  3.0496120E-03
  1.8321185E-03  1.1803432E-03  0.0000000E+00
  0.0000000E+00  5.4173522E-02  1.6736420E-02  7.5382083E-03  4.0630144E-03
  2.4335762E-03  1.5577240E-03  0.0000000E+00
  0.0000000E+00  7.4864805E-02  2.3054315E-02  1.0366799E-02  5.5725370E-03
  3.3176581E-03  2.0900539E-03  0.0000000E+00
  0.0000000E+00  0.1077122      3.3011992E-02  1.4806019E-02  7.9167644E-03
  4.6437806E-03  2.7509993E-03
  0.0000000E+00  0.1632730      4.9706087E-02  2.2153772E-02  1.1681166E-02
  6.4542675E-03
  0.0000000E+00  0.2654597      7.9826005E-02  3.5057604E-02  1.7460616E-02
  0.0000000E+00  0.4770750      0.1397837      5.7935573E-02
  0.0000000E+00   1.000000      0.2692217    
  0.0000000E+00   2.718081    
   23.79497    
   1000000.    
  0.0000000E+00  1.6109021E-02  4.9365601E-03  2.2128758E-03  1.1912594E-03
  7.1569544E-04  4.6334584E-04  3.1625939E-04
  0.0000000E+00  1.9708646E-02  6.0643791E-03  2.7255637E-03  1.4678100E-03
  8.8204880E-04  5.7048869E-04  3.8909772E-04
  0.0000000E+00  2.4530074E-02  7.5728381E-03  3.4069547E-03  1.8362311E-03
  1.1029135E-03  7.1264093E-04  4.8496239E-04
  0.0000000E+00  3.1179508E-02  9.6381577E-03  4.3374058E-03  2.3378758E-03
  1.4031954E-03  9.0484018E-04  0.0000000E+00
  0.0000000E+00  4.0554509E-02  1.2532894E-02  5.6414474E-03  3.0380639E-03
  1.8207235E-03  1.1698777E-03  0.0000000E+00
  0.0000000E+00  5.4205824E-02  1.6729321E-02  7.5234962E-03  4.0460522E-03
  2.4177630E-03  1.5425282E-03  0.0000000E+00
  0.0000000E+00  7.4859016E-02  2.3040412E-02  1.0347744E-02  5.5498118E-03
  3.2941727E-03  2.0662593E-03  0.0000000E+00
  0.0000000E+00  0.1076833      3.2988720E-02  1.4772085E-02  7.8759398E-03
  4.6005636E-03  2.7114660E-03
  0.0000000E+00  0.1632519      4.9647555E-02  2.2091165E-02  1.1602443E-02
  6.3745296E-03
  0.0000000E+00  0.2655075      7.9746239E-02  3.4915410E-02  1.7279135E-02
  0.0000000E+00  0.4772086      0.1395207      5.7495296E-02
  0.0000000E+00   1.000000      0.2680921    
  0.0000000E+00   2.713816    
   28.24248    
  1.0000000E+07
  0.0000000E+00  1.6983569E-02  5.1009394E-03  2.2309860E-03  1.1805164E-03
  7.0164324E-04  4.5070425E-04  3.0633804E-04
  0.0000000E+00  2.0683100E-02  6.2065730E-03  2.7276997E-03  1.4492958E-03
  8.6338032E-04  5.5539905E-04  3.7746481E-04
  0.0000000E+00  2.5539907E-02  7.6830992E-03  3.3943665E-03  1.8107982E-03
  1.0807513E-03  6.9553993E-04  4.7183101E-04
  0.0000000E+00  3.2136153E-02  9.7112684E-03  4.3145544E-03  2.3072772E-03
  1.3779344E-03  8.8544603E-04  0.0000000E+00
  0.0000000E+00  4.1361507E-02  1.2575118E-02  5.6079812E-03  3.0046951E-03
  1.7922537E-03  1.1478874E-03  0.0000000E+00
  0.0000000E+00  5.4812208E-02  1.6741784E-02  7.4835685E-03  4.0070424E-03
  2.3826293E-03  1.5152582E-03  0.0000000E+00
  0.0000000E+00  7.5281695E-02  2.3030518E-02  1.0295775E-02  5.5000004E-03
  3.2488266E-03  2.0288732E-03  0.0000000E+00
  0.0000000E+00  0.1079343      3.2957748E-02  1.4699531E-02  7.8028170E-03
  4.5328639E-03  2.6572770E-03
  0.0000000E+00  0.1633568      4.9577467E-02  2.1971833E-02  1.1474179E-02
  6.2582162E-03
  0.0000000E+00  0.2654930      7.9600945E-02  3.4671362E-02  1.7016433E-02
  0.0000000E+00  0.4772301      0.1390845      5.6830987E-02
  0.0000000E+00   1.000000      0.2661972    
  0.0000000E+00   2.711268    
   34.20188    
  1.0000000E+08
  0.0000000E+00  1.7629541E-02  5.3786635E-03  2.3174675E-03  1.2049237E-03
  7.0504099E-04  4.4736225E-04  3.0105509E-04
  0.0000000E+00  2.1509964E-02  6.5392731E-03  2.8206329E-03  1.4686986E-03
  8.6049235E-04  5.4654159E-04  3.6787806E-04
  0.0000000E+00  2.6682297E-02  8.0656512E-03  3.4818288E-03  1.8175850E-03
  1.0670574E-03  6.7831180E-04  4.5627196E-04
  0.0000000E+00  3.3692848E-02  1.0117233E-02  4.3774908E-03  2.2916764E-03
  1.3481829E-03  8.5767877E-04  0.0000000E+00
  0.0000000E+00  4.3446660E-02  1.2951934E-02  5.6248531E-03  2.9566237E-03
  1.7427901E-03  1.1078545E-03  0.0000000E+00
  0.0000000E+00  5.7303634E-02  1.7029308E-02  7.4372799E-03  3.9226259E-03
  2.3139508E-03  1.4637749E-03  0.0000000E+00
  0.0000000E+00  7.7819459E-02  2.3181710E-02  1.0182884E-02  5.3833527E-03
  3.1606094E-03  1.9660024E-03  0.0000000E+00
  0.0000000E+00  0.1101055      3.2966003E-02  1.4529894E-02  7.6506441E-03
  4.4173501E-03  2.5791323E-03
  0.0000000E+00  0.1648769      4.9472447E-02  2.1728018E-02  1.1256740E-02
  6.1008204E-03
  0.0000000E+00  0.2663540      7.9296596E-02  3.4255568E-02  1.6654162E-02
  0.0000000E+00  0.4776084      0.1383587      5.5896834E-02
  0.0000000E+00   1.000000      0.2635404    
  0.0000000E+00   2.705744    
   35.80305    
  1.0000000E+09
  0.0000000E+00  1.8328657E-02  5.6124358E-03  2.4076672E-03  1.2449742E-03
  7.2440389E-04  4.5745674E-04  3.0645161E-04
  0.0000000E+00  2.2246376E-02  6.8069189E-03  2.9195887E-03  1.5095839E-03
  8.7821408E-04  5.5423094E-04  3.7073399E-04
  0.0000000E+00  2.7466105E-02  8.3917715E-03  3.5998127E-03  1.8609163E-03
  1.0822815E-03  6.8209443E-04  4.5558673E-04
  0.0000000E+00  3.4548853E-02  1.0537634E-02  4.5184665E-03  2.3361384E-03
  1.3578775E-03  8.5483870E-04  0.0000000E+00
  0.0000000E+00  4.4483401E-02  1.3508649E-02  5.7924264E-03  2.9943900E-03
  1.7388967E-03  1.0920990E-03  0.0000000E+00
  0.0000000E+00  5.8859278E-02  1.7748948E-02  7.6040206E-03  3.9294064E-03
  2.2798036E-03  1.4247312E-03  0.0000000E+00
  0.0000000E+00  8.0551654E-02  2.4006544E-02  1.0275830E-02  5.3108926E-03
  3.0691912E-03  1.8924731E-03  0.0000000E+00
  0.0000000E+00  0.1146798      3.3683963E-02  1.4417953E-02  7.4450676E-03
  4.2519867E-03  2.4754559E-03
  0.0000000E+00  0.1709210      4.9672745E-02  2.1299671E-02  1.0888265E-02
  5.8695651E-03
  0.0000000E+00  0.2720897      7.8798503E-02  3.3473585E-02  1.6119681E-02
  0.0000000E+00  0.4810659      0.1368864      5.4534830E-02
  0.0000000E+00   1.000000      0.2597008    
  0.0000000E+00   2.695184    
   36.02150    
  1.0000000E+10
  0.0000000E+00  1.9767495E-02  6.0520256E-03  2.5943830E-03  1.3400092E-03
  7.7900552E-04  4.9125229E-04  3.2872928E-04
  0.0000000E+00  2.3756906E-02  7.2720991E-03  3.1169429E-03  1.6084253E-03
  9.3439221E-04  5.8862794E-04  3.9341621E-04
  0.0000000E+00  2.8936464E-02  8.8512888E-03  3.7914363E-03  1.9555707E-03
  1.1348986E-03  7.1408838E-04  4.7605892E-04
  0.0000000E+00  3.5888582E-02  1.0966850E-02  4.6938304E-03  2.4194291E-03
  1.4021639E-03  8.8006444E-04  0.0000000E+00
  0.0000000E+00  4.5580111E-02  1.3915746E-02  5.9507363E-03  3.0616943E-03
  1.7709484E-03  1.1077347E-03  0.0000000E+00
  0.0000000E+00  5.9622470E-02  1.8167587E-02  7.7578262E-03  3.9848066E-03
  2.2962706E-03  1.4261049E-03  0.0000000E+00
  0.0000000E+00  8.0801100E-02  2.4516573E-02  1.0446593E-02  5.3476058E-03
  3.0616943E-03  1.8701657E-03  0.0000000E+00
  0.0000000E+00  0.1143877      3.4415286E-02  1.4597145E-02  7.4240328E-03
  4.1827806E-03  2.4079189E-03
  0.0000000E+00  0.1714779      5.0690606E-02  2.1296041E-02  1.0662983E-02
  5.6675873E-03
  0.0000000E+00  0.2769337      7.9189681E-02  3.2665748E-02  1.5455800E-02
  0.0000000E+00  0.4896409      0.1343002      5.2279007E-02
  0.0000000E+00   1.000000      0.2513812    
  0.0000000E+00   2.656538    
   35.72744    
  9.9999998E+10
  0.0000000E+00  2.0745132E-02  6.3504134E-03  2.7209667E-03  1.4052361E-03
  8.1673753E-04  5.1488029E-04  3.4459608E-04
  0.0000000E+00  2.5307674E-02  7.7399863E-03  3.3161780E-03  1.7111211E-03
  9.9351082E-04  6.2586705E-04  4.1799061E-04
  0.0000000E+00  3.1192658E-02  9.5390473E-03  4.0836874E-03  2.1053925E-03
  1.2213023E-03  7.6795701E-04  5.1174755E-04
  0.0000000E+00  3.8890131E-02  1.1888565E-02  5.0861491E-03  2.6202728E-03
  1.5168941E-03  9.5166697E-04  0.0000000E+00
  0.0000000E+00  4.9160883E-02  1.5014544E-02  6.4153052E-03  3.2982770E-03
  1.9060192E-03  1.1908704E-03  0.0000000E+00
  0.0000000E+00  6.3258000E-02  1.9290669E-02  8.2300287E-03  4.2224210E-03
  2.4300739E-03  1.5070486E-03  0.0000000E+00
  0.0000000E+00  8.3665252E-02  2.5464309E-02  1.0841351E-02  5.5403891E-03
  3.1640187E-03  1.9295143E-03  0.0000000E+00
  0.0000000E+00  0.1156411      3.5086147E-02  1.4871336E-02  7.5430740E-03
  4.2358469E-03  2.4300739E-03
  0.0000000E+00  0.1696576      5.1130008E-02  2.1494741E-02  1.0713806E-02
  5.6612217E-03
  0.0000000E+00  0.2694115      7.9816513E-02  3.2870889E-02  1.5403894E-02
  0.0000000E+00  0.4790781      0.1352875      5.1823672E-02
  0.0000000E+00   1.000000      0.2461401    
  0.0000000E+00   2.618035    
   35.17566    
  1.0000000E+12
  0.0000000E+00  2.1290902E-02  6.5172566E-03  2.7924699E-03  1.4421784E-03
  8.3796505E-04  5.2846258E-04  3.5342894E-04
  0.0000000E+00  2.6199015E-02  8.0188261E-03  3.4356790E-03  1.7722994E-03
  1.0289109E-03  6.4813986E-04  4.3298971E-04
  0.0000000E+00  3.2720756E-02  1.0006724E-02  4.2850743E-03  2.2086508E-03
  1.2810400E-03  8.0546841E-04  5.3675484E-04
  0.0000000E+00  4.1528463E-02  1.2693860E-02  5.4303003E-03  2.7947109E-03
  1.6187809E-03  1.0152399E-03  0.0000000E+00
  0.0000000E+00  5.3653069E-02  1.6385030E-02  7.0013446E-03  3.5992831E-03
  2.0786645E-03  1.2985208E-03  0.0000000E+00
  0.0000000E+00  7.0685789E-02  2.1555357E-02  9.1931876E-03  4.7153747E-03
  2.7117883E-03  1.6810847E-03  0.0000000E+00
  0.0000000E+00  9.4979830E-02  2.8910803E-02  1.2303900E-02  6.2841773E-03
  3.5880771E-03  2.1853428E-03  0.0000000E+00
  0.0000000E+00  0.1305692      3.9645899E-02  1.6799642E-02  8.5141193E-03
  4.7781267E-03  2.7386823E-03
  0.0000000E+00  0.1858584      5.6185566E-02  2.3621695E-02  1.1766024E-02
  6.2102200E-03
  0.0000000E+00  0.2837293      8.4984317E-02  3.5096370E-02  1.6441057E-02
  0.0000000E+00  0.4867772      0.1424025      5.5154640E-02
  0.0000000E+00   1.000000      0.2653519    
  0.0000000E+00   2.725235    
   36.03765    
  9.9999998E+12
  0.0000000E+00  2.0427808E-02  6.2524066E-03  2.6802141E-03  1.3837434E-03
  8.0406421E-04  5.0695188E-04  3.3925136E-04
  0.0000000E+00  2.5197862E-02  7.7112303E-03  3.3026740E-03  1.7043852E-03
  9.8951871E-04  6.2331551E-04  4.1625669E-04
  0.0000000E+00  3.1593584E-02  9.6598929E-03  4.1347598E-03  2.1319787E-03
  1.2363637E-03  7.7732623E-04  5.1807490E-04
  0.0000000E+00  4.0320855E-02  1.2325134E-02  5.2705882E-03  2.7144386E-03
  1.5717648E-03  9.8566851E-04  0.0000000E+00
  0.0000000E+00  5.2598931E-02  1.6059894E-02  6.8620322E-03  3.5272732E-03
  2.0370055E-03  1.2725135E-03  0.0000000E+00
  0.0000000E+00  7.0352942E-02  2.1454547E-02  9.1486638E-03  4.6909093E-03
  2.6973265E-03  1.6725134E-03  0.0000000E+00
  0.0000000E+00  9.6855618E-02  2.9497329E-02  1.2543316E-02  6.4042783E-03
  3.6556150E-03  2.2267380E-03  0.0000000E+00
  0.0000000E+00  0.1379037      4.1882355E-02  1.7736899E-02  8.9882361E-03
  5.0417115E-03  2.8877007E-03
  0.0000000E+00  0.2037005      6.1582889E-02  2.5882354E-02  1.2885562E-02
  6.7978613E-03
  0.0000000E+00  0.3129412      9.3860969E-02  3.8759358E-02  1.8147595E-02
  0.0000000E+00  0.5133690      0.1511230      5.8652412E-02
  0.0000000E+00   1.000000      0.2750802    
  0.0000000E+00   2.740107    
   35.80749    
  1.0000000E+14
  0.0000000E+00  1.7651403E-02  5.4025115E-03  2.3153620E-03  1.1955318E-03
  6.9479318E-04  4.3796163E-04  2.9302068E-04
  0.0000000E+00  2.1787297E-02  6.6654361E-03  2.8563514E-03  1.4734122E-03
  8.5542840E-04  5.3877401E-04  3.5985970E-04
  0.0000000E+00  2.7326440E-02  8.3567211E-03  3.5782864E-03  1.8443501E-03
  1.0696085E-03  6.7245198E-04  4.4811671E-04
  0.0000000E+00  3.4933530E-02  1.0675776E-02  4.5661004E-03  2.3504433E-03
  1.3613368E-03  8.5376657E-04  0.0000000E+00
  0.0000000E+00  4.5661006E-02  1.3940177E-02  5.9564253E-03  3.0612999E-03
  1.7680946E-03  1.1045052E-03  0.0000000E+00
  0.0000000E+00  6.1299853E-02  1.8685376E-02  7.9726735E-03  4.0878877E-03
  2.3504433E-03  1.4573486E-03  0.0000000E+00
  0.0000000E+00  8.5007384E-02  2.5886262E-02  1.1009971E-02  5.6222305E-03
  3.2090105E-03  1.9534712E-03  0.0000000E+00
  0.0000000E+00  0.1227659      3.7278432E-02  1.5788406E-02  8.0003692E-03
  4.4867061E-03  2.5701623E-03
  0.0000000E+00  0.1864845      5.6370012E-02  2.3689069E-02  1.1790990E-02
  6.2186117E-03
  0.0000000E+00  0.3015140      9.0398818E-02  3.7315361E-02  1.7470459E-02
  0.0000000E+00  0.5243722      0.1544129      5.9933528E-02
  0.0000000E+00   1.000000      0.2765879    
  0.0000000E+00   2.573855    
   33.14254    
