   100.0000    
  4.1665815E-02  1.4573326E-02  7.3541137E-03  4.5222281E-03  3.0832908E-03
  2.2391416E-03  1.6964743E-03  1.3254982E-03
  5.0720491E-02  1.7802760E-02  9.0291258E-03  5.5820136E-03  3.8262648E-03
  2.7910068E-03  2.1246807E-03  1.6688809E-03
  6.2636688E-02  2.2084823E-02  1.1272356E-02  7.0117526E-03  4.8359735E-03
  3.5503323E-03  2.7184468E-03  2.1481861E-03
  7.8681655E-02  2.7899848E-02  1.4348492E-02  8.9964233E-03  6.2524276E-03
  4.6254471E-03  3.5697496E-03  0.0000000E+00
  0.1008687      3.6014307E-02  1.8702095E-02  1.1844660E-02  8.3117019E-03
  6.2105260E-03  4.8410832E-03  0.0000000E+00
  0.1324476      4.7746554E-02  2.5089422E-02  1.6085846E-02  1.1446091E-02
  8.6653037E-03  6.8421056E-03  0.0000000E+00
  0.1793562      6.5426677E-02  3.4931015E-02  2.2789985E-02  1.6494635E-02
  1.2723557E-02  1.0198263E-02  0.0000000E+00
  0.2521206      9.3561575E-02  5.1047523E-02  3.4103218E-02  2.5334697E-02
  2.0030659E-02  1.5922330E-02
  0.3726111      0.1417476      7.9754725E-02  5.5227388E-02  4.2626470E-02
  3.4154318E-02
  0.5894737      0.2328053      0.1374553      0.1008176      8.1349008E-02
   1.030148      0.4330097      0.2778743      0.2230966    
   2.107307       1.000000      0.7524782    
   5.797649       3.636178    
   33.57180    
   1000.000    
  4.1689623E-02  1.4590347E-02  7.3604728E-03  4.5240279E-03  3.0823385E-03
  2.2354862E-03  1.6916640E-03  1.3202734E-03
  5.0739717E-02  1.7824711E-02  9.0368325E-03  5.5841235E-03  3.8240992E-03
  2.7874706E-03  2.1191714E-03  1.6610549E-03
  6.2667072E-02  2.2109987E-02  1.1284563E-02  7.0135701E-03  4.8331800E-03
  3.5445362E-03  2.7099275E-03  2.1365166E-03
  7.8726657E-02  2.7925720E-02  1.4355677E-02  8.9970408E-03  6.2473216E-03
  4.6158554E-03  3.5557596E-03  0.0000000E+00
  0.1009183      3.6047343E-02  1.8712375E-02  1.1845729E-02  8.3032344E-03
  6.1952858E-03  4.8178756E-03  0.0000000E+00
  0.1325375      4.7791041E-02  2.5109682E-02  1.6090194E-02  1.1427405E-02
  8.6389137E-03  6.7993058E-03  0.0000000E+00
  0.1794715      6.5483108E-02  3.4945413E-02  2.2783387E-02  1.6467707E-02
  1.2672176E-02  1.0097949E-02  0.0000000E+00
  0.2523212      9.3653709E-02  5.1066216E-02  3.4088358E-02  2.5272932E-02
  1.9885726E-02  1.5610652E-02
  0.3728191      0.1418223      7.9767369E-02  5.5157635E-02  4.2414039E-02
  3.3608813E-02
  0.5898377      0.2329354      0.1374349      0.1005305      8.0318332E-02
   1.030507      0.4333231      0.2776247      0.2209979    
   2.108968       1.000000      0.7475768    
   5.801449       3.623100    
   33.50678    
   10000.00    
  4.1735325E-02  1.4627200E-02  7.3725968E-03  4.5264978E-03  3.0800530E-03
  2.2296815E-03  1.6834503E-03  1.3091242E-03
  5.0798494E-02  1.7861865E-02  9.0509607E-03  5.5864099E-03  3.8195506E-03
  2.7779473E-03  2.1066016E-03  1.6458142E-03
  6.2730141E-02  2.2154411E-02  1.1300987E-02  7.0155626E-03  4.8265690E-03
  3.5316853E-03  2.6925034E-03  2.1137218E-03
  7.8801751E-02  2.7982911E-02  1.4372902E-02  8.9980680E-03  6.2374123E-03
  4.5966837E-03  3.5296511E-03  0.0000000E+00
  0.1010172      3.6120433E-02  1.8736649E-02  1.1840098E-02  8.2860338E-03
  6.1641745E-03  4.7736750E-03  0.0000000E+00
  0.1327434      4.7879156E-02  2.5134778E-02  1.6081782E-02  1.1402705E-02
  8.5840710E-03  6.7165089E-03  0.0000000E+00
  0.1796359      6.5598615E-02  3.4981180E-02  2.2764726E-02  1.6407283E-02
  1.2562303E-02  9.9186245E-03  0.0000000E+00
  0.2525684      9.3805313E-02  5.1103655E-02  3.4035195E-02  2.5134778E-02
  1.9621605E-02  1.5135795E-02
  0.3733089      0.1419998      7.9798594E-02  5.5009663E-02  4.2020142E-02
  3.2753535E-02
  0.5905808      0.2332418      0.1374224      9.9969484E-02  7.8659341E-02
   1.031431      0.4337300      0.2768793      0.2174753    
   2.111687       1.000000      0.7392941    
   5.808158       3.598820    
   33.39436    
   100000.0    
  4.1918833E-02  1.4694868E-02  7.3980363E-03  4.5319297E-03  3.0735752E-03
  2.2163747E-03  1.6658233E-03  1.2883311E-03
  5.0966498E-02  1.7943528E-02  9.0800524E-03  5.5905269E-03  3.8113550E-03
  2.7608541E-03  2.0827851E-03  1.6172451E-03
  6.2918730E-02  2.2244710E-02  1.1324765E-02  7.0195319E-03  4.8132776E-03
  3.5057180E-03  2.6576256E-03  2.0716526E-03
  7.9010218E-02  2.8094321E-02  1.4411497E-02  9.0001002E-03  6.2159700E-03
  4.5592552E-03  3.4773808E-03  0.0000000E+00
  0.1013055      3.6261510E-02  1.8783523E-02  1.1840907E-02  8.2511893E-03
  6.1036330E-03  4.6898085E-03  0.0000000E+00
  0.1329825      4.8051815E-02  2.5189759E-02  1.6071247E-02  1.1334885E-02
  8.4799109E-03  6.5671485E-03  0.0000000E+00
  0.1800425      6.5833412E-02  3.5047058E-02  2.2730490E-02  1.6293896E-02
  1.2357049E-02  9.6154232E-03  0.0000000E+00
  0.2532132      9.4120018E-02  5.1168907E-02  3.3943933E-02  2.4876025E-02
  1.9157980E-02  1.4431736E-02
  0.3742536      0.1424957      7.9840094E-02  5.4731302E-02  4.1311607E-02
  3.1423941E-02
  0.5922477      0.2338832      0.1372331      9.8937355E-02  7.6034807E-02
   1.034308      0.4346726      0.2756806      0.2119219    
   2.118207       1.000000      0.7259387    
   5.821273       3.560368    
   33.24562    
   1000000.    
  4.2979024E-02  1.4854963E-02  7.4616079E-03  4.5488309E-03  3.0643379E-03
  2.1921108E-03  1.6310348E-03  1.2486199E-03
  5.1861890E-02  1.8117033E-02  9.1448361E-03  5.6037335E-03  3.7940377E-03
  2.7250829E-03  2.0365352E-03  1.5627823E-03
  6.3675605E-02  2.2443039E-02  1.1402188E-02  7.0269997E-03  4.7847033E-03
  3.4547828E-03  2.5925925E-03  1.9963866E-03
  7.9704903E-02  2.8324801E-02  1.4493627E-02  8.9992974E-03  6.1708316E-03
  4.4835894E-03  3.3805079E-03  0.0000000E+00
  0.1019773      3.6535181E-02  1.8859781E-02  1.1823747E-02  8.1772553E-03
  5.9861485E-03  4.5377901E-03  0.0000000E+00
  0.1337950      4.8399076E-02  2.5283549E-02  1.6029308E-02  1.1211483E-02
  8.2836496E-03  6.3093444E-03  0.0000000E+00
  0.1809696      6.6275217E-02  3.5150055E-02  2.2643782E-02  1.6059419E-02
  1.1994380E-02  9.1297803E-03  0.0000000E+00
  0.2545418      9.4730504E-02  5.1279735E-02  3.3734821E-02  2.4390243E-02
  1.8377999E-02  1.3429690E-02
  0.3762923      0.1433303      7.9895616E-02  5.4170430E-02  4.0078290E-02
  2.9489109E-02
  0.5955033      0.2351701      0.1370069      9.7059116E-02  7.2086722E-02
   1.040851      0.4364147      0.2733113      0.2032520    
   2.129881       1.000000      0.7047074    
   5.848640       3.499950    
   33.22292    
  1.0000000E+07
  4.9653120E-02  1.5609514E-02  7.7601583E-03  4.6511395E-03  3.0693756E-03
  2.1486620E-03  1.5659067E-03  1.1754212E-03
  5.7661049E-02  1.8741328E-02  9.3894945E-03  5.6759166E-03  3.7760157E-03
  2.6610503E-03  1.9504459E-03  1.4687809E-03
  6.8562932E-02  2.3002973E-02  1.1605550E-02  7.0713572E-03  4.7393455E-03
  3.3617441E-03  2.4747273E-03  1.8691773E-03
  8.3726458E-02  2.8870167E-02  1.4677898E-02  9.0138745E-03  6.0872152E-03
  4.3458869E-03  3.2130822E-03  0.0000000E+00
  0.1052527      3.7135776E-02  1.9048562E-02  1.1803766E-02  8.0376603E-03
  5.7760160E-03  4.2874133E-03  0.0000000E+00
  0.1366700      4.9098115E-02  2.5470763E-02  1.5956393E-02  1.0971258E-02
  7.9425164E-03  5.9068385E-03  0.0000000E+00
  0.1837463      6.7155600E-02  3.5341922E-02  2.2457879E-02  1.5629336E-02
  1.1397422E-02  8.4271552E-03  0.0000000E+00
  0.2576809      9.5887020E-02  5.1446978E-02  3.3320118E-02  2.3538157E-02
  1.7205153E-02  1.2120912E-02
  0.3804757      0.1449950      7.9920709E-02  5.3121902E-02  3.8116947E-02
  2.6907828E-02
  0.6020812      0.2374628      0.1363726      9.3924679E-02  6.6630326E-02
   1.052527      0.4394450      0.2690783      0.1907829    
   2.154608       1.000000      0.6735381    
   5.901883       3.411298    
   34.17245    
  1.0000000E+08
  8.1554905E-02  2.1156462E-02  9.2789112E-03  5.0408165E-03  3.0855199E-03
  2.0398444E-03  1.4227404E-03  1.0330417E-03
  8.4450923E-02  2.3430515E-02  1.0758017E-02  6.0242955E-03  3.7628764E-03
  2.5228378E-03  1.7764820E-03  1.2973760E-03
  9.1749266E-02  2.6734693E-02  1.2769679E-02  7.3469384E-03  4.6783285E-03
  3.1778426E-03  2.2575315E-03  1.6569485E-03
  0.1043732      3.1710397E-02  1.5597668E-02  9.1875605E-03  5.9523811E-03
  4.0923227E-03  2.9290572E-03  0.0000000E+00
  0.1236152      3.9300289E-02  1.9727891E-02  1.1846453E-02  7.7910591E-03
  5.4120505E-03  3.8940718E-03  0.0000000E+00
  0.1522838      5.0913505E-02  2.5966959E-02  1.5840622E-02  1.0553936E-02
  7.3916423E-03  5.3265304E-03  0.0000000E+00
  0.1966958      6.8950437E-02  3.5694849E-02  2.2099124E-02  1.4897959E-02
  1.0495626E-02  7.4995137E-03  0.0000000E+00
  0.2686103      9.7959176E-02  5.1642369E-02  3.2517008E-02  2.2176871E-02
  1.5587949E-02  1.0563654E-02
  0.3911564      0.1476190      7.9747327E-02  5.1292516E-02  3.5257529E-02
  2.3731777E-02
  0.6154519      0.2412051      0.1348882      8.9018464E-02  5.9669577E-02
   1.073858      0.4442177      0.2620019      0.1742468    
   2.197279       1.000000      0.6306122    
   5.996112       3.288630    
   35.69485    
  1.0000000E+09
  0.2100094      3.4343719E-02  1.1794145E-02  5.5014160E-03  3.0358830E-03
  1.8621341E-03  1.2275731E-03  8.5382437E-04
  0.2115203      3.7488196E-02  1.3437205E-02  6.4494810E-03  3.6298393E-03
  2.2596789E-03  1.5061379E-03  1.0557129E-03
  0.2084986      4.1180357E-02  1.5590179E-02  7.7393763E-03  4.4570351E-03
  2.8186969E-03  1.9017941E-03  1.3437205E-03
  0.2039660      4.5816809E-02  1.8489141E-02  9.5278565E-03  5.6270063E-03
  3.6194522E-03  2.4693105E-03  0.0000000E+00
  0.2045326      5.2115202E-02  2.2502359E-02  1.2077432E-02  7.3163360E-03
  4.7856467E-03  3.2955620E-03  0.0000000E+00
  0.2187913      6.1520301E-02  2.8328612E-02  1.5826251E-02  9.8300278E-03
  6.5288004E-03  4.5203022E-03  0.0000000E+00
  0.2546742      7.6912180E-02  3.7365440E-02  2.1643061E-02  1.3758262E-02
  9.2294617E-03  6.3512749E-03  0.0000000E+00
  0.3207743      0.1038716      5.2426819E-02  3.1284232E-02  2.0226628E-02
  1.3559962E-02  8.8517470E-03
  0.4366384      0.1528801      7.9452313E-02  4.8526909E-02  3.1567518E-02
  2.0198300E-02
  0.6560906      0.2472143      0.1323890      8.2332380E-02  5.1746927E-02
   1.119924      0.4516525      0.2515581      0.1547686    
   2.274787       1.000000      0.5779981    
   6.160529       3.140699    
   36.04344    
  1.0000000E+10
  0.3654611      5.1347192E-02  1.6021699E-02  6.9773956E-03  3.6509945E-03
  2.1464736E-03  1.3679927E-03  9.2405058E-04
  0.3916817      5.5750452E-02  1.7558770E-02  7.7016270E-03  4.0533454E-03
  2.3942133E-03  1.5307413E-03  1.0361663E-03
  0.4234177      6.1618444E-02  1.9701626E-02  8.7396018E-03  4.6401443E-03
  2.7594934E-03  1.7739602E-03  1.2052441E-03
  0.4566003      6.9014467E-02  2.2613019E-02  1.0207956E-02  5.4945746E-03
  3.3010847E-03  2.1383364E-03  0.0000000E+00
  0.4841772      7.8173600E-02  2.6636528E-02  1.2350813E-02  6.7757685E-03
  4.1292948E-03  2.6998192E-03  0.0000000E+00
  0.4991862      8.9837246E-02  3.2423146E-02  1.5605787E-02  8.7802885E-03
  5.4430375E-03  3.5922241E-03  0.0000000E+00
  0.5033454      0.1059674      4.1301988E-02  2.0804701E-02  1.2043400E-02
  7.5877034E-03  5.0099459E-03  0.0000000E+00
  0.5222423      0.1309222      5.5660032E-02  2.9448463E-02  1.7522603E-02
  1.1112116E-02  7.0162746E-03
  0.6058770      0.1742315      8.0614828E-02  4.4701625E-02  2.7052442E-02
  1.6473779E-02
  0.8152803      0.2614828      0.1292043      7.3987342E-02  4.3417718E-02
   1.273056      0.4619349      0.2377938      0.1339060    
   2.441230       1.000000      0.5201628    
   6.441230       2.983725    
   36.32007    
