   100.0000    
  3.5318535E-02  1.2873128E-02  7.0113698E-03  4.7662877E-03  3.6527703E-03
  3.0175059E-03  2.6240749E-03  2.3732178E-03
  4.2465258E-02  1.5565782E-02  8.5562170E-03  5.8780005E-03  4.5587439E-03
  3.8151960E-03  3.3694278E-03  3.1041328E-03
  5.1777657E-02  1.9130120E-02  1.0628046E-02  7.3957769E-03  5.8184443E-03
  4.9521746E-03  4.4612885E-03  4.2086267E-03
  6.4230286E-02  2.3930699E-02  1.3483126E-02  9.5307706E-03  7.6376107E-03
  6.6432054E-03  6.1487094E-03  0.0000000E+00
  8.1339113E-02  3.0644288E-02  1.7554592E-02  1.2656560E-02  1.0389821E-02
  9.3123978E-03  8.9550624E-03  0.0000000E+00
  0.1056127      4.0353727E-02  2.3605848E-02  1.7473379E-02  1.4824038E-02
  1.3876556E-02  1.4145461E-02  0.0000000E+00
  0.1414366      5.5062264E-02  3.3116765E-02  2.5410576E-02  2.2631295E-02
  2.2685435E-02  2.5410576E-02  0.0000000E+00
  0.1970764      7.8686155E-02  4.9178850E-02  3.9830353E-02  3.8350478E-02
  4.3187153E-02  5.5369068E-02
  0.2889370      0.1197437      7.9299763E-02  7.0167840E-02  7.7892080E-02
  0.1064248    
  0.4553330      0.1997834      0.1458220      0.1530049      0.2223425    
  0.7969681      0.3863924      0.3441617      0.5224689    
   1.656199       1.000000       1.467064    
   4.863743       5.674066    
   42.46526    
   1000.000    
  3.5317741E-02  1.2901537E-02  7.0338692E-03  4.7817738E-03  3.6644556E-03
  3.0219972E-03  2.6222069E-03  2.3603353E-03
  4.2440642E-02  1.5598812E-02  8.5824030E-03  5.8990922E-03  4.5722765E-03
  3.8198323E-03  3.3641760E-03  3.0796090E-03
  5.1763270E-02  1.9168995E-02  1.0659916E-02  7.4196928E-03  5.8344975E-03
  4.9563549E-03  4.4465782E-03  4.1637570E-03
  6.4210899E-02  2.3987431E-02  1.3523045E-02  9.5600560E-03  7.6553775E-03
  6.6428077E-03  6.1138272E-03  0.0000000E+00
  8.1319839E-02  3.0708801E-02  1.7597765E-02  1.2695531E-02  1.0408521E-02
  9.2964387E-03  8.8722073E-03  0.0000000E+00
  0.1055866      4.0432964E-02  2.3673186E-02  1.7527934E-02  1.4839386E-02
  1.3818087E-02  1.3912360E-02  0.0000000E+00
  0.1414106      5.5167601E-02  3.3205308E-02  2.5471371E-02  2.2625698E-02
  2.2451118E-02  2.4563547E-02  0.0000000E+00
  0.1969274      7.8840785E-02  4.9319137E-02  3.9891761E-02  3.8198326E-02
  4.2143855E-02  5.1414106E-02
  0.2891062      0.1199895      7.9504192E-02  7.0146650E-02  7.6675981E-02
  9.9790506E-02
  0.4554819      0.2002444      0.1460894      0.1517283      0.2107193    
  0.7973115      0.3872207      0.3430517      0.4998254    
   1.657647       1.000000       1.417074    
   4.867319       5.530726    
   41.70741    
   10000.00    
  3.5367869E-02  1.2964369E-02  7.0768730E-03  4.8102937E-03  3.6803037E-03
  3.0237548E-03  2.6064008E-03  2.3243155E-03
  4.2494230E-02  1.5673047E-02  8.6341146E-03  5.9320359E-03  4.5892447E-03
  3.8188719E-03  3.3371826E-03  3.0221052E-03
  5.1814586E-02  1.9251073E-02  1.0722534E-02  7.4595851E-03  5.8528543E-03
  4.9455627E-03  4.3995380E-03  4.0646652E-03
  6.4285718E-02  2.4084462E-02  1.3599472E-02  9.6090408E-03  7.6723858E-03
  6.6166283E-03  6.0260640E-03  0.0000000E+00
  8.1408776E-02  3.0847905E-02  1.7700430E-02  1.2756516E-02  1.0420654E-02
  9.2345765E-03  8.6836033E-03  0.0000000E+00
  0.1056912      4.0613659E-02  2.3804028E-02  1.7601453E-02  1.4831739E-02
  1.3657209E-02  1.3447708E-02  0.0000000E+00
  0.1415704      5.5410761E-02  3.3388320E-02  2.5569120E-02  2.2533819E-02
  2.1972947E-02  2.3160676E-02  0.0000000E+00
  0.1972946      7.9181790E-02  4.9554605E-02  3.9953813E-02  3.7776310E-02
  4.0349718E-02  4.6090402E-02
  0.2895084      0.1205213      7.9841644E-02  6.9943912E-02  7.4463882E-02
  9.0663150E-02
  0.4562851      0.2010888      0.1464038      0.1492082      0.1941604    
  0.7990763      0.3888156      0.3408116      0.4675025    
   1.661168       1.000000       1.344771    
   4.876278       5.323326    
   40.61366    
   100000.0    
  3.5707843E-02  1.3119928E-02  7.1701235E-03  4.8677488E-03  3.7045386E-03
  3.0162307E-03  2.5668771E-03  2.2482716E-03
  4.2831380E-02  1.5855124E-02  8.7421099E-03  5.9933872E-03  4.6107606E-03
  3.7992185E-03  3.2717162E-03  2.9035166E-03
  5.2164108E-02  1.9461976E-02  1.0847610E-02  7.5293053E-03  5.8701532E-03
  4.9068229E-03  4.2906520E-03  3.8683496E-03
  6.4667866E-02  2.4346258E-02  1.3752631E-02  9.6904123E-03  7.6810941E-03
  6.5389234E-03  5.8325818E-03  0.0000000E+00
  8.1860535E-02  3.1169221E-02  1.7899008E-02  1.2849414E-02  1.0407274E-02
  9.0757441E-03  8.3107911E-03  0.0000000E+00
  0.1062819      4.1027956E-02  2.4045687E-02  1.7703636E-02  1.4756537E-02
  1.3301773E-02  1.2634506E-02  0.0000000E+00
  0.1423354      5.5981364E-02  3.3709045E-02  2.5653740E-02  2.2272319E-02
  2.1070033E-02  2.1039976E-02  0.0000000E+00
  0.1983769      7.9981968E-02  4.9999997E-02  3.9960925E-02  3.6895100E-02
  3.7466187E-02  3.9209500E-02
  0.2911031      0.1217012      8.0417797E-02  6.9371805E-02  7.0724376E-02
  7.8614369E-02
  0.4591223      0.2028855      0.1467989      0.1447250      0.1719267    
  0.8046288      0.3919447      0.3364893      0.4229035    
   1.674181       1.000000       1.244064    
   4.903817       5.036068    
   39.19447    
   1000000.    
  3.7677970E-02  1.3538700E-02  7.4191042E-03  5.0129429E-03  3.7665025E-03
  3.0054362E-03  2.4889980E-03  2.1123479E-03
  4.4550866E-02  1.6282681E-02  8.9904219E-03  6.1286562E-03  4.6505309E-03
  3.7509708E-03  3.1413410E-03  2.6922079E-03
  5.3714730E-02  1.9945638E-02  1.1113124E-02  7.6585556E-03  5.8827335E-03
  4.8058503E-03  4.0745535E-03  3.5361119E-03
  6.6153243E-02  2.4902925E-02  1.4043489E-02  9.8162042E-03  7.6533780E-03
  6.3499869E-03  5.4698419E-03  0.0000000E+00
  8.3406679E-02  3.1840537E-02  1.8237121E-02  1.2969194E-02  1.0306756E-02
  8.7237898E-03  7.6650269E-03  0.0000000E+00
  0.1080378      4.1897487E-02  2.4475794E-02  1.7809993E-02  1.4509449E-02
  1.2605487E-02  1.1361636E-02  0.0000000E+00
  0.1445767      5.7118818E-02  3.4247994E-02  2.5692467E-02  2.1667097E-02
  1.9518510E-02  1.8146517E-02  0.0000000E+00
  0.2013979      8.1568725E-02  5.0685998E-02  3.9710067E-02  3.5192855E-02
  3.3316076E-02  3.1452239E-02
  0.2956252      0.1240487      8.1193365E-02  6.7965314E-02  6.4936578E-02
  6.4587109E-02
  0.4664768      0.2065752      0.1469065      0.1371991      0.1450945    
  0.8178876      0.3974890      0.3286306      0.3678488    
   1.702045       1.000000       1.116749    
   4.963758       4.671240    
   37.82035    
  1.0000000E+07
  4.7104564E-02  1.5848169E-02  8.7395133E-03  5.7325559E-03  4.0976061E-03
  3.0847145E-03  2.4043382E-03  1.9234704E-03
  5.3089831E-02  1.8078575E-02  1.0043995E-02  6.7014527E-03  4.8823413E-03
  3.7425824E-03  2.9639860E-03  2.4022919E-03
  6.1387353E-02  2.1444650E-02  1.1980765E-02  8.1010843E-03  6.0016369E-03
  4.6777166E-03  3.7620217E-03  3.0877839E-03
  7.2958864E-02  2.6304482E-02  1.4804583E-02  1.0145284E-02  7.6376102E-03
  6.0507469E-03  4.9396357E-03  0.0000000E+00
  8.9482300E-02  3.3312872E-02  1.8968694E-02  1.3198281E-02  1.0106405E-02
  8.1471251E-03  6.7556784E-03  0.0000000E+00
  0.1137712      4.3595251E-02  2.5230205E-02  1.7894415E-02  1.3996317E-02
  1.1510129E-02  9.7104562E-03  0.0000000E+00
  0.1505013      5.9249029E-02  3.5082873E-02  2.5547370E-02  2.0523839E-02
  1.7311234E-02  1.4835278E-02  0.0000000E+00
  0.2085124      8.4428079E-02  5.1606301E-02  3.8960509E-02  3.2473911E-02
  2.8217720E-02  2.3920605E-02
  0.3054021      0.1280950      8.2023740E-02  6.5275222E-02  5.7253942E-02
  5.0460409E-02
  0.4816861      0.2127072      0.1463065      0.1263556      0.1170452    
  0.8445877      0.4063843      0.3161449      0.3078576    
   1.756702       1.000000      0.9741150    
   5.080827       4.263352    
   37.38490    
  1.0000000E+08
  0.1132624      3.1808510E-02  1.3943261E-02  7.5815604E-03  4.6744682E-03
  3.1290778E-03  2.2184397E-03  1.6404255E-03
  0.1007092      3.1751771E-02  1.4971632E-02  8.5248221E-03  5.4304963E-03
  3.7241133E-03  2.6893616E-03  2.0177304E-03
  9.6241131E-02  3.2354608E-02  1.6361702E-02  9.7801415E-03  6.4489366E-03
  4.5375889E-03  3.3418438E-03  2.5446808E-03
  0.1007801      3.4482267E-02  1.8446809E-02  1.1546099E-02  7.8865252E-03
  5.6978725E-03  4.2815604E-03  0.0000000E+00
  0.1139716      3.9312057E-02  2.1801418E-02  1.4198582E-02  1.0021276E-02
  7.4326242E-03  5.6914892E-03  0.0000000E+00
  0.1363830      4.8297875E-02  2.7382979E-02  1.8397164E-02  1.3375886E-02
  1.0163120E-02  7.9148943E-03  0.0000000E+00
  0.1714894      6.3602842E-02  3.6751773E-02  2.5368793E-02  1.8957447E-02
  1.4716312E-02  1.1567376E-02  0.0000000E+00
  0.2284397      8.9290783E-02  5.2921988E-02  3.7638295E-02  2.8929079E-02
  2.2858156E-02  1.7489363E-02
  0.3268794      0.1345390      8.2695037E-02  6.1156027E-02  4.8496455E-02
  3.7886523E-02
  0.5099291      0.2217731      0.1442553      0.1127660      9.0851061E-02
  0.8907801      0.4187943      0.2988653      0.2493617    
   1.847518       1.000000      0.8297873    
   5.274468       3.851064    
   36.68794    
  1.0000000E+09
  0.3728773      5.9436623E-02  1.9983904E-02  9.2032198E-03  5.0422540E-03
  3.0828975E-03  2.0325957E-03  1.4156941E-03
  0.3550503      6.1327972E-02  2.1440644E-02  1.0136820E-02  5.6619719E-03
  3.5167004E-03  2.3480887E-03  1.6523140E-03
  0.3257546      6.3460767E-02  2.3412475E-02  1.1456741E-02  6.5593561E-03
  4.1529173E-03  2.8132799E-03  2.0028169E-03
  0.2875654      6.5915495E-02  2.6096579E-02  1.3323943E-02  7.8591546E-03
  5.0865193E-03  3.5042253E-03  0.0000000E+00
  0.2509859      6.9094568E-02  2.9766599E-02  1.5987929E-02  9.7625749E-03
  6.4748493E-03  4.5432597E-03  0.0000000E+00
  0.2321127      7.3963784E-02  3.4969822E-02  1.9899396E-02  1.2631791E-02
  8.6076465E-03  6.1408454E-03  0.0000000E+00
  0.2445070      8.3259553E-02  4.3018110E-02  2.6020123E-02  1.7215293E-02
  1.2044266E-02  8.6760568E-03  0.0000000E+00
  0.2948088      0.1035412      5.7102617E-02  3.6498994E-02  2.5106641E-02
  1.7899398E-02  1.2498994E-02
  0.3926358      0.1461972      8.4185109E-02  5.6297787E-02  3.9883301E-02
  2.7839035E-02
  0.5774648      0.2344467      0.1409658      9.8108657E-02  6.9094568E-02
  0.9738431      0.4342053      0.2778672      0.1979879    
   1.987928       1.000000      0.6969819    
   5.565392       3.473642    
   35.82696    
  1.0000000E+10
  0.7338682      0.1031410      3.2229431E-02  1.4055992E-02  7.3711169E-03
  4.3444862E-03  2.7739843E-03  1.8794810E-03
  0.7135541      0.1014339      3.1956300E-02  1.4032094E-02  7.3984293E-03
  4.3803346E-03  2.8081257E-03  1.9085013E-03
  0.7079208      0.1025947      3.2741550E-02  1.4527143E-02  7.7244798E-03
  4.6039606E-03  2.9685902E-03  2.0262890E-03
  0.7091157      0.1063503      3.4670539E-02  1.5626494E-02  8.4141353E-03
  5.0665759E-03  3.2946400E-03  0.0000000E+00
  0.7053602      0.1126664      3.7999317E-02  1.7548652E-02  9.6210316E-03
  5.8774329E-03  3.8613863E-03  0.0000000E+00
  0.6809492      0.1218334      4.3342438E-02  2.0723797E-02  1.1664391E-02
  7.2618644E-03  4.8275865E-03  0.0000000E+00
  0.6278594      0.1353192      5.2031413E-02  2.6083989E-02  1.5153636E-02
  9.6329814E-03  6.4475937E-03  0.0000000E+00
  0.5742574      0.1560089      6.6336639E-02  3.5233870E-02  2.1218847E-02
  1.3704336E-02  8.8818716E-03
  0.5933766      0.1910208      9.1054969E-02  5.1672928E-02  3.2161150E-02
  2.0331172E-02
  0.7635712      0.2654490      0.1401673      8.4482759E-02  5.2321617E-02
   1.183339      0.4547627      0.2564015      0.1568283    
   2.246501       1.000000      0.5851827    
   5.996928       3.161489    
   35.64357    
