   100.0000    
  4.5222819E-02  1.5250563E-02  7.3053581E-03  4.2535113E-03  2.7535979E-03
  1.9056703E-03  1.3813074E-03  1.0371077E-03
  5.5245358E-02  1.8675221E-02  8.9804055E-03  5.2470951E-03  3.4073174E-03
  2.3651812E-03  1.7199584E-03  1.2947806E-03
  6.8510488E-02  2.3235653E-02  1.1219004E-02  6.5840124E-03  4.2933933E-03
  2.9911567E-03  2.1831107E-03  1.6479972E-03
  8.6405411E-02  2.9426046E-02  1.4286458E-02  8.4289927E-03  5.5245361E-03
  3.8668283E-03  2.8333622E-03  0.0000000E+00
  0.1112537      3.8078722E-02  1.8605860E-02  1.1057742E-02  7.2932197E-03
  5.1361197E-03  3.7835964E-03  0.0000000E+00
  0.1467661      5.0580893E-02  2.4934975E-02  1.4943644E-02  9.9375760E-03
  7.0521939E-03  5.2262875E-03  0.0000000E+00
  0.1995838      6.9412172E-02  3.4610715E-02  2.0981446E-02  1.4107855E-02
  1.0110976E-02  7.5203748E-03  0.0000000E+00
  0.2817756      9.9306397E-02  5.0286114E-02  3.0951967E-02  2.1137506E-02
  1.5311253E-02  1.1073348E-02
  0.4178949      0.1501127      7.7683374E-02  4.8933588E-02  3.4107856E-02
  2.4397433E-02
  0.6627362      0.2451881      0.1310733      8.5486390E-02  6.0135253E-02
   1.157448      0.4492804      0.2536848      0.1726894    
   2.353043       1.000000      0.6193862    
   6.310040       3.263395    
   32.68597    
   1000.000    
  4.5233969E-02  1.5261699E-02  7.3084920E-03  4.2547658E-03  2.7521662E-03
  1.9029463E-03  1.3785094E-03  1.0339689E-03
  5.5268630E-02  1.8700173E-02  8.9844018E-03  5.2478337E-03  3.4055458E-03
  2.3622185E-03  1.7161178E-03  1.2902947E-03
  6.8526864E-02  2.3240902E-02  1.1223570E-02  6.5840557E-03  4.2911614E-03
  2.9878684E-03  2.1767763E-03  1.6415945E-03
  8.6447142E-02  2.9445408E-02  1.4292895E-02  8.4298095E-03  5.5199307E-03
  3.8613519E-03  2.8266897E-03  0.0000000E+00
  0.1112825      3.8110919E-02  1.8613517E-02  1.1055459E-02  7.2859619E-03
  5.1265163E-03  3.7694974E-03  0.0000000E+00
  0.1468284      5.0623916E-02  2.4956673E-02  1.4941074E-02  9.9272095E-03
  7.0363949E-03  5.2027730E-03  0.0000000E+00
  0.1996534      6.9462739E-02  3.4627382E-02  2.0970536E-02  1.4088389E-02
  1.0077990E-02  7.4679372E-03  0.0000000E+00
  0.2819757      9.9376082E-02  5.0294630E-02  3.0935874E-02  2.1091854E-02
  1.5233968E-02  1.0923743E-02
  0.4181976      0.1502080      7.7694975E-02  4.8890810E-02  3.3986136E-02
  2.4124784E-02
  0.6630849      0.2452340      0.1310572      8.5320622E-02  5.9618719E-02
   1.158059      0.4493934      0.2535529      0.1715945    
   2.353553       1.000000      0.6168111    
   6.313692       3.256499    
   32.66898    
   10000.00    
  4.5273542E-02  1.5285665E-02  7.3164818E-03  4.2538089E-03  2.7493073E-03
  1.8975069E-03  1.3729224E-03  1.0277008E-03
  5.5297781E-02  1.8715374E-02  8.9923823E-03  5.2475757E-03  3.4020082E-03
  2.3563020E-03  1.7086217E-03  1.2816828E-03
  6.8559557E-02  2.3286009E-02  1.1232687E-02  6.5841414E-03  4.2849723E-03
  2.9778392E-03  2.1675900E-03  1.6291550E-03
  8.6495847E-02  2.9484071E-02  1.4302285E-02  8.4279776E-03  5.5124653E-03
  3.8486843E-03  2.8099029E-03  0.0000000E+00
  0.1113573      3.8157895E-02  1.8628808E-02  1.1052631E-02  7.2731990E-03
  5.1073404E-03  3.7448062E-03  0.0000000E+00
  0.1469183      5.0675210E-02  2.4965374E-02  1.4932480E-02  9.9065099E-03
  7.0048478E-03  5.1592798E-03  0.0000000E+00
  0.1997922      6.9546402E-02  3.4643352E-02  2.0948753E-02  1.4049514E-02
  1.0017313E-02  7.3753460E-03  0.0000000E+00
  0.2820291      9.9480614E-02  5.0311632E-02  3.0903738E-02  2.1018004E-02
  1.5093490E-02  1.0692521E-02
  0.4184557      0.1503636      7.7683516E-02  4.8788089E-02  3.3760387E-02
  2.3701522E-02
  0.6636081      0.2454986      0.1309903      8.4989615E-02  5.8795016E-02
   1.159107      0.4497922      0.2531163      0.1698061    
   2.356302       1.000000      0.6125346    
   6.319252       3.244460    
   32.61773    
   100000.0    
  4.5385413E-02  1.5330107E-02  7.3297615E-03  4.2550988E-03  2.7428274E-03
  1.8890424E-03  1.3619080E-03  1.0155548E-03
  5.5409607E-02  1.8769443E-02  9.0079503E-03  5.2471482E-03  3.3944002E-03
  2.3435878E-03  1.6939163E-03  1.2651227E-03
  6.8665743E-02  2.3349464E-02  1.1251296E-02  6.5814033E-03  4.2741098E-03
  2.9623229E-03  2.1465607E-03  1.6057726E-03
  8.6605594E-02  2.9554095E-02  1.4322502E-02  8.4237810E-03  5.4960246E-03
  3.8247493E-03  2.7791220E-03  0.0000000E+00
  0.1114933      3.8247492E-02  1.8648462E-02  1.1043899E-02  7.2485306E-03
  5.0691324E-03  3.6968545E-03  0.0000000E+00
  0.1470964      5.0795019E-02  2.4991358E-02  1.4915313E-02  9.8634632E-03
  6.9426200E-03  5.0777737E-03  0.0000000E+00
  0.1999654      6.9702730E-02  3.4669891E-02  2.0912547E-02  1.3973384E-02
  9.9032149E-03  7.2174212E-03  0.0000000E+00
  0.2825786      9.9688902E-02  5.0328378E-02  3.0833043E-02  2.0860696E-02
  1.4842723E-02  1.0343933E-02
  0.4191151      0.1506567      7.7687517E-02  4.8600066E-02  3.3373661E-02
  2.3038369E-02
  0.6647079      0.2459385      0.1308676      8.4376074E-02  5.7449013E-02
   1.161078      0.4503975      0.2523332      0.1668856    
   2.360871       1.000000      0.6054268    
   6.329070       3.223298    
   32.54407    
   1000000.    
  4.6233412E-02  1.5433546E-02  7.3607997E-03  4.2561628E-03  2.7322876E-03
  1.8703672E-03  1.3402862E-03  9.9241512E-04
  5.6093778E-02  1.8893294E-02  9.0398202E-03  5.2473713E-03  3.3770041E-03
  2.3202896E-03  1.6652301E-03  1.2344423E-03
  6.9229446E-02  2.3478711E-02  1.1285986E-02  6.5781763E-03  4.2509912E-03
  2.9288053E-03  2.1065334E-03  1.5633511E-03
  8.7088428E-02  2.9719016E-02  1.4363041E-02  8.4140673E-03  5.4611275E-03
  3.7769352E-03  2.7236682E-03  0.0000000E+00
  0.1119635      3.8441651E-02  1.8703673E-02  1.1023962E-02  7.1953111E-03
  4.9974145E-03  3.6114464E-03  0.0000000E+00
  0.1476125      5.1042926E-02  2.5047405E-02  1.4880193E-02  9.7793490E-03
  6.8246857E-03  4.9353559E-03  0.0000000E+00
  0.2006551      7.0005171E-02  3.4718152E-02  2.0858472E-02  1.3825202E-02
  9.6948808E-03  6.9608688E-03  0.0000000E+00
  0.2833994      0.1001034      5.0370626E-02  3.0684367E-02  2.0565420E-02
  1.4421651E-02  9.8362351E-03
  0.4204448      0.1512326      7.7676266E-02  4.8233062E-02  3.2684021E-02
  2.2047924E-02
  0.6671264      0.2466816      0.1306327      8.3261512E-02  5.5404242E-02
   1.165489      0.4514739      0.2508188      0.1622651    
   2.370281       1.000000      0.5938632    
   6.348906       3.190829    
   32.63231    
  1.0000000E+07
  5.2103724E-02  1.5864674E-02  7.4892668E-03  4.2778635E-03  2.7082260E-03
  1.8289541E-03  1.2933196E-03  9.4590418E-04
  6.1119698E-02  1.9251244E-02  9.1447700E-03  5.2550235E-03  3.3436371E-03
  2.2668727E-03  1.6075906E-03  1.1772283E-03
  7.3364243E-02  2.3802163E-02  1.1375579E-02  6.5722135E-03  4.2005838E-03
  2.8593508E-03  2.0333163E-03  1.4889232E-03
  9.0382963E-02  3.0053237E-02  1.4444444E-02  8.3925808E-03  5.3906920E-03
  3.6836681E-03  2.6223597E-03  0.0000000E+00
  0.1145629      3.8811609E-02  1.8787565E-02  1.0980594E-02  7.0908465E-03
  4.8617548E-03  3.4638501E-03  0.0000000E+00
  0.1497338      5.1502660E-02  2.5124505E-02  1.4798214E-02  9.6153188E-03
  6.6168644E-03  4.7071958E-03  0.0000000E+00
  0.2026447      7.0582174E-02  3.4793064E-02  2.0693799E-02  1.3546282E-02
  9.3422635E-03  6.5739308E-03  0.0000000E+00
  0.2854199      0.1008758      5.0420746E-02  3.0379530E-02  2.0041216E-02
  1.3759230E-02  9.1516403E-03
  0.4233213      0.1522926      7.7606045E-02  4.7535636E-02  3.1530138E-02
  2.0659454E-02
  0.6714752      0.2481539      0.1301048      8.1349812E-02  5.2430019E-02
   1.173622      0.4533745      0.2479821      0.1553666    
   2.387086       1.000000      0.5761635    
   6.386742       3.140993    
   33.71114    
  1.0000000E+08
  7.7388480E-02  1.9330028E-02  8.2755089E-03  4.4026664E-03  2.6457016E-03
  1.7193643E-03  1.1818493E-03  8.4600929E-04
  8.3626732E-02  2.2132969E-02  9.8256711E-03  5.3478042E-03  3.2609811E-03
  2.1398051E-03  1.4794052E-03  1.0623826E-03
  9.3795933E-02  2.6063921E-02  1.1921040E-02  6.6193817E-03  4.0898994E-03
  2.7072297E-03  1.8817297E-03  1.3531022E-03
  0.1089557      3.1738166E-02  1.4845327E-02  8.3814738E-03  5.2384213E-03
  3.4934198E-03  2.4354812E-03  0.0000000E+00
  0.1309178      4.0112801E-02  1.9056574E-02  1.0898991E-02  6.8774573E-03
  4.6111778E-03  3.2182534E-03  0.0000000E+00
  0.1633396      5.2606393E-02  2.5311911E-02  1.4628270E-02  9.3026832E-03
  6.2604686E-03  4.3582292E-03  0.0000000E+00
  0.2132969      7.1731329E-02  3.4917109E-02  2.0389678E-02  1.3054180E-02
  8.7899501E-03  6.0399934E-03  0.0000000E+00
  0.2941378      0.1022731      5.0435822E-02  2.9789779E-02  1.9176209E-02
  1.2808067E-02  8.2943086E-03
  0.4312083      0.1541617      7.7388480E-02  4.6316870E-02  2.9806871E-02
  1.8902753E-02
  0.6810802      0.2507264      0.1290207      7.8277223E-02  4.8487440E-02
   1.189198      0.4566741      0.2433772      0.1458041    
   2.418390       1.000000      0.5508460    
   6.458725       3.067852    
   35.85712    
  1.0000000E+09
  0.1717927      2.8394222E-02  9.7909942E-03  4.5709428E-03  2.5199659E-03
  1.5422261E-03  1.0144435E-03  7.0314354E-04
  0.1772303      3.1690739E-02  1.1393373E-02  5.4596430E-03  3.0620222E-03
  1.8980459E-03  1.2596431E-03  8.7867462E-04
  0.1807986      3.5768900E-02  1.3514018E-02  6.6728974E-03  3.8164824E-03
  2.3959216E-03  1.6045879E-03  1.1252336E-03
  0.1855565      4.1070517E-02  1.6404418E-02  8.3636362E-03  4.8802039E-03
  3.1045028E-03  2.0951570E-03  0.0000000E+00
  0.1966015      4.8411213E-02  2.0458791E-02  1.0773151E-02  6.4129140E-03
  4.1257432E-03  2.7986404E-03  0.0000000E+00
  0.2210705      5.9269328E-02  2.6372133E-02  1.4321155E-02  8.6796945E-03
  5.6346641E-03  3.8232794E-03  0.0000000E+00
  0.2657604      7.6567546E-02  3.5497025E-02  1.9796092E-02  1.2168224E-02
  7.9320306E-03  5.3186067E-03  0.0000000E+00
  0.3406967      0.1057774      5.0484281E-02  2.8700083E-02  1.7807987E-02
  1.1514019E-02  7.2761253E-03
  0.4698386      0.1573662      7.6754458E-02  4.4265077E-02  2.7408667E-02
  1.6774852E-02
  0.7133390      0.2547154      0.1269499      7.3797785E-02  4.3653354E-02
   1.223279      0.4616822      0.2360238      0.1336788    
   2.474087       1.000000      0.5174171    
   6.581138       2.975361    
   36.61852    
  1.0000000E+10
  0.2828658      3.9827645E-02  1.2443393E-02  5.4224394E-03  2.8387967E-03
  1.6686380E-03  1.0628591E-03  7.1764103E-04
  0.3114228      4.4474483E-02  1.4033457E-02  6.1608646E-03  3.2426494E-03
  1.9144980E-03  1.2237241E-03  8.2815136E-04
  0.3447110      5.0422437E-02  1.6164243E-02  7.1764109E-03  3.8104088E-03
  2.2659684E-03  1.4547143E-03  9.8749576E-04
  0.3800270      5.7857383E-02  1.9026697E-02  8.5974988E-03  4.6231835E-03
  2.7745857E-03  1.7945251E-03  0.0000000E+00
  0.4126394      6.7184858E-02  2.2963839E-02  1.0648868E-02  5.8313617E-03
  3.5434267E-03  2.3082122E-03  0.0000000E+00
  0.4388306      7.9435617E-02  2.8692126E-02  1.3761406E-02  7.7036158E-03
  4.7465358E-03  3.1125380E-03  0.0000000E+00
  0.4633322      9.6840143E-02  3.7478875E-02  1.8705644E-02  1.0718148E-02
  6.6779312E-03  4.3612705E-03  0.0000000E+00
  0.5101386      0.1239777      5.1689759E-02  2.6850287E-02  1.5696181E-02
  9.7769517E-03  6.0628592E-03
  0.6221696      0.1708347      7.6292664E-02  4.1044272E-02  2.4163567E-02
  1.4322406E-02
  0.8573842      0.2630956      0.1234370      6.7624196E-02  3.8137883E-02
   1.353160      0.4677255      0.2255830      0.1197195    
   2.605610       1.000000      0.4782021    
   6.797904       2.870902    
   37.02264    
