   100.0000    
  4.8701644E-02  1.5773715E-02  7.1939589E-03  4.0010596E-03  2.4888711E-03
  1.6640169E-03  1.1711711E-03  8.5665076E-04
  5.9618440E-02  1.9348171E-02  8.8473773E-03  4.9337572E-03  3.0763117E-03
  2.0604134E-03  1.4525702E-03  1.0641229E-03
  7.4112348E-02  2.4101749E-02  1.1057233E-02  6.1844196E-03  3.8659244E-03
  2.5961844E-03  1.8341283E-03  1.3457870E-03
  9.3720190E-02  3.0577635E-02  1.4080551E-02  7.9067303E-03  4.9576042E-03
  3.3386326E-03  2.3651298E-03  0.0000000E+00
  0.1210122      3.9613143E-02  1.8338634E-02  1.0344462E-02  6.5156328E-03
  4.4038156E-03  3.1266559E-03  0.0000000E+00
  0.1601219      5.2702703E-02  2.4541600E-02  1.3926868E-02  8.8208802E-03
  5.9883413E-03  4.2607314E-03  0.0000000E+00
  0.2183890      7.2390035E-02  3.3995762E-02  1.9435612E-02  1.2395336E-02
  8.4605189E-03  6.0042394E-03  0.0000000E+00
  0.3092210      0.1035771      4.9152091E-02  2.8404875E-02  1.8285638E-02
  1.2514573E-02  8.5506095E-03
  0.4599894      0.1563328      7.5331211E-02  4.4197138E-02  2.8749337E-02
  1.9149443E-02
  0.7310545      0.2541336      0.1252782      7.5066239E-02  4.8304185E-02
   1.276630      0.4610493      0.2355326      0.1432432    
   2.582141       1.000000      0.5378909    
   6.791203       3.039216    
   32.53842    
   1000.000    
  4.8688743E-02  1.5780132E-02  7.1973507E-03  4.0026493E-03  2.4874173E-03
  1.6622517E-03  1.1690066E-03  8.5456955E-04
  5.9629142E-02  1.9356292E-02  8.8503314E-03  4.9324506E-03  3.0728476E-03
  2.0580133E-03  1.4500663E-03  1.0611921E-03
  7.4092716E-02  2.4111258E-02  1.1059603E-02  6.1827814E-03  3.8622518E-03
  2.5928477E-03  1.8304636E-03  1.3414570E-03
  9.3721852E-02  3.0596025E-02  1.4082119E-02  7.9046357E-03  4.9536424E-03
  3.3350992E-03  2.3597351E-03  0.0000000E+00
  0.1210066      3.9629139E-02  1.8341722E-02  1.0341722E-02  6.5086093E-03
  4.3973508E-03  3.1178810E-03  0.0000000E+00
  0.1601325      5.2715231E-02  2.4545696E-02  1.3923179E-02  8.8105956E-03
  5.9788083E-03  4.2463578E-03  0.0000000E+00
  0.2184106      7.2423846E-02  3.3986755E-02  1.9427814E-02  1.2381457E-02
  8.4370859E-03  5.9735100E-03  0.0000000E+00
  0.3094040      0.1036026      4.9139075E-02  2.8397350E-02  1.8254304E-02
  1.2463576E-02  8.4582781E-03
  0.4601324      0.1563709      7.5337753E-02  4.4158943E-02  2.8662251E-02
  1.8985430E-02
  0.7311258      0.2541987      0.1252450      7.4940398E-02  4.8000000E-02
   1.276821      0.4609272      0.2353642      0.1425695    
   2.582781       1.000000      0.5364239    
   6.794702       3.035762    
   32.52980    
   10000.00    
  4.8702333E-02  1.5797140E-02  7.2007412E-03  4.0015890E-03  2.4854345E-03
  1.6588984E-03  1.1655191E-03  8.5063564E-04
  5.9639830E-02  1.9377649E-02  8.8559324E-03  4.9337926E-03  3.0720341E-03
  2.0537607E-03  1.4451802E-03  1.0558793E-03
  7.4126065E-02  2.4136653E-02  1.1067268E-02  6.1837924E-03  3.8585807E-03
  2.5871294E-03  1.8236230E-03  1.3336864E-03
  9.3750000E-02  3.0614408E-02  1.4091631E-02  7.9025431E-03  4.9496824E-03
  3.3262712E-03  2.3495762E-03  0.0000000E+00
  0.1210540      3.9671611E-02  1.8350106E-02  1.0338983E-02  6.5015894E-03
  4.3855933E-03  3.1038136E-03  0.0000000E+00
  0.1601960      5.2780721E-02  2.4555085E-02  1.3916844E-02  8.7976698E-03
  5.9560384E-03  4.2187502E-03  0.0000000E+00
  0.2185117      7.2484113E-02  3.4004241E-02  1.9414727E-02  1.2354344E-02
  8.4004244E-03  5.9163137E-03  0.0000000E+00
  0.3095869      0.1036811      4.9152546E-02  2.8363347E-02  1.8201802E-02
  1.2378179E-02  8.3209751E-03
  0.4605403      0.1564884      7.5317800E-02  4.4094283E-02  2.8522247E-02
  1.8731464E-02
  0.7317267      0.2543697      0.1252119      7.4735172E-02  4.7484111E-02
   1.277807      0.4613347      0.2350901      0.1414725    
   2.584746       1.000000      0.5336335    
   6.798199       3.027013    
   32.49471    
   100000.0    
  4.8782423E-02  1.5828481E-02  7.2075170E-03  3.9994707E-03  2.4804128E-03
  1.6524616E-03  1.1580201E-03  8.4277394E-04
  5.9687667E-02  1.9415034E-02  8.8644782E-03  4.9311803E-03  3.0651137E-03
  2.0452619E-03  1.4354156E-03  1.0452620E-03
  7.4166223E-02  2.4182107E-02  1.1077289E-02  6.1805188E-03  3.8512440E-03
  2.5754366E-03  1.8102172E-03  1.3189518E-03
  9.3806244E-02  3.0677607E-02  1.4102699E-02  7.8983596E-03  4.9364744E-03
  3.3112757E-03  2.3300687E-03  0.0000000E+00
  0.1211223      3.9756484E-02  1.8361567E-02  1.0328216E-02  6.4822659E-03
  4.3594493E-03  3.0730546E-03  0.0000000E+00
  0.1602965      5.2858654E-02  2.4568554E-02  1.3901534E-02  8.7665431E-03
  5.9158285E-03  4.1688723E-03  0.0000000E+00
  0.2186607      7.2604552E-02  3.4012705E-02  1.9388566E-02  1.2302806E-02
  8.3271572E-03  5.8205398E-03  0.0000000E+00
  0.3096877      0.1038380      4.9179461E-02  2.8321862E-02  1.8099522E-02
  1.2223398E-02  8.1127584E-03
  0.4608258      0.1566967      7.5330868E-02  4.3965060E-02  2.8268924E-02
  1.8335098E-02
  0.7323981      0.2546586      0.1251191      7.4325040E-02  4.6691369E-02
   1.279248      0.4616199      0.2345421      0.1396771    
   2.588142       1.000000      0.5293806    
   6.805188       3.014822    
   32.47750    
   1000000.    
  4.9457815E-02  1.5892621E-02  7.2229570E-03  3.9962973E-03  2.4691881E-03
  1.6384554E-03  1.1430839E-03  8.2755886E-04
  6.0222160E-02  1.9486908E-02  8.8786036E-03  4.9246228E-03  3.0494579E-03
  2.0272415E-03  1.4157631E-03  1.0253900E-03
  7.4583441E-02  2.4268711E-02  1.1092303E-02  6.1703254E-03  3.8323195E-03
  2.5514413E-03  1.7839196E-03  1.2917217E-03
  9.4128534E-02  3.0785507E-02  1.4120603E-02  7.8841578E-03  4.9087545E-03
  3.2769109E-03  2.2933087E-03  0.0000000E+00
  0.1213965      3.9883625E-02  1.8384025E-02  1.0309442E-02  6.4427401E-03
  4.3110289E-03  3.0177201E-03  0.0000000E+00
  0.1605660      5.3028300E-02  2.4591379E-02  1.3866702E-02  8.7066917E-03
  5.8397246E-03  4.0782862E-03  0.0000000E+00
  0.2189897      7.2811425E-02  3.4038611E-02  1.9328220E-02  1.2197832E-02
  8.1909550E-03  5.6625227E-03  0.0000000E+00
  0.3102354      0.1041259      4.9166888E-02  2.8193597E-02  1.7900025E-02
  1.1957155E-02  7.8074583E-03
  0.4617826      0.1571013      7.5271092E-02  4.3692142E-02  2.7823327E-02
  1.7733404E-02
  0.7339329      0.2552235      0.1248876      7.3578417E-02  4.5411266E-02
   1.282200      0.4623115      0.2334567      0.1367892    
   2.594287       1.000000      0.5220841    
   6.820947       2.993917    
   32.58397    
  1.0000000E+07
  5.4850649E-02  1.6132699E-02  7.2614332E-03  3.9836108E-03  2.4385410E-03
  1.6032250E-03  1.1086441E-03  7.9592923E-04
  6.4736985E-02  1.9690724E-02  8.9109177E-03  4.9061594E-03  3.0134814E-03
  1.9862545E-03  1.3753636E-03  9.8731171E-04
  7.8218348E-02  2.4462067E-02  1.1123448E-02  6.1485595E-03  3.7879993E-03
  2.5011897E-03  1.7332806E-03  1.2434577E-03
  9.6960090E-02  3.0980706E-02  1.4152790E-02  7.8535555E-03  4.8532910E-03
  3.2117369E-03  2.2257469E-03  0.0000000E+00
  0.1235263      4.0126886E-02  1.8416602E-02  1.0264341E-02  6.3653188E-03
  4.2188740E-03  2.9209624E-03  0.0000000E+00
  0.1622258      5.3343911E-02  2.4628604E-02  1.3798573E-02  8.5884221E-03
  5.6991810E-03  3.9333864E-03  0.0000000E+00
  0.2203806      7.3222317E-02  3.4073487E-02  1.9209623E-02  1.2006345E-02
  7.9619354E-03  5.4189800E-03  0.0000000E+00
  0.3116574      0.1046788      4.9193766E-02  2.7967224E-02  1.7549563E-02
  1.1538462E-02  7.3909601E-03
  0.4636532      0.1578641      7.5204864E-02  4.3219671E-02  2.7094901E-02
  1.6886070E-02
  0.7369812      0.2563045      0.1244779      7.2323561E-02  4.3563310E-02
   1.288131      0.4636532      0.2315623      0.1324346    
   2.607190       1.000000      0.5107058    
   6.851706       2.963257    
   33.75628    
  1.0000000E+08
  7.6500140E-02  1.8374307E-02  7.6500135E-03  3.9809677E-03  2.3502512E-03
  1.5051547E-03  1.0211472E-03  7.2297122E-04
  8.4853292E-02  2.1504099E-02  9.2175528E-03  4.8797252E-03  2.9103886E-03
  1.8768174E-03  1.2778220E-03  9.0563053E-04
  9.7012959E-02  2.5826065E-02  1.1332276E-02  6.0904049E-03  3.6664025E-03
  2.3764209E-03  1.6219933E-03  1.1496168E-03
  0.1141687      3.1958763E-02  1.4274386E-02  7.7610370E-03  4.7079041E-03
  3.0637062E-03  2.0933123E-03  0.0000000E+00
  0.1385144      4.0840603E-02  1.8472113E-02  1.0134813E-02  6.1829239E-03
  4.0338356E-03  2.7544277E-03  0.0000000E+00
  0.1743590      5.3978328E-02  2.4641819E-02  1.3616178E-02  8.3452296E-03
  5.4507009E-03  3.7007669E-03  0.0000000E+00
  0.2295797      7.3936030E-02  3.4047052E-02  1.8942639E-02  1.1649486E-02
  7.5892154E-03  5.0753369E-03  0.0000000E+00
  0.3185303      0.1056040      4.9114462E-02  2.7517844E-02  1.6954798E-02
  1.0914618E-02  6.8543488E-03
  0.4694687      0.1591594      7.4940525E-02  4.2320911E-02  2.5937088E-02
  1.5765266E-02
  0.7435898      0.2581285      0.1236320      7.0208833E-02  4.1052077E-02
   1.298969      0.4660323      0.2282316      0.1262226    
   2.630188       1.000000      0.4937880    
   6.904573       2.915675    
   36.34682    
  1.0000000E+09
  0.1500265      2.4896717E-02  8.5831564E-03  3.9989408E-03  2.1983581E-03
  1.3411018E-03  8.7923731E-04  6.0752121E-04
  0.1581833      2.8283898E-02  1.0135064E-02  4.8331567E-03  2.6986229E-03
  1.6628709E-03  1.0982523E-03  7.6244707E-04
  0.1662871      3.2600634E-02  1.2208686E-02  5.9745763E-03  3.3898307E-03
  2.1114938E-03  1.4036017E-03  9.7775424E-04
  0.1770922      3.8320977E-02  1.5060912E-02  7.5688558E-03  4.3644072E-03
  2.7436442E-03  1.8336865E-03  0.0000000E+00
  0.1953125      4.6345342E-02  1.9083686E-02  9.8437509E-03  5.7600639E-03
  3.6520129E-03  2.4451802E-03  0.0000000E+00
  0.2267744      5.8156781E-02  2.4976166E-02  1.3188560E-02  7.8151487E-03
  4.9788137E-03  3.3236230E-03  0.0000000E+00
  0.2783369      7.6747887E-02  3.4030724E-02  1.8313030E-02  1.0948094E-02
  6.9729881E-03  4.5842160E-03  0.0000000E+00
  0.3612288      0.1075477      4.8755296E-02  2.6588984E-02  1.5942797E-02
  1.0026483E-02  6.1864411E-03
  0.5031780      0.1610434      7.4179031E-02  4.0757414E-02  2.4258476E-02
  1.4367056E-02
  0.7695975      0.2606992      0.1218750      6.7002118E-02  3.7817799E-02
   1.324417      0.4695445      0.2228549      0.1180614    
   2.672140       1.000000      0.4711335    
   6.999471       2.852225    
   37.44703    
  1.0000000E+10
  0.2360459      3.3297759E-02  1.0410885E-02  4.5357523E-03  2.3745999E-03
  1.3956777E-03  8.8874059E-04  5.9978652E-04
  0.2644344      3.7860192E-02  1.1955709E-02  5.2481322E-03  2.7614727E-03
  1.6304696E-03  1.0413553E-03  7.0437568E-04
  0.2974920      4.3649945E-02  1.4007471E-02  6.2193167E-03  3.3004268E-03
  1.9599786E-03  1.2572038E-03  8.5245463E-04
  0.3332444      5.0933830E-02  1.6760940E-02  7.5693699E-03  4.0661688E-03
  2.4351652E-03  1.5712379E-03  0.0000000E+00
  0.3689968      6.0272146E-02  2.0586981E-02  9.5224120E-03  5.1974384E-03
  3.1456777E-03  2.0432230E-03  0.0000000E+00
  0.4034152      7.2838850E-02  2.6179295E-02  1.2481323E-02  6.9423695E-03
  4.2502666E-03  2.7694770E-03  0.0000000E+00
  0.4429029      9.1088578E-02  3.4791891E-02  1.7158484E-02  9.7225187E-03
  5.9951977E-03  3.8767341E-03  0.0000000E+00
  0.5106723      0.1197972      4.8745997E-02  2.4823906E-02  1.4258271E-02
  8.7433299E-03  5.3415154E-03
  0.6446104      0.1693170      7.2838850E-02  3.8020276E-02  2.1827640E-02
  1.2660085E-02
  0.9031484      0.2651547      0.1183565      6.2299892E-02  3.3964779E-02
   1.437833      0.4727854      0.2145945      0.1082177    
   2.777481       1.000000      0.4431697    
   7.169157       2.782818    
   37.94024    
