   100.0000    
  4.0115029E-02  1.4225460E-02  7.3389569E-03  4.6334360E-03  3.2469325E-03
  2.4225460E-03  1.8842025E-03  1.5099694E-03
  4.8711658E-02  1.7346626E-02  9.0030674E-03  5.7200915E-03  4.0337425E-03
  3.0276072E-03  2.3696318E-03  1.9110430E-03
  6.0015339E-02  2.1480061E-02  1.1234662E-02  7.1894168E-03  5.1088957E-03
  3.8642639E-03  3.0483131E-03  2.4777607E-03
  7.5207055E-02  2.7085889E-02  1.4286810E-02  9.2331283E-03  6.6242330E-03
  5.0598159E-03  4.0314416E-03  0.0000000E+00
  9.6165642E-02  3.4907974E-02  1.8619632E-02  1.2177914E-02  8.8420240E-03
  6.8412577E-03  5.5237729E-03  0.0000000E+00
  0.1259969      4.6219323E-02  2.5000000E-02  1.6602760E-02  1.2254601E-02
  9.6472399E-03  7.9294480E-03  0.0000000E+00
  0.1700920      6.3274540E-02  3.4869634E-02  2.3627302E-02  1.7837424E-02
  1.4386503E-02  1.2108896E-02  0.0000000E+00
  0.2386503      9.0490796E-02  5.1127300E-02  3.5667177E-02  2.7829755E-02
  2.3251534E-02  1.9685583E-02
  0.3519939      0.1371932      8.0368102E-02  5.8611963E-02  4.8121165E-02
  4.1541409E-02
  0.5562117      0.2260736      0.1403374      0.1100460      9.6855827E-02
  0.9716257      0.4240031      0.2912577      0.2585890    
   1.995399       1.000000      0.8427914    
   5.566718       3.892638    
   34.44019    
   1000.000    
  4.0129971E-02  1.4243119E-02  7.3463302E-03  4.6353210E-03  3.2454128E-03
  2.4181958E-03  1.8784404E-03  1.5022935E-03
  4.8730887E-02  1.7362384E-02  9.0137608E-03  5.7217125E-03  4.0313457E-03
  3.0221711E-03  2.3616208E-03  1.9006116E-03
  6.0038224E-02  2.1498470E-02  1.1238532E-02  7.1911318E-03  5.1055048E-03
  3.8562692E-03  3.0359328E-03  2.4617736E-03
  7.5237006E-02  2.7110092E-02  1.4304281E-02  9.2354733E-03  6.6185016E-03
  5.0474005E-03  4.0129968E-03  0.0000000E+00
  9.6177369E-02  3.4946483E-02  1.8639144E-02  1.2178899E-02  8.8302754E-03
  6.8211011E-03  5.4923543E-03  0.0000000E+00
  0.1260703      4.6261467E-02  2.5015291E-02  1.6597860E-02  1.2232415E-02
  9.6100923E-03  7.8669731E-03  0.0000000E+00
  0.1701835      6.3333333E-02  3.4885321E-02  2.3616208E-02  1.7798165E-02
  1.4311926E-02  1.1957186E-02  0.0000000E+00
  0.2387615      9.0519875E-02  5.1146787E-02  3.5642199E-02  2.7737003E-02
  2.3035169E-02  1.9220185E-02
  0.3521407      0.1372324      8.0428131E-02  5.8516819E-02  4.7821101E-02
  4.0711008E-02
  0.5564985      0.2262232      0.1402905      0.1096330      9.5336385E-02
  0.9724771      0.4242355      0.2908257      0.2553517    
   1.996942       1.000000      0.8348624    
   5.569571       3.870795    
   34.32722    
   10000.00    
  4.0182509E-02  1.4273765E-02  7.3612169E-03  4.6387836E-03  3.2425856E-03
  2.4106463E-03  1.8669202E-03  1.4874525E-03
  4.8790876E-02  1.7406844E-02  9.0266159E-03  5.7254755E-03  4.0273764E-03
  3.0121673E-03  2.3452472E-03  1.8798480E-03
  6.0106467E-02  2.1551332E-02  1.1262357E-02  7.1946769E-03  5.0980989E-03
  3.8410646E-03  3.0129277E-03  2.4304183E-03
  7.5315587E-02  2.7171103E-02  1.4326997E-02  9.2395442E-03  6.6060838E-03
  5.0235745E-03  3.9764261E-03  0.0000000E+00
  9.6273765E-02  3.5019014E-02  1.8661598E-02  1.2174905E-02  8.8136885E-03
  6.7817490E-03  5.4311790E-03  0.0000000E+00
  0.1261597      4.6357416E-02  2.5049429E-02  1.6593156E-02  1.2197719E-02
  9.5361220E-03  7.7490495E-03  0.0000000E+00
  0.1703422      6.3460074E-02  3.4927759E-02  2.3596957E-02  1.7726235E-02
  1.4159696E-02  1.1695817E-02  0.0000000E+00
  0.2390114      9.0722434E-02  5.1193915E-02  3.5581749E-02  2.7558936E-02
  2.2653993E-02  1.8501902E-02
  0.3526236      0.1374905      8.0456279E-02  5.8334600E-02  4.7269963E-02
  3.9414451E-02
  0.5571863      0.2265399      0.1402281      0.1088213      9.2851713E-02
  0.9733841      0.4247148      0.2898859      0.2502662    
   2.000000       1.000000      0.8228137    
   5.575665       3.836502    
   34.15970    
   100000.0    
  4.0407240E-02  1.4366517E-02  7.3974361E-03  4.6508298E-03  3.2398191E-03
  2.3974362E-03  1.8453998E-03  1.4600302E-03
  4.9012069E-02  1.7511314E-02  9.0723988E-03  5.7375571E-03  4.0203622E-03
  2.9917045E-03  2.3152339E-03  1.8408749E-03
  6.0346913E-02  2.1674210E-02  1.1304677E-02  7.2058830E-03  5.0859735E-03
  3.8114632E-03  2.9683260E-03  2.3733033E-03
  7.5565614E-02  2.7315237E-02  1.4381600E-02  9.2458529E-03  6.5852189E-03
  4.9781301E-03  3.9079944E-03  0.0000000E+00
  9.6606337E-02  3.5196081E-02  1.8733032E-02  1.2179488E-02  8.7782815E-03
  6.7066369E-03  5.3182505E-03  0.0000000E+00
  0.1266214      4.6583712E-02  2.5135748E-02  1.6591253E-02  1.2126697E-02
  9.4042234E-03  7.5414786E-03  0.0000000E+00
  0.1709653      6.3755661E-02  3.5030168E-02  2.3574661E-02  1.7586729E-02
  1.3891404E-02  1.1266969E-02  0.0000000E+00
  0.2398190      9.1101058E-02  5.1312219E-02  3.5490200E-02  2.7224738E-02
  2.2006035E-02  1.7443441E-02
  0.3538462      0.1380845      8.0542997E-02  5.8009051E-02  4.6304677E-02
  3.7458524E-02
  0.5592760      0.2274510      0.1401207      0.1075415      8.8989452E-02
  0.9773756      0.4260181      0.2883861      0.2421569    
   2.007542       1.000000      0.8039216    
   5.592761       3.782051    
   33.93665    
   1000000.    
  4.1598514E-02  1.4565056E-02  7.4869888E-03  4.6802973E-03  3.2342009E-03
  2.3695168E-03  1.8029740E-03  1.4081785E-03
  5.0022304E-02  1.7717471E-02  9.1598509E-03  5.7613384E-03  4.0052044E-03
  2.9501859E-03  2.2557622E-03  1.7687733E-03
  6.1226767E-02  2.1910781E-02  1.1397771E-02  7.2245356E-03  5.0572492E-03
  3.7494425E-03  2.8832715E-03  2.2706322E-03
  7.6431230E-02  2.7591078E-02  1.4483272E-02  9.2565063E-03  6.5353159E-03
  4.8840153E-03  3.7799256E-03  0.0000000E+00
  9.7472116E-02  3.5531603E-02  1.8847585E-02  1.2178440E-02  8.6914506E-03
  6.5561342E-03  5.1130112E-03  0.0000000E+00
  0.1275093      4.7003716E-02  2.5271377E-02  1.6557621E-02  1.1977696E-02
  9.1449823E-03  7.1888478E-03  0.0000000E+00
  0.1720446      6.4297400E-02  3.5182156E-02  2.3486989E-02  1.7293680E-02
  1.3397770E-02  1.0572491E-02  0.0000000E+00
  0.2414127      9.1895916E-02  5.1479556E-02  3.5256509E-02  2.6587361E-02
  2.0921934E-02  1.5962826E-02
  0.3561338      0.1391078      8.0669150E-02  5.7315990E-02  4.4624537E-02
  3.4646843E-02
  0.5630484      0.2289963      0.1398513      0.1050558      8.3345734E-02
  0.9843867      0.4281785      0.2853532      0.2298141    
   2.022305       1.000000      0.7739778    
   5.624536       3.697398    
   33.80669    
  1.0000000E+07
  4.8728202E-02  1.5515989E-02  7.8997100E-03  4.8473841E-03  3.2659885E-03
  2.3292152E-03  1.7267442E-03  1.3154070E-03
  5.6264538E-02  1.8495640E-02  9.4985468E-03  5.8851745E-03  4.0050875E-03
  2.8815409E-03  2.1504362E-03  1.6468024E-03
  6.6526167E-02  2.2594476E-02  1.1686047E-02  7.3037790E-03  5.0181686E-03
  3.6395348E-03  2.7340117E-03  2.1024710E-03
  8.0813959E-02  2.8255815E-02  1.4738373E-02  9.3023255E-03  6.4462209E-03
  4.7129360E-03  3.5617733E-03  0.0000000E+00
  0.1010901      3.6235463E-02  1.9091571E-02  1.2172965E-02  8.5247094E-03
  6.2870639E-03  4.7783428E-03  0.0000000E+00
  0.1307413      4.7819771E-02  2.5508722E-02  1.6482558E-02  1.1678779E-02
  8.6991284E-03  6.6402615E-03  0.0000000E+00
  0.1752180      6.5312505E-02  3.5428781E-02  2.3277618E-02  1.6744185E-02
  1.2601744E-02  9.6002910E-03  0.0000000E+00
  0.2449855      9.3241282E-02  5.1700581E-02  3.4745641E-02  2.5479652E-02
  1.9309593E-02  1.4098838E-02
  0.3609738      0.1409884      8.0741286E-02  5.5988371E-02  4.1984010E-02
  3.0973839E-02
  0.5705669      0.2316134      0.1390988      0.1008721      7.5654067E-02
  0.9978197      0.4317587      0.2798692      0.2125727    
   2.049419       1.000000      0.7311047    
   5.683140       3.574128    
   34.60756    
  1.0000000E+08
  8.5523538E-02  2.2522841E-02  9.9578360E-03  5.4462403E-03  3.3583979E-03
  2.2354182E-03  1.5706253E-03  1.1468729E-03
  8.6226277E-02  2.4448350E-02  1.1377371E-02  6.4406185E-03  4.0639495E-03
  2.7505271E-03  1.9543217E-03  1.4392129E-03
  9.1707662E-02  2.7350668E-02  1.3302881E-02  7.7723120E-03  5.0182715E-03
  3.4511595E-03  2.4799719E-03  1.8390724E-03
  0.1028812      3.1897400E-02  1.6043570E-02  9.6345749E-03  6.3513704E-03
  4.4335909E-03  3.2171467E-03  0.0000000E+00
  0.1207309      3.9030217E-02  2.0091357E-02  1.2347153E-02  8.2853120E-03
  5.8615599E-03  4.2874208E-03  0.0000000E+00
  0.1477864      5.0154604E-02  2.6268447E-02  1.6444134E-02  1.1215741E-02
  8.0252988E-03  5.8945888E-03  0.0000000E+00
  0.1896697      6.7610681E-02  3.6008433E-02  2.2944482E-02  1.5888968E-02
  1.1461700E-02  8.3766691E-03  0.0000000E+00
  0.2576247      9.5853828E-02  5.2101195E-02  3.3872101E-02  2.3808856E-02
  1.7203093E-02  1.1981728E-02
  0.3737175      0.1444835      8.0744900E-02  5.3836964E-02  3.8334504E-02
  2.6690090E-02
  0.5869290      0.2364722      0.1376669      9.4799720E-02  6.6380888E-02
   1.024596      0.4381588      0.2714687      0.1909346    
   2.101897       1.000000      0.6760365    
   5.799016       3.416725    
   35.81870    
  1.0000000E+09
  0.2363757      3.8381077E-02  1.3124583E-02  6.1119250E-03  3.3704196E-03
  2.0679547E-03  1.3650899E-03  9.5003325E-04
  0.2353098      4.1399065E-02  1.4783476E-02  7.0819454E-03  3.9880075E-03
  2.4843437E-03  1.6595603E-03  1.1652232E-03
  0.2281146      4.4823449E-02  1.6928714E-02  8.4010651E-03  4.8467685E-03
  3.0732844E-03  2.0792803E-03  1.4736842E-03
  0.2178548      4.9033973E-02  1.9800132E-02  1.0233177E-02  6.0652900E-03
  3.9187209E-03  2.6862090E-03  0.0000000E+00
  0.2119254      5.4710191E-02  2.3757495E-02  1.2831445E-02  7.8281146E-03
  5.1552299E-03  3.5756161E-03  0.0000000E+00
  0.2200533      6.3224509E-02  2.9493671E-02  1.6662225E-02  1.0459693E-02
  7.0153228E-03  4.9060625E-03  0.0000000E+00
  0.2510993      7.7481672E-02  3.8401064E-02  2.2618253E-02  1.4590272E-02
  9.9267149E-03  6.9220513E-03  0.0000000E+00
  0.3128581      0.1031979      5.3397734E-02  3.2571618E-02  2.1479014E-02
  1.4656895E-02  9.7401729E-03
  0.4230513      0.1508328      8.0679543E-02  5.0606262E-02  3.3744168E-02
  2.2105262E-02
  0.6321785      0.2437042      0.1349101      8.6608924E-02  5.6162558E-02
   1.076616      0.4468355      0.2589607      0.1660226    
   2.189873       1.000000      0.6095936    
   5.984677       3.227848    
   35.91606    
  1.0000000E+10
  0.4235438      5.9435926E-02  1.8534642E-02  8.0686687E-03  4.2207236E-03
  2.4812997E-03  1.5812385E-03  1.0680563E-03
  0.4462293      6.3396685E-02  1.9944819E-02  8.7431017E-03  4.5996318E-03
  2.7161250E-03  1.7369712E-03  1.1765787E-03
  0.4752912      6.8976082E-02  2.2017168E-02  9.7547509E-03  5.1778047E-03
  3.0790926E-03  1.9797669E-03  1.3458001E-03
  0.5057634      7.6149598E-02  2.4886571E-02  1.1226241E-02  6.0374001E-03
  3.6278353E-03  2.3507050E-03  0.0000000E+00
  0.5296137      8.5039847E-02  2.8877988E-02  1.3378296E-02  7.3390556E-03
  4.4751684E-03  2.9294910E-03  0.0000000E+00
  0.5379521      9.6259959E-02  3.4647454E-02  1.6670752E-02  9.3868794E-03
  5.8320044E-03  3.8583688E-03  0.0000000E+00
  0.5306560      0.1117106      4.3500919E-02  2.1949723E-02  1.2752911E-02
  8.0686687E-03  5.3537707E-03  0.0000000E+00
  0.5339056      0.1353771      5.7847947E-02  3.0797055E-02  1.8454935E-02
  1.1790312E-02  7.5107296E-03
  0.6023298      0.1767014      8.2832620E-02  4.6486817E-02  2.8467197E-02
  1.7559778E-02
  0.7995095      0.2613121      0.1318823      7.7007964E-02  4.6008583E-02
   1.242796      0.4594114      0.2432863      0.1407725    
   2.375843       1.000000      0.5398529    
   6.296751       3.036787    
   36.09442    
