   100.0000    
  3.7000701E-02  1.3384723E-02  7.1793976E-03  4.7722496E-03  3.5529083E-03
  2.8318150E-03  2.3605465E-03  2.0329361E-03
  4.4639103E-02  1.6240364E-02  8.7806592E-03  5.8899787E-03  4.4288714E-03
  3.5634197E-03  3.0049055E-03  2.6194816E-03
  5.4625086E-02  2.0010512E-02  1.0928521E-02  7.4106515E-03  5.6341975E-03
  4.5970571E-03  3.9278204E-03  3.4800279E-03
  6.8009809E-02  2.5115628E-02  1.3878766E-02  9.5374910E-03  7.3615983E-03
  6.1037140E-03  5.3188507E-03  0.0000000E+00
  8.6440086E-02  3.2231953E-02  1.8076384E-02  1.2634899E-02  9.9404342E-03
  8.4267696E-03  7.5367908E-03  0.0000000E+00
  0.1125438      4.2536791E-02  2.4299229E-02  1.7365102E-02  1.4022425E-02
  1.2259986E-02  1.1384022E-02  0.0000000E+00
  0.1511212      5.8093905E-02  3.4015417E-02  2.5052559E-02  2.0995095E-02
  1.9232657E-02  1.8906796E-02  0.0000000E+00
  0.2109320      8.3006307E-02  5.0280310E-02  3.8682550E-02  3.4337774E-02
  3.3892781E-02  3.5599157E-02
  0.3099159      0.1261037      8.0343373E-02  6.6257887E-02  6.4786263E-02
  7.1303435E-02
  0.4887877      0.2094604      0.1448143      0.1353188      0.1562018    
  0.8545901      0.4008409      0.3239664      0.3868255    
   1.768746       1.000000       1.153469    
   5.094604       4.779257    
   38.15697    
   1000.000    
  3.6993422E-02  1.3408383E-02  7.1943197E-03  4.7800485E-03  3.5573260E-03
  2.8295808E-03  2.3533080E-03  2.0200901E-03
  4.4648424E-02  1.6266022E-02  8.7980600E-03  5.8988570E-03  4.4302046E-03
  3.5607899E-03  2.9937651E-03  2.5995844E-03
  5.4658815E-02  2.0041566E-02  1.0945619E-02  7.4194665E-03  5.6390716E-03
  4.5895395E-03  3.9106337E-03  3.4478698E-03
  6.8029098E-02  2.5154140E-02  1.3903706E-02  9.5497062E-03  7.3640463E-03
  6.0893660E-03  5.2857641E-03  0.0000000E+00
  8.6456537E-02  3.2282647E-02  1.8108765E-02  1.2649810E-02  9.9376524E-03
  8.3997231E-03  7.4748877E-03  0.0000000E+00
  0.1125736      4.2570144E-02  2.4336683E-02  1.7381364E-02  1.4007621E-02
  1.2202979E-02  1.1243505E-02  0.0000000E+00
  0.1511604      5.8157254E-02  3.4063041E-02  2.5064081E-02  2.0949082E-02
  1.9078629E-02  1.8500173E-02  0.0000000E+00
  0.2109803      8.3096638E-02  5.0363701E-02  3.8690683E-02  3.4187738E-02
  3.3359889E-02  3.4042258E-02
  0.3100451      0.1262903      8.0429517E-02  6.6158645E-02  6.4115003E-02
  6.8652585E-02
  0.4887426      0.2097679      0.1448563      0.1344995      0.1513682    
  0.8552130      0.4011084      0.3231382      0.3775546    
   1.770003       1.000000       1.131971    
   5.098719       4.717700    
   37.82473    
   10000.00    
  3.7092395E-02  1.3468072E-02  7.2248643E-03  4.7995928E-03  3.5631794E-03
  2.8243887E-03  2.3379757E-03  1.9935463E-03
  4.4735055E-02  1.6334919E-02  8.8349180E-03  5.9205168E-03  4.4361418E-03
  3.5529891E-03  2.9701088E-03  2.5597827E-03
  5.4755438E-02  2.0122282E-02  1.0991848E-02  7.4422560E-03  5.6419838E-03
  4.5720111E-03  3.8722828E-03  3.3834921E-03
  6.8172559E-02  2.5251359E-02  1.3957202E-02  9.5754089E-03  7.3641310E-03
  6.0597826E-03  5.2207881E-03  0.0000000E+00
  8.6582884E-02  3.2404892E-02  1.8175952E-02  1.2680028E-02  9.9286688E-03
  8.3423918E-03  7.3505440E-03  0.0000000E+00
  0.1127717      4.2730980E-02  2.4422556E-02  1.7411685E-02  1.3977582E-02
  1.2082201E-02  1.0978262E-02  0.0000000E+00
  0.1514266      5.8355980E-02  3.4171198E-02  2.5091713E-02  2.0859376E-02
  1.8780570E-02  1.7802311E-02  0.0000000E+00
  0.2113791      8.3389953E-02  5.0509516E-02  3.8688861E-02  3.3885870E-02
  3.2418482E-02  3.1779893E-02
  0.3106318      0.1267323      8.0604620E-02  6.5964676E-02  6.2873647E-02
  6.4673916E-02
  0.4898098      0.2104620      0.1449728      0.1330163      0.1440557    
  0.8569973      0.4025136      0.3217052      0.3627717    
   1.774457       1.000000       1.098845    
   5.108696       4.622962    
   37.36413    
   100000.0    
  3.7364442E-02  1.3591851E-02  7.2921454E-03  4.8307590E-03  3.5688467E-03
  2.8093986E-03  2.3029905E-03  1.9395334E-03
  4.5021363E-02  1.6473874E-02  8.9089712E-03  5.9513641E-03  4.4364114E-03
  3.5261253E-03  2.9178441E-03  2.4797895E-03
  5.5044364E-02  2.0289188E-02  1.1077884E-02  7.4794609E-03  5.6358855E-03
  4.5317123E-03  3.7923101E-03  3.2589550E-03
  6.8485044E-02  2.5451856E-02  1.4058495E-02  9.6155107E-03  7.3480122E-03
  5.9907986E-03  5.0870851E-03  0.0000000E+00
  8.6986527E-02  3.2651987E-02  1.8297734E-02  1.2720999E-02  9.8915547E-03
  8.2155764E-03  7.1114032E-03  0.0000000E+00
  0.1132764      4.3049622E-02  2.4577718E-02  1.7449884E-02  1.3887610E-02
  1.1827144E-02  1.0499507E-02  0.0000000E+00
  0.1520867      5.8790669E-02  3.4373973E-02  2.5106803E-02  2.0637529E-02
  1.8202431E-02  1.6671048E-02  0.0000000E+00
  0.2123234      8.3996058E-02  5.0772261E-02  3.8580347E-02  3.3256654E-02
  3.0818272E-02  2.8593492E-02
  0.3120933      0.1276043      8.0907002E-02  6.5461718E-02  6.0663819E-02
  5.8987837E-02
  0.4922774      0.2117976      0.1450542      0.1302005      0.1332566    
  0.8616497      0.4045350      0.3187644      0.3407821    
   1.784095       1.000000       1.048308    
   5.129806       4.475846    
   36.67434    
   1000000.    
  3.8990967E-02  1.3905326E-02  7.4618501E-03  4.9143569E-03  3.5907817E-03
  2.7844908E-03  2.2385551E-03  1.8427281E-03
  4.6402991E-02  1.6807847E-02  9.0812827E-03  6.0292743E-03  4.4440986E-03
  3.4755529E-03  2.8181253E-03  2.3379009E-03
  5.6275308E-02  2.0654002E-02  1.1258175E-02  7.5490503E-03  5.6244163E-03
  4.4409842E-03  3.6374964E-03  3.0442229E-03
  6.9635630E-02  2.5876675E-02  1.4260354E-02  9.6792281E-03  7.2999070E-03
  5.8424165E-03  4.8396140E-03  0.0000000E+00
  8.8165678E-02  3.3167239E-02  1.8533168E-02  1.2774837E-02  9.7882282E-03
  7.9570226E-03  6.6895047E-03  0.0000000E+00
  0.1146060      4.3693554E-02  2.4858300E-02  1.7477421E-02  1.3671754E-02
  1.1345375E-02  9.7134849E-03  0.0000000E+00
  0.1537527      5.9638746E-02  3.4724385E-02  2.5060730E-02  2.0165058E-02
  1.7197136E-02  1.5014015E-02  0.0000000E+00
  0.2146372      8.5144818E-02  5.1167861E-02  3.8336966E-02  3.2077234E-02
  2.8346311E-02  2.4568671E-02
  0.3154781      0.1292744      8.1345372E-02  6.4372472E-02  5.7085019E-02
  5.1541578E-02
  0.4979757      0.2143569      0.1449393      0.1253192      0.1187480    
  0.8716910      0.4082840      0.3132980      0.3103083    
   1.805357       1.000000      0.9766428    
   5.175958       4.272812    
   36.00124    
  1.0000000E+07
  4.7540046E-02  1.5572083E-02  8.3352402E-03  5.3575514E-03  3.7671623E-03
  2.7951947E-03  2.1490275E-03  1.6945081E-03
  5.4033183E-02  1.8135013E-02  9.7911907E-03  6.3787191E-03  4.5537758E-03
  3.4267737E-03  2.6670480E-03  2.1235698E-03
  6.2957667E-02  2.1796338E-02  1.1853548E-02  7.8146458E-03  5.6578945E-03
  4.3135011E-03  3.3953090E-03  2.7285470E-03
  7.5429067E-02  2.6959384E-02  1.4788331E-02  9.8712817E-03  7.2425627E-03
  5.5949655E-03  4.4536614E-03  0.0000000E+00
  9.3192227E-02  3.4296341E-02  1.9041762E-02  1.2889016E-02  9.5966822E-03
  7.5200233E-03  6.0583525E-03  0.0000000E+00
  0.1191934      4.5022883E-02  2.5386155E-02  1.7488558E-02  1.3258009E-02
  1.0557781E-02  8.6098406E-03  0.0000000E+00
  0.1584382      6.1298627E-02  3.5297483E-02  2.4882723E-02  1.9299200E-02
  1.5672198E-02  1.2894737E-02  0.0000000E+00
  0.2201373      8.7356985E-02  5.1802061E-02  3.7700228E-02  3.0148743E-02
  2.5005721E-02  2.0085813E-02
  0.3229405      0.1323799      8.1836380E-02  6.2328380E-02  5.1916476E-02
  4.2963389E-02
  0.5094394      0.2189931      0.1442792      0.1177632      0.1014016    
  0.8924485      0.4147598      0.3043478      0.2726545    
   1.847540       1.000000      0.8861557    
   5.266018       4.013158    
   36.24142    
  1.0000000E+08
  0.1011261      2.7427427E-02  1.2137138E-02  6.6616619E-03  4.1316319E-03
  2.7752754E-03  1.9694695E-03  1.4552053E-03
  9.4394393E-02  2.8228229E-02  1.3335836E-02  7.6376381E-03  4.8823822E-03
  3.3508511E-03  2.4176678E-03  1.8088090E-03
  9.4169170E-02  2.9854855E-02  1.4962464E-02  8.9414418E-03  5.8933939E-03
  4.1391393E-03  3.0355356E-03  2.2995498E-03
  0.1013013      3.3058062E-02  1.7344845E-02  1.0773273E-02  7.3173176E-03
  5.2552554E-03  3.9189188E-03  0.0000000E+00
  0.1160410      3.8888890E-02  2.1028528E-02  1.3493494E-02  9.4169173E-03
  6.9069071E-03  5.2302303E-03  0.0000000E+00
  0.1397147      4.8723727E-02  2.6901903E-02  1.7720221E-02  1.2672673E-02
  9.4769774E-03  7.2622630E-03  0.0000000E+00
  0.1766517      6.4789794E-02  3.6486488E-02  2.4609610E-02  1.8005507E-02
  1.3696197E-02  1.0535535E-02  0.0000000E+00
  0.2368619      9.1316320E-02  5.2702706E-02  3.6511514E-02  2.7377378E-02
  2.1071071E-02  1.5655655E-02
  0.3405906      0.1375125      8.2182184E-02  5.9009008E-02  4.5370370E-02
  3.4209210E-02
  0.5325325      0.2261762      0.1424174      0.1073574      8.2957953E-02
  0.9296797      0.4246747      0.2907908      0.2307558    
   1.921171       1.000000      0.7815316    
   5.425426       3.713714    
   36.36136    
  1.0000000E+09
  0.3194163      5.0972842E-02  1.7215241E-02  7.9570329E-03  4.3696798E-03
  2.6753142E-03  1.7646940E-03  1.2290232E-03
  0.3094852      5.3384680E-02  1.8792056E-02  8.9319013E-03  5.0081071E-03
  3.1151194E-03  2.0814755E-03  1.4653426E-03
  0.2896231      5.5999190E-02  2.0835023E-02  1.0269558E-02  5.9079854E-03
  3.7474665E-03  2.5435754E-03  1.8100933E-03
  0.2626672      5.9019051E-02  2.3591407E-02  1.2136198E-02  7.1970006E-03
  4.6676127E-03  3.2184841E-03  0.0000000E+00
  0.2377381      6.3032024E-02  2.7340900E-02  1.4791245E-02  9.0737743E-03
  6.0295910E-03  4.2278068E-03  0.0000000E+00
  0.2288204      6.9193348E-02  3.2732066E-02  1.8698826E-02  1.1899068E-02
  8.1049856E-03  5.7681398E-03  0.0000000E+00
  0.2474666      8.0482371E-02  4.1122820E-02  2.4827726E-02  1.6390353E-02
  1.1422780E-02  8.1759226E-03  0.0000000E+00
  0.3005675      0.1028780      5.5654641E-02  3.5245240E-02  2.4057560E-02
  1.6998379E-02  1.1726794E-02
  0.4006891      0.1473247      8.3015814E-02  5.4681800E-02  3.8204297E-02
  2.6266720E-02
  0.5918119      0.2369274      0.1392988      9.5054723E-02  6.5585732E-02
   1.001621      0.4377787      0.2728010      0.1894609    
   2.042967       1.000000      0.6738955    
   5.680989       3.408999    
   35.85326    
  1.0000000E+10
  0.6115463      8.5683204E-02  2.6689874E-02  1.1610096E-02  6.0733971E-03
  3.5712211E-03  2.2758921E-03  1.5390195E-03
  0.6131419      8.6858138E-02  2.7270092E-02  1.1942269E-02  6.2793735E-03
  3.7090222E-03  2.3716276E-03  1.6071947E-03
  0.6256165      9.0324923E-02  2.8735131E-02  1.2709603E-02  6.7391940E-03
  4.0063825E-03  2.5761533E-03  1.7536988E-03
  0.6420075      9.5851466E-02  3.1157529E-02  1.4006382E-02  7.5210324E-03
  4.5184218E-03  2.9300842E-03  0.0000000E+00
  0.6514360      0.1033652      3.4812883E-02  1.6042937E-02  8.7859007E-03
  5.3568319E-03  3.5117494E-03  0.0000000E+00
  0.6407021      0.1132434      4.0324923E-02  1.9292139E-02  1.0852916E-02
  6.7478968E-03  4.4792574E-03  0.0000000E+00
  0.6045837      0.1269945      4.8984624E-02  2.4630114E-02  1.4325500E-02
  9.1021182E-03  6.0821003E-03  0.0000000E+00
  0.5699159      0.1480998      6.3170873E-02  3.3695966E-02  2.0322019E-02
  1.3120105E-02  8.4754862E-03
  0.6029881      0.1850885      8.7975055E-02  4.9985494E-02  3.1114012E-02
  1.9582245E-02
  0.7776328      0.2632724      0.1372933      8.2361475E-02  5.0725266E-02
   1.198724      0.4557586      0.2526835      0.1528866    
   2.277343       1.000000      0.5739774    
   6.076298       3.130258    
   35.78474    
