   100.0000    
  4.2998102E-02  1.4851361E-02  7.3472490E-03  4.4225175E-03  2.9525617E-03
  2.1012018E-03  1.5635673E-03  1.2008855E-03
  5.2422520E-02  1.8153068E-02  9.0259323E-03  5.4585706E-03  3.6597091E-03
  2.6160658E-03  1.9531942E-03  1.5066414E-03
  6.4845033E-02  2.2542695E-02  1.1271347E-02  6.8538901E-03  4.6198610E-03
  3.3194181E-03  2.4895635E-03  1.9291588E-03
  8.1606574E-02  2.8513597E-02  1.4345351E-02  8.7855794E-03  5.9620491E-03
  4.3099304E-03  3.2536369E-03  0.0000000E+00
  0.1047944      3.6850095E-02  1.8697027E-02  1.1547122E-02  7.9013277E-03
  5.7583810E-03  4.3807719E-03  0.0000000E+00
  0.1378874      4.8905756E-02  2.5085388E-02  1.5660973E-02  1.0831119E-02
  7.9797599E-03  6.1302972E-03  0.0000000E+00
  0.1869703      6.7058824E-02  3.4876663E-02  2.2087287E-02  1.5509172E-02
  1.1595192E-02  8.9968378E-03  0.0000000E+00
  0.2633776      9.5913976E-02  5.0841238E-02  3.2865275E-02  2.3567364E-02
  1.7950665E-02  1.3687540E-02
  0.3898798      0.1450980      7.9051234E-02  5.2675519E-02  3.8937379E-02
  2.9690070E-02
  0.6173308      0.2378242      0.1351044      9.4345354E-02  7.1764708E-02
   1.078178      0.4397217      0.2680582      0.2006325    
   2.199873       1.000000      0.6941177    
   5.992410       3.472486    
   33.11828    
   1000.000    
  4.3012381E-02  1.4859742E-02  7.3515289E-03  4.4238060E-03  2.9517312E-03
  2.0988120E-03  1.5592620E-03  1.1963609E-03
  5.2438717E-02  1.8170331E-02  9.0320949E-03  5.4586809E-03  3.6580742E-03
  2.6118271E-03  1.9484457E-03  1.4998736E-03
  6.4872377E-02  2.2567600E-02  1.1278747E-02  6.8536769E-03  4.6171341E-03
  3.3131158E-03  2.4829416E-03  1.9193834E-03
  8.1640132E-02  2.8544353E-02  1.4354309E-02  8.7844329E-03  5.9565329E-03
  4.3012383E-03  3.2423553E-03  0.0000000E+00
  0.1048395      3.6884002E-02  1.8713672E-02  1.1545362E-02  7.8936061E-03
  5.7455143E-03  4.3631541E-03  0.0000000E+00
  0.1379833      4.8938587E-02  2.5094768E-02  1.5655799E-02  1.0817539E-02
  7.9567851E-03  6.0967905E-03  0.0000000E+00
  0.1871367      6.7108922E-02  3.4887541E-02  2.2087440E-02  1.5491534E-02
  1.1550416E-02  8.9196358E-03  0.0000000E+00
  0.2635835      9.5981799E-02  5.0846599E-02  3.2840535E-02  2.3515290E-02
  1.7829163E-02  1.3457163E-02
  0.3900682      0.1451857      7.9062425E-02  5.2602980E-02  3.8766742E-02
  2.9277232E-02
  0.6176396      0.2379328      0.1350771      9.4111703E-02  7.0988126E-02
   1.078721      0.4399798      0.2677533      0.1990144    
   2.201163       1.000000      0.6902956    
   5.994440       3.460955    
   33.06798    
   10000.00    
  4.3057129E-02  1.4894689E-02  7.3628454E-03  4.4255261E-03  2.9486695E-03
  2.0935806E-03  1.5525287E-03  1.1877916E-03
  5.2490856E-02  1.8211627E-02  9.0440158E-03  5.4609659E-03  3.6536760E-03
  2.6043635E-03  1.9384536E-03  1.4882078E-03
  6.4938828E-02  2.2613190E-02  1.1292723E-02  6.8558450E-03  4.6109217E-03
  3.3030645E-03  2.4681548E-03  1.9018792E-03
  8.1712693E-02  2.8591247E-02  1.4377601E-02  8.7854704E-03  5.9477864E-03
  4.2855339E-03  3.2210872E-03  0.0000000E+00
  0.1049439      3.6952958E-02  1.8728716E-02  1.1543700E-02  7.8786733E-03
  5.7207718E-03  4.3284148E-03  0.0000000E+00
  0.1381006      4.9022574E-02  2.5110353E-02  1.5651405E-02  1.0792028E-02
  7.9139862E-03  6.0335477E-03  0.0000000E+00
  0.1872872      6.7208976E-02  3.4909822E-02  2.2070879E-02  1.5437003E-02
  1.1466767E-02  8.7842094E-03  0.0000000E+00
  0.2638416      9.6128136E-02  5.0876528E-02  3.2803629E-02  2.3407742E-02
  1.7631479E-02  1.3103795E-02
  0.3904654      0.1454156      7.9089418E-02  5.2490856E-02  3.8466386E-02
  2.8641693E-02
  0.6183630      0.2382394      0.1349477      9.3668811E-02  6.9756590E-02
   1.080212      0.4404086      0.2672468      0.1963678    
   2.204565       1.000000      0.6840711    
   6.002017       3.443057    
   32.99281    
   100000.0    
  4.3212671E-02  1.4944696E-02  7.3818499E-03  4.4281050E-03  2.9424336E-03
  2.0827050E-03  1.5372047E-03  1.1708145E-03
  5.2639518E-02  1.8275514E-02  9.0661142E-03  5.4625440E-03  3.6450478E-03
  2.5892409E-03  1.9180493E-03  1.4643037E-03
  6.5082960E-02  2.2687281E-02  1.1317245E-02  6.8564611E-03  4.5977882E-03
  3.2805430E-03  2.4409252E-03  1.8690297E-03
  8.1875317E-02  2.8682757E-02  1.4404224E-02  8.7833079E-03  5.9276018E-03
  4.2533940E-03  3.1787329E-03  0.0000000E+00
  0.1051408      3.7066367E-02  1.8765712E-02  1.1537204E-02  7.8469086E-03
  5.6699347E-03  4.2609354E-03  0.0000000E+00
  0.1383861      4.9170438E-02  2.5150830E-02  1.5635999E-02  1.0737808E-02
  7.8293113E-03  5.9162895E-03  0.0000000E+00
  0.1876571      6.7408241E-02  3.4954753E-02  2.2033686E-02  1.5334339E-02
  1.1304676E-02  8.5507799E-03  0.0000000E+00
  0.2643288      9.6392661E-02  5.0930116E-02  3.2717444E-02  2.3190046E-02
  1.7269984E-02  1.2581700E-02
  0.3912770      0.1458019      7.9097539E-02  5.2249879E-02  3.7895929E-02
  2.7652087E-02
  0.6197838      0.2388135      0.1348668      9.2823029E-02  6.7760184E-02
   1.082705      0.4411765      0.2660885      0.1921820    
   2.209653       1.000000      0.6737054    
   6.013072       3.413776    
   32.88085    
   1000000.    
  4.4180524E-02  1.5089386E-02  7.4309288E-03  4.4380547E-03  2.9316165E-03
  2.0602576E-03  1.5089386E-03  1.1388924E-03
  5.3431682E-02  1.8427305E-02  9.1161393E-03  5.4681837E-03  3.6279534E-03
  2.5578197E-03  1.8802350E-03  1.4214277E-03
  6.5758221E-02  2.2852857E-02  1.1370171E-02  6.8571069E-03  4.5718215E-03
  3.2379050E-03  2.3865483E-03  1.8089762E-03
  8.2485311E-02  2.8878609E-02  1.4464308E-02  8.7785972E-03  5.8869859E-03
  4.1905241E-03  3.1003875E-03  0.0000000E+00
  0.1057382      3.7304662E-02  1.8827355E-02  1.1520190E-02  7.7822227E-03
  5.5731968E-03  4.1405172E-03  0.0000000E+00
  0.1390174      4.9468685E-02  2.5228154E-02  1.5589449E-02  1.0630079E-02
  7.6697092E-03  5.7144645E-03  0.0000000E+00
  0.1883986      6.7795977E-02  3.5041880E-02  2.1952745E-02  1.5139393E-02
  1.1013877E-02  8.1772720E-03  0.0000000E+00
  0.2654082      9.6912116E-02  5.1006377E-02  3.2529067E-02  2.2790348E-02
  1.6664583E-02  1.1816477E-02
  0.3930492      0.1465183      7.9122394E-02  5.1768973E-02  3.6929619E-02
  2.6178272E-02
  0.6225778      0.2399050      0.1345168      9.1311418E-02  6.4745598E-02
   1.087886      0.4425553      0.2641580      0.1853982    
   2.220278       1.000000      0.6570821    
   6.037005       3.366671    
   32.90411    
  1.0000000E+07
  5.0508436E-02  1.5699405E-02  7.6512899E-03  4.5002480E-03  2.9216271E-03
  2.0163690E-03  1.4508929E-03  1.0778770E-03
  5.8903776E-02  1.8936014E-02  9.2968754E-03  5.5096727E-03  3.5999508E-03
  2.4987601E-03  1.8055555E-03  1.3442461E-03
  7.0324898E-02  2.3313493E-02  1.1525298E-02  6.8762405E-03  4.5225699E-03
  3.1547621E-03  2.2891867E-03  1.7063493E-03
  8.6197920E-02  2.9340278E-02  1.4608135E-02  8.7748021E-03  5.8072922E-03
  4.0724208E-03  2.9637897E-03  0.0000000E+00
  0.1087426      3.7810020E-02  1.8960815E-02  1.1486855E-02  7.6562506E-03
  5.3968253E-03  3.9384919E-03  0.0000000E+00
  0.1416171      5.0062008E-02  2.5359623E-02  1.5513394E-02  1.0424107E-02
  7.3883934E-03  5.3931056E-03  0.0000000E+00
  0.1908482      6.8539187E-02  3.5168651E-02  2.1775795E-02  1.4781747E-02
  1.0529514E-02  7.6252483E-03  0.0000000E+00
  0.2682292      9.7891867E-02  5.1103674E-02  3.2155260E-02  2.2085816E-02
  1.5724206E-02  1.0813492E-02
  0.3967014      0.1479415      7.9104662E-02  5.0880458E-02  3.5342261E-02
  2.4181549E-02
  0.6283482      0.2418155      0.1339286      8.8727683E-02  6.0478672E-02
   1.098214      0.4451885      0.2606647      0.1755952    
   2.242064       1.000000      0.6323165    
   6.085070       3.296131    
   33.92857    
  1.0000000E+08
  7.9436272E-02  2.0318627E-02  8.8419123E-03  4.7683823E-03  2.8995099E-03
  1.9044118E-03  1.3210784E-03  9.5343130E-04
  8.3786763E-02  2.2830883E-02  1.0359068E-02  5.7389704E-03  3.5526962E-03
  2.3627449E-03  1.6519608E-03  1.1980393E-03
  9.2303924E-02  2.6409315E-02  1.2414216E-02  7.0465682E-03  4.4350489E-03
  2.9828430E-03  2.1004903E-03  1.5294118E-03
  0.1059681      3.1691175E-02  1.5294118E-02  8.8615194E-03  5.6605390E-03
  3.8455881E-03  2.7230394E-03  0.0000000E+00
  0.1262255      3.9607845E-02  1.9473040E-02  1.1471814E-02  7.4227937E-03
  5.0833332E-03  3.6127451E-03  0.0000000E+00
  0.1563725      5.1593132E-02  2.5723040E-02  1.5367648E-02  1.0050245E-02
  6.9264704E-03  4.9215686E-03  0.0000000E+00
  0.2029412      7.0073530E-02  3.5428919E-02  2.1433823E-02  1.4154411E-02
  9.7904410E-03  6.8835788E-03  0.0000000E+00
  0.2781863      9.9705875E-02  5.1237743E-02  3.1458333E-02  2.0955881E-02
  1.4424019E-02  9.5919119E-03
  0.4062500      0.1502451      7.8909315E-02  4.9325980E-02  3.3014704E-02
  2.1666666E-02
  0.6403186      0.2450980      0.1327206      8.4681369E-02  5.4950979E-02
   1.117647      0.4493873      0.2546569      0.1623774    
   2.280637       1.000000      0.5976716    
   6.170343       3.197304    
   35.71078    
  1.0000000E+09
  0.1930353      3.1726714E-02  1.0915773E-02  5.0969999E-03  2.8123872E-03
  1.7243042E-03  1.1359201E-03  7.8901078E-04
  0.1962887      3.4943972E-02  1.2555730E-02  6.0236175E-03  3.3871552E-03
  2.1050728E-03  1.4013737E-03  9.8047964E-04
  0.1960477      3.8799856E-02  1.4700567E-02  7.2840103E-03  4.1860468E-03
  2.6412820E-03  1.7761177E-03  1.2519581E-03
  0.1954452      4.3728162E-02  1.7592480E-02  9.0396432E-03  5.3150984E-03
  3.4052294E-03  2.3135317E-03  0.0000000E+00
  0.2005061      5.0475959E-02  2.1641161E-02  1.1537535E-02  6.9454154E-03
  4.5150020E-03  3.0907339E-03  0.0000000E+00
  0.2190625      6.0501266E-02  2.7521390E-02  1.5218701E-02  9.3661891E-03
  6.1645983E-03  4.2342450E-03  0.0000000E+00
  0.2585854      7.6695994E-02  3.6618873E-02  2.0906134E-02  1.3122064E-02
  8.7022539E-03  5.9272205E-03  0.0000000E+00
  0.3281118      0.1045909      5.1692978E-02  3.0280758E-02  1.9255333E-02
  1.2724426E-02  8.1985779E-03
  0.4489698      0.1547174      7.8467287E-02  4.6861067E-02  2.9895170E-02
  1.8785397E-02
  0.6773105      0.2502711      0.1303772      7.8961320E-02  4.8427522E-02
   1.158694      0.4557176      0.2455718      0.1462827    
   2.349681       1.000000      0.5538017    
   6.317629       3.073864    
   36.22123    
  1.0000000E+10
  0.3284723      4.6195462E-02  1.4418441E-02  6.2813126E-03  3.2882513E-03
  1.9334352E-03  1.2313301E-03  8.3182409E-04
  0.3561096      5.0758556E-02  1.6006116E-02  7.0210514E-03  3.6951664E-03
  2.1827591E-03  1.3948018E-03  9.4460777E-04
  0.3889216      5.6721158E-02  1.8158296E-02  8.0583328E-03  4.2784899E-03
  2.5449842E-03  1.6347172E-03  1.1107845E-03
  0.4232624      6.4177349E-02  2.1063155E-02  9.5166415E-03  5.1205456E-03
  3.0753850E-03  1.9910620E-03  0.0000000E+00
  0.4531342      7.3444664E-02  2.5061743E-02  1.1627661E-02  6.3765729E-03
  3.8821590E-03  2.5355758E-03  0.0000000E+00
  0.4727743      8.5369870E-02  3.0847937E-02  1.4830059E-02  8.3335293E-03
  5.1558274E-03  3.3940962E-03  0.0000000E+00
  0.4853581      0.1020699      3.9703634E-02  1.9945903E-02  1.1505351E-02
  7.2186287E-03  4.7465600E-03  0.0000000E+00
  0.5157003      0.1278372      5.4027990E-02  2.8413501E-02  1.6794072E-02
  1.0577443E-02  6.6317772E-03
  0.6108432      0.1726450      7.8889802E-02  4.3267082E-02  2.5908504E-02
  1.5618017E-02
  0.8301776      0.2620252      0.1270140      7.1515933E-02  4.1326590E-02
   1.301893      0.4640715      0.2330942      0.1283077    
   2.500294       1.000000      0.5038221    
   6.570622       2.938963    
   36.55180    
