   100.0000    
  3.9186634E-02  1.3991172E-02  7.3139975E-03  4.6891551E-03  3.3442623E-03
  2.5403532E-03  2.0119799E-03  1.6412359E-03
  4.7503151E-02  1.7042875E-02  8.9659523E-03  5.7894075E-03  4.1582598E-03
  3.1809586E-03  2.5378312E-03  2.0863810E-03
  5.8430012E-02  2.1078184E-02  1.1172762E-02  7.2761662E-03  5.2730138E-03
  4.0699872E-03  3.2774275E-03  2.7206810E-03
  7.3076926E-02  2.6544767E-02  1.4211854E-02  9.3568722E-03  6.8537206E-03
  5.3480454E-03  4.3581338E-03  0.0000000E+00
  9.3316518E-02  3.4180328E-02  1.8518284E-02  1.2351829E-02  9.1740228E-03
  7.2698612E-03  6.0189157E-03  0.0000000E+00
  0.1220051      4.5201764E-02  2.4873897E-02  1.6872637E-02  1.2767971E-02
  1.0321564E-02  8.7389667E-03  0.0000000E+00
  0.1645019      6.1847419E-02  3.4728877E-02  2.4104666E-02  1.8713744E-02
  1.5586381E-02  1.3600254E-02  0.0000000E+00
  0.2304540      8.8398486E-02  5.1034048E-02  3.6607821E-02  2.9533420E-02
  2.5687264E-02  2.2831023E-02
  0.3394704      0.1341110      8.0580078E-02  6.0781840E-02  5.2124843E-02
  4.7578815E-02
  0.5360656      0.2215637      0.1418663      0.1164565      0.1092686    
  0.9369483      0.4178437      0.3000630      0.2862547    
   1.928121       1.000000      0.9110972    
   5.426860       4.087642    
   35.17654    
   1000.000    
  3.9196488E-02  1.4011300E-02  7.3195230E-03  4.6917764E-03  3.3427493E-03
  2.5360954E-03  2.0050220E-03  1.6321406E-03
  4.7520403E-02  1.7062148E-02  8.9704953E-03  5.7915882E-03  4.1556810E-03
  3.1751411E-03  2.5279347E-03  2.0734463E-03
  5.8449470E-02  2.1098556E-02  1.1186441E-02  7.2818580E-03  5.2693035E-03
  4.0615192E-03  3.2630258E-03  2.7005649E-03
  7.3132455E-02  2.6572505E-02  1.4224733E-02  9.3534207E-03  6.8424358E-03
  5.3339610E-03  4.3358444E-03  0.0000000E+00
  9.3345888E-02  3.4212179E-02  1.8537350E-02  1.2354049E-02  9.1588199E-03
  7.2441930E-03  5.9799124E-03  0.0000000E+00
  0.1220967      4.5247961E-02  2.4890145E-02  1.6873822E-02  1.2743252E-02
  1.0282486E-02  8.6629000E-03  0.0000000E+00
  0.1645323      6.1902072E-02  3.4745764E-02  2.4092907E-02  1.8669177E-02
  1.5492780E-02  1.3408663E-02  0.0000000E+00
  0.2305085      8.8512242E-02  5.1054616E-02  3.6572505E-02  2.9422471E-02
  2.5417451E-02  2.2197112E-02
  0.3396108      0.1342122      8.0602638E-02  6.0671687E-02  5.1745135E-02
  4.6465788E-02
  0.5362837      0.2217200      0.1418079      0.1159448      0.1071563    
  0.9372254      0.4180791      0.2994978      0.2820464    
   1.929065       1.000000      0.9014438    
   5.428751       4.059636    
   35.02825    
   10000.00    
  3.9276809E-02  1.4058604E-02  7.3441393E-03  4.7001247E-03  3.3428925E-03
  2.5299252E-03  1.9931421E-03  1.6159600E-03
  4.7612216E-02  1.7119700E-02  8.9962594E-03  5.8011222E-03  4.1546132E-03
  3.1658353E-03  2.5112219E-03  2.0492519E-03
  5.8553617E-02  2.1165835E-02  1.1215711E-02  7.2942646E-03  5.2662091E-03
  4.0467582E-03  3.2375311E-03  2.6639651E-03
  7.3254362E-02  2.6658352E-02  1.4264340E-02  9.3703242E-03  6.8391520E-03
  5.3104735E-03  4.2948877E-03  0.0000000E+00
  9.3516208E-02  3.4314211E-02  1.8578554E-02  1.2362842E-02  9.1458848E-03
  7.2007477E-03  5.9083542E-03  0.0000000E+00
  0.1222569      4.5380298E-02  2.4950124E-02  1.6882792E-02  1.2711969E-02
  1.0199501E-02  8.5224444E-03  0.0000000E+00
  0.1648379      6.2082294E-02  3.4819201E-02  2.4096010E-02  1.8597256E-02
  1.5317955E-02  1.3079800E-02  0.0000000E+00
  0.2309227      8.8715710E-02  5.1147133E-02  3.6539897E-02  2.9226933E-02
  2.4943890E-02  2.1253116E-02
  0.3402743      0.1346010      8.0735661E-02  6.0504984E-02  5.1091023E-02
  4.4775560E-02
  0.5374064      0.2222569      0.1418329      0.1150873      0.1039900    
  0.9395261      0.4188902      0.2985661      0.2754987    
   1.933292       1.000000      0.8865337    
   5.438903       4.016833    
   34.82544    
   100000.0    
  3.9507389E-02  1.4150245E-02  7.3830052E-03  4.7142855E-03  3.3399013E-03
  2.5141626E-03  1.9673645E-03  1.5818966E-03
  4.7832511E-02  1.7222906E-02  9.0455664E-03  5.8146552E-03  4.1471673E-03
  3.1422414E-03  2.4747537E-03  2.0012315E-03
  5.8786944E-02  2.1293102E-02  1.1268473E-02  7.3029553E-03  5.2530789E-03
  4.0116995E-03  3.1834976E-03  2.5923646E-03
  7.3522173E-02  2.6804186E-02  1.4322660E-02  9.3780784E-03  6.8103448E-03
  5.2561578E-03  4.2112069E-03  0.0000000E+00
  9.3780786E-02  3.4501232E-02  1.8651478E-02  1.2370689E-02  9.1009857E-03
  7.1120686E-03  5.7678567E-03  0.0000000E+00
  0.1226601      4.5615762E-02  2.5036944E-02  1.6878080E-02  1.2629311E-02
  1.0036945E-02  8.2635460E-03  0.0000000E+00
  0.1653941      6.2376842E-02  3.4926109E-02  2.4064038E-02  1.8429803E-02
  1.4981528E-02  1.2512315E-02  0.0000000E+00
  0.2317118      8.9162566E-02  5.1274627E-02  3.6428571E-02  2.8823892E-02
  2.4113299E-02  1.9846059E-02
  0.3414409      0.1351601      8.0849752E-02  6.0110837E-02  4.9876846E-02
  4.2185962E-02
  0.5393473      0.2231527      0.1417488      0.1134236      9.8953202E-02
  0.9427339      0.4201970      0.2966749      0.2649015    
   1.940887       1.000000      0.8614532    
   5.455049       3.945813    
   34.51355    
   1000000.    
  4.0796623E-02  1.4375377E-02  7.4894386E-03  4.7555827E-03  3.3397707E-03
  2.4852143E-03  1.9191310E-03  1.5202173E-03
  4.8931807E-02  1.7465299E-02  9.1490643E-03  5.8497288E-03  4.1357875E-03
  3.0971635E-03  2.4055524E-03  1.9143031E-03
  5.9752569E-02  2.1557031E-02  1.1382016E-02  7.3325289E-03  5.2251057E-03
  3.9426675E-03  3.0826796E-03  2.4659024E-03
  7.4411593E-02  2.7115270E-02  1.4447798E-02  9.4025349E-03  6.7592040E-03
  5.1478576E-03  4.0567294E-03  0.0000000E+00
  9.4689198E-02  3.4876283E-02  1.8793000E-02  1.2377791E-02  9.0102600E-03
  6.9342181E-03  5.5178036E-03  0.0000000E+00
  0.1237176      4.6083283E-02  2.5202172E-02  1.6855763E-02  1.2462282E-02
  9.7284252E-03  7.8213643E-03  0.0000000E+00
  0.1666868      6.3005432E-02  3.5117682E-02  2.3983102E-02  1.8092940E-02
  1.4381411E-02  1.1647556E-02  0.0000000E+00
  0.2334339      8.9981891E-02  5.1490646E-02  3.6173809E-02  2.8074834E-02
  2.2764033E-02  1.7923959E-02
  0.3440555      0.1363911      8.0989741E-02  5.9324078E-02  4.7815330E-02
  3.8563672E-02
  0.5435727      0.2248642      0.1414605      0.1104406      9.1732047E-02
  0.9505129      0.4226916      0.2931201      0.2493060    
   1.957152       1.000000      0.8243815    
   5.489439       3.838866    
   34.29089    
  1.0000000E+07
  4.8309941E-02  1.5497075E-02  8.0116950E-03  4.9824556E-03  3.4005847E-03
  2.4543859E-03  1.8385964E-03  1.4146199E-03
  5.5549704E-02  1.8380117E-02  9.5789470E-03  6.0233916E-03  4.1584792E-03
  3.0309940E-03  2.2888887E-03  1.7719298E-03
  6.5438591E-02  2.2362573E-02  1.1742690E-02  7.4561401E-03  5.2017542E-03
  3.8274853E-03  2.9128655E-03  2.2672513E-03
  7.9181284E-02  2.7894735E-02  1.4771929E-02  9.4795320E-03  6.6783624E-03
  4.9602338E-03  3.8029240E-03  0.0000000E+00
  9.8771922E-02  3.5707600E-02  1.9105261E-02  1.2403508E-02  8.8421050E-03
  6.6315788E-03  5.1216371E-03  0.0000000E+00
  0.1273099      4.7046784E-02  2.5520468E-02  1.6807016E-02  1.2146198E-02
  9.2105260E-03  7.1578948E-03  0.0000000E+00
  0.1702339      6.4210527E-02  3.5456140E-02  2.3783624E-02  1.7485380E-02
  1.3432748E-02  1.0444444E-02  0.0000000E+00
  0.2376023      9.1578946E-02  5.1824562E-02  3.5649121E-02  2.6789473E-02
  2.0807017E-02  1.5573098E-02
  0.3496491      0.1385965      8.1169583E-02  5.7859648E-02  4.4666663E-02
  3.3976607E-02
  0.5523391      0.2281286      0.1407602      0.1056140      8.2222223E-02
  0.9660819      0.4271930      0.2870760      0.2281286    
   1.988889       1.000000      0.7725146    
   5.559064       3.690643    
   35.00585    
  1.0000000E+08
  8.8814691E-02  2.3594880E-02  1.0456316E-02  5.7373396E-03  3.5498051E-03
  2.3717305E-03  1.6722315E-03  1.2264886E-03
  8.7813020E-02  2.5253197E-02  1.1830829E-02  6.7334441E-03  4.2710071E-03
  2.9059541E-03  2.0756817E-03  1.5364495E-03
  9.1986641E-02  2.7857538E-02  1.3689483E-02  8.0634393E-03  5.2459654E-03
  3.6332775E-03  2.6288256E-03  1.9621591E-03
  0.1021146      3.2081246E-02  1.6349470E-02  9.9332212E-03  6.6110180E-03
  4.6572061E-03  3.4084585E-03  0.0000000E+00
  0.1191430      3.8887031E-02  2.0317193E-02  1.2654424E-02  8.6032273E-03
  6.1547020E-03  4.5470227E-03  0.0000000E+00
  0.1451308      4.9671672E-02  2.6432944E-02  1.6811352E-02  1.1636060E-02
  8.4362822E-03  6.2715635E-03  0.0000000E+00
  0.1854758      6.6722319E-02  3.6143571E-02  2.3439065E-02  1.6499721E-02
  1.2092375E-02  8.9649418E-03  0.0000000E+00
  0.2510295      9.4490819E-02  5.2298270E-02  3.4668893E-02  2.4835836E-02
  1.8280467E-02  1.2954924E-02
  0.3633278      0.1423483      8.1190869E-02  5.5370059E-02  4.0322758E-02
  2.8714523E-02
  0.5698386      0.2333333      0.1391208      9.8441847E-02  7.0895933E-02
  0.9944351      0.4340011      0.2771842      0.2019477    
   2.045075       1.000000      0.7056205    
   5.681692       3.499165    
   35.92098    
  1.0000000E+09
  0.2563402      4.1417524E-02  1.4118557E-02  6.5618558E-03  3.6164948E-03
  2.2180411E-03  1.4644329E-03  1.0195876E-03
  0.2532474      4.4314433E-02  1.5773196E-02  7.5463918E-03  4.2453608E-03
  2.6453608E-03  1.7680412E-03  1.2427835E-03
  0.2430412      4.7546390E-02  1.7907215E-02  8.8814432E-03  5.1221647E-03
  3.2510310E-03  2.2025774E-03  1.5634021E-03
  0.2286083      5.1453609E-02  2.0747423E-02  1.0726804E-02  6.3659791E-03
  4.1226805E-03  2.8324742E-03  0.0000000E+00
  0.2179897      5.6701027E-02  2.4664948E-02  1.3355670E-02  8.1701027E-03
  5.4020616E-03  3.7613399E-03  0.0000000E+00
  0.2218041      6.4587630E-02  3.0314432E-02  1.7216494E-02  1.0871134E-02
  7.3350519E-03  5.1597939E-03  0.0000000E+00
  0.2495361      7.8092784E-02  3.9113399E-02  2.3247423E-02  1.5123711E-02
  1.0371134E-02  7.2938143E-03  0.0000000E+00
  0.3087629      0.1029381      5.4020621E-02  3.3376288E-02  2.2262886E-02
  1.5360825E-02  1.0324743E-02
  0.4156701      0.1496907      8.1391752E-02  5.1855668E-02  3.5113402E-02
  2.3345361E-02
  0.6190721      0.2416495      0.1363402      8.9278348E-02  5.9020616E-02
   1.052577      0.4440722      0.2634536      0.1731443    
   2.142783       1.000000      0.6293814    
   5.886598       3.283505    
   35.88660    
  1.0000000E+10
  0.4678522      6.5617874E-02  2.0451438E-02  8.9010485E-03  4.6557225E-03
  2.7373459E-03  1.7441860E-03  1.1782945E-03
  0.4870041      6.9083445E-02  2.1728225E-02  9.5166443E-03  5.0068395E-03
  2.9566805E-03  1.8905608E-03  1.2808937E-03
  0.5129959      7.4327402E-02  2.3698129E-02  1.0497035E-02  5.5677155E-03
  3.3109894E-03  2.1285908E-03  1.4477884E-03
  0.5408117      8.1212953E-02  2.6502507E-02  1.1942544E-02  6.4204284E-03
  3.8577293E-03  2.5002279E-03  0.0000000E+00
  0.5617875      8.9831285E-02  3.0442316E-02  1.4085728E-02  7.7245780E-03
  4.7104424E-03  3.0861832E-03  0.0000000E+00
  0.5654355      0.1007296      3.6169630E-02  1.7382581E-02  9.7948015E-03
  6.0875514E-03  4.0328316E-03  0.0000000E+00
  0.5503876      0.1156863      4.4979479E-02  2.2699500E-02  1.3205655E-02
  8.3720936E-03  5.5677155E-03  0.0000000E+00
  0.5430917      0.1385773      5.9279524E-02  3.1632468E-02  1.9019607E-02
  1.2197902E-02  7.8066573E-03
  0.6014591      0.1786138      8.4268123E-02  4.7560420E-02  2.9306887E-02
  1.8207934E-02
  0.7916096      0.2614683      0.1335157      7.8704968E-02  4.7560420E-02
   1.226630      0.4578203      0.2463292      0.1447332    
   2.341085       1.000000      0.5512996    
   6.219790       3.067487    
   35.97811    
