   100.0000    
  4.0905017E-02  1.4399641E-02  7.3467740E-03  4.5743724E-03  3.1586022E-03
  2.3216845E-03  1.7804658E-03  1.4068100E-03
  4.9740143E-02  1.7580645E-02  9.0143364E-03  5.6460574E-03  3.9211470E-03
  2.8987455E-03  2.2338708E-03  1.7750895E-03
  6.1362006E-02  2.1792114E-02  1.1254480E-02  7.0949821E-03  4.9614692E-03
  3.6917562E-03  2.8655913E-03  2.2921145E-03
  7.6998204E-02  2.7508959E-02  1.4318996E-02  9.1039427E-03  6.4229388E-03
  4.8207883E-03  3.7741933E-03  0.0000000E+00
  9.8566301E-02  3.5483871E-02  1.8664874E-02  1.1998208E-02  8.5537639E-03
  6.4928313E-03  5.1415768E-03  0.0000000E+00
  0.1293011      4.7016125E-02  2.5053762E-02  1.6326165E-02  1.1810035E-02
  9.1039427E-03  7.3163081E-03  0.0000000E+00
  0.1749104      6.4399645E-02  3.4901433E-02  2.3172041E-02  1.7105734E-02
  1.3458782E-02  1.1021506E-02  0.0000000E+00
  0.2456093      9.2114694E-02  5.1084228E-02  3.4820788E-02  2.6451614E-02
  2.1433692E-02  1.7508959E-02
  0.3626344      0.1395161      8.0044799E-02  5.6756269E-02  4.5035843E-02
  3.7293907E-02
  0.5733871      0.2295699      0.1387097      0.1049283      8.7983869E-02
   1.001792      0.4286738      0.2838710      0.2383512    
   2.052867       1.000000      0.7914875    
   5.685484       3.746416    
   33.91577    
   1000.000    
  4.0939178E-02  1.4427549E-02  7.3559927E-03  4.5778174E-03  3.1592126E-03
  2.3193201E-03  1.7754920E-03  1.4016100E-03
  4.9785331E-02  1.7611807E-02  9.0250447E-03  5.6502684E-03  3.9212876E-03
  2.8944542E-03  2.2280859E-03  1.7674417E-03
  6.1413236E-02  2.1824686E-02  1.1270124E-02  7.0992843E-03  4.9597495E-03
  3.6869410E-03  2.8559926E-03  2.2799643E-03
  7.7066191E-02  2.7549194E-02  1.4338103E-02  9.1144899E-03  6.4203935E-03
  4.8121642E-03  3.7602861E-03  0.0000000E+00
  9.8658316E-02  3.5536673E-02  1.8685153E-02  1.2003577E-02  8.5483007E-03
  6.4785327E-03  5.1171733E-03  0.0000000E+00
  0.1294275      4.7084074E-02  2.5080500E-02  1.6332736E-02  1.1797853E-02
  9.0697678E-03  7.2683361E-03  0.0000000E+00
  0.1750447      6.4490162E-02  3.4937385E-02  2.3175314E-02  1.7075134E-02
  1.3398927E-02  1.0903399E-02  0.0000000E+00
  0.2458855      9.2218243E-02  5.1127009E-02  3.4812164E-02  2.6377458E-02
  2.1270124E-02  1.7146690E-02
  0.3630590      0.1397138      8.0098391E-02  5.6699459E-02  4.4812161E-02
  3.6645796E-02
  0.5739714      0.2298748      0.1388193      0.1046512      8.6779967E-02
   1.002683      0.4291592      0.2836315      0.2359571    
   2.055456       1.000000      0.7859570    
   5.690518       3.730769    
   33.84615    
   10000.00    
  4.1007131E-02  1.4465240E-02  7.3725488E-03  4.5828875E-03  3.1568627E-03
  2.3137257E-03  1.7664883E-03  1.3894831E-03
  4.9857397E-02  1.7655971E-02  9.0463459E-03  5.6559714E-03  3.9180038E-03
  2.8859179E-03  2.2147950E-03  1.7504456E-03
  6.1506238E-02  2.1880569E-02  1.1292335E-02  7.1051694E-03  4.9554366E-03
  3.6737968E-03  2.8368984E-03  2.2549019E-03
  7.7174686E-02  2.7620319E-02  1.4367201E-02  9.1176471E-03  6.4117643E-03
  4.7932263E-03  3.7299462E-03  0.0000000E+00
  9.8841354E-02  3.5623886E-02  1.8716577E-02  1.2005347E-02  8.5329767E-03
  6.4465236E-03  5.0668451E-03  0.0000000E+00
  0.1296791      4.7192514E-02  2.5115864E-02  1.6327986E-02  1.1773618E-02
  9.0196077E-03  7.1746879E-03  0.0000000E+00
  0.1753119      6.4634576E-02  3.4982175E-02  2.3163993E-02  1.7014259E-02
  1.3279857E-02  1.0695187E-02  0.0000000E+00
  0.2462567      9.2424236E-02  5.1185384E-02  3.4777183E-02  2.6238859E-02
  2.0962566E-02  1.6586453E-02
  0.3636364      0.1400178      8.0160432E-02  5.6559712E-02  4.4367202E-02
  3.5623886E-02
  0.5749554      0.2303030      0.1387701      0.1040107      8.4821746E-02
   1.004456      0.4297682      0.2829768      0.2319073    
   2.059715       1.000000      0.7763814    
   5.699644       3.704100    
   33.72549    
   100000.0    
  4.1176990E-02  1.4530974E-02  7.3973453E-03  4.5876107E-03  3.1504426E-03
  2.2982301E-03  1.7460176E-03  1.3646018E-03
  5.0017700E-02  1.7734513E-02  9.0796463E-03  5.6592920E-03  3.9070793E-03
  2.8654868E-03  2.1867256E-03  1.7159292E-03
  6.1663717E-02  2.1973452E-02  1.1318584E-02  7.1061947E-03  4.9380534E-03
  3.6442478E-03  2.7964599E-03  2.2044247E-03
  7.7353977E-02  2.7725663E-02  1.4398229E-02  9.1150440E-03  6.3849557E-03
  4.7477875E-03  3.6690265E-03  0.0000000E+00
  9.9026546E-02  3.5752211E-02  1.8761063E-02  1.2000000E-02  8.4902653E-03
  6.3743363E-03  4.9672564E-03  0.0000000E+00
  0.1299115      4.7353979E-02  2.5159292E-02  1.6309734E-02  1.1699115E-02
  8.8938046E-03  6.9964598E-03  0.0000000E+00
  0.1756637      6.4840712E-02  3.5035398E-02  2.3115044E-02  1.6876105E-02
  1.3035398E-02  1.0336284E-02  0.0000000E+00
  0.2467256      9.2654862E-02  5.1238935E-02  3.4654867E-02  2.5929203E-02
  2.0407079E-02  1.5725663E-02
  0.3644248      0.1404425      8.0168135E-02  5.6212392E-02  4.3522123E-02
  3.4026548E-02
  0.5763717      0.2307965      0.1385841      0.1027434      8.1646018E-02
   1.007080      0.4305310      0.2813274      0.2250443    
   2.064602       1.000000      0.7600885    
   5.710619       3.656637    
   33.52213    
   1000000.    
  4.2302977E-02  1.4711033E-02  7.4711028E-03  4.6094568E-03  3.1427320E-03
  2.2723291E-03  1.7084063E-03  1.3196147E-03
  5.0963219E-02  1.7924692E-02  9.1506131E-03  5.6768828E-03  3.8905428E-03
  2.8274956E-03  2.1348512E-03  1.6541156E-03
  6.2486861E-02  2.2189140E-02  1.1401051E-02  7.1190894E-03  4.9098074E-03
  3.5884413E-03  2.7224168E-03  2.1173379E-03
  7.8108586E-02  2.7977234E-02  1.4483362E-02  9.1155861E-03  6.3380031E-03
  4.6646236E-03  3.5586690E-03  0.0000000E+00
  9.9824861E-02  3.6059543E-02  1.8852890E-02  1.1987740E-02  8.4124347E-03
  6.2434324E-03  4.7933450E-03  0.0000000E+00
  0.1307355      4.7732048E-02  2.5280209E-02  1.6278459E-02  1.1558669E-02
  8.6698774E-03  6.6978983E-03  0.0000000E+00
  0.1767075      6.5341502E-02  3.5166375E-02  2.3029771E-02  1.6619964E-02
  1.2618214E-02  9.7635733E-03  0.0000000E+00
  0.2481611      9.3345009E-02  5.1374782E-02  3.4430824E-02  2.5376532E-02
  1.9500876E-02  1.4527145E-02
  0.3665499      0.1413310      8.0253936E-02  5.5604201E-02  4.2101577E-02
  3.1733800E-02
  0.5798599      0.2322242      0.1382662      0.1006130      7.6996490E-02
   1.014011      0.4323993      0.2787215      0.2148862    
   2.077933       1.000000      0.7354640    
   5.739930       3.586690    
   33.45009    
  1.0000000E+07
  4.9181741E-02  1.5555556E-02  7.8242896E-03  4.7407411E-03  3.1584841E-03
  2.2308356E-03  1.6382430E-03  1.2385875E-03
  5.6968134E-02  1.8621879E-02  9.4401380E-03  5.7726102E-03  3.8811371E-03
  2.7614126E-03  2.0404824E-03  1.5486650E-03
  6.7571059E-02  2.2807924E-02  1.1645134E-02  7.1808789E-03  4.8682168E-03
  3.4883721E-03  2.5917313E-03  1.9741603E-03
  8.2316965E-02  2.8578812E-02  1.4711455E-02  9.1472873E-03  6.2532299E-03
  4.5133508E-03  3.3703705E-03  0.0000000E+00
  0.1032730      3.6709733E-02  1.9069768E-02  1.1981051E-02  8.2627051E-03
  6.0086134E-03  4.5081829E-03  0.0000000E+00
  0.1338501      4.8501294E-02  2.5495263E-02  1.6201550E-02  1.1300604E-02
  8.2850996E-03  6.2351422E-03  0.0000000E+00
  0.1796727      6.6296302E-02  3.5391904E-02  2.2842377E-02  1.6141258E-02
  1.1937985E-02  8.9491820E-03  0.0000000E+00
  0.2515935      9.4659775E-02  5.1576231E-02  3.3979330E-02  2.4418605E-02
  1.8148148E-02  1.2988803E-02
  0.3711456      0.1430663      8.0310076E-02  5.4444447E-02  3.9862189E-02
  2.8699398E-02
  0.5869940      0.2347115      0.1376400      9.7071491E-02  7.0637383E-02
   1.026701      0.4358312      0.2740741      0.2005168    
   2.104221       1.000000      0.6994833    
   5.796727       3.484066    
   34.34970    
  1.0000000E+08
  8.3243698E-02  2.1756303E-02  9.5798327E-03  5.2226889E-03  3.2084032E-03
  2.1285715E-03  1.4899160E-03  1.0840336E-03
  8.5126050E-02  2.3873949E-02  1.1033614E-02  6.2126047E-03  3.9000001E-03
  2.6260505E-03  1.8571429E-03  1.3613445E-03
  9.1680668E-02  2.6999999E-02  1.3008404E-02  7.5420169E-03  4.8336135E-03
  3.3025211E-03  2.3588235E-03  1.7394958E-03
  0.1036135      3.1789917E-02  1.5798319E-02  9.3949586E-03  6.1369748E-03
  4.2495797E-03  3.0613446E-03  0.0000000E+00
  0.1222689      3.9176468E-02  1.9899160E-02  1.2084033E-02  8.0218492E-03
  5.6201681E-03  4.0747900E-03  0.0000000E+00
  0.1501681      5.0571430E-02  2.6117647E-02  1.6126052E-02  1.0865546E-02
  7.6848739E-03  5.5865548E-03  0.0000000E+00
  0.1933613      6.8344541E-02  3.5857141E-02  2.2504203E-02  1.5361344E-02
  1.0941177E-02  7.8983195E-03  0.0000000E+00
  0.2634454      9.6974790E-02  5.1882356E-02  3.3168066E-02  2.2941178E-02
  1.6327731E-02  1.1201681E-02
  0.3829412      0.1462185      8.0260508E-02  5.2495796E-02  3.6680672E-02
  2.5067229E-02
  0.6020168      0.2390756      0.1362185      9.1764711E-02  6.2722690E-02
   1.050420      0.4415967      0.2664706      0.1819328    
   2.152941       1.000000      0.6515967    
   5.903361       3.347899    
   35.74790    
  1.0000000E+09
  0.2215845      3.6127727E-02  1.2384802E-02  5.7720290E-03  3.1843169E-03
  1.9539208E-03  1.2894098E-03  8.9652382E-04
  0.2219887      3.9215844E-02  1.4033953E-02  6.7332257E-03  3.7906223E-03
  2.3605498E-03  1.5755860E-03  1.1050929E-03
  0.2171382      4.2797092E-02  1.6192401E-02  8.0371862E-03  4.6329829E-03
  2.9337106E-03  1.9822151E-03  1.4025869E-03
  0.2100243      4.7235247E-02  1.9070331E-02  9.8464023E-03  5.8261924E-03
  3.7558610E-03  2.5683104E-03  0.0000000E+00
  0.2076799      5.3265966E-02  2.3071947E-02  1.2425222E-02  7.5513339E-03
  4.9555376E-03  3.4244140E-03  0.0000000E+00
  0.2192401      6.2263541E-02  2.8860144E-02  1.6208570E-02  1.0121262E-02
  6.7542442E-03  4.6984637E-03  0.0000000E+00
  0.2528698      7.7162489E-02  3.7841551E-02  2.2101860E-02  1.4147131E-02
  9.5553752E-03  6.6151982E-03  0.0000000E+00
  0.3169765      0.1035570      5.2886013E-02  3.1891674E-02  2.0808406E-02
  1.4066289E-02  9.2643499E-03
  0.4301536      0.1519806      8.0040418E-02  4.9506873E-02  3.2586906E-02
  2.1075182E-02
  0.6446241      0.2455942      0.1336298      8.4316902E-02  5.3791430E-02
   1.099434      0.4493937      0.2551334      0.1599838    
   2.234438       1.000000      0.5928052    
   6.076799       3.181892    
   35.97413    
  1.0000000E+10
  0.3907083      5.4866720E-02  1.7113481E-02  7.4508758E-03  3.8987054E-03
  2.2924601E-03  1.4607769E-03  9.8629098E-04
  0.4156131      5.9101298E-02  1.8606246E-02  8.1568928E-03  4.2924602E-03
  2.5354151E-03  1.6207159E-03  1.0974867E-03
  0.4463062      6.4859100E-02  2.0723533E-02  9.1926884E-03  4.8781419E-03
  2.9009902E-03  1.8644326E-03  1.2673268E-03
  0.4783702      7.2170608E-02  2.3625286E-02  1.0662605E-02  5.7364814E-03
  3.4470679E-03  2.2330540E-03  0.0000000E+00
  0.5044174      8.1264287E-02  2.7638996E-02  1.2810358E-02  7.0289415E-03
  4.2848438E-03  2.8035035E-03  0.0000000E+00
  0.5163747      9.2688501E-02  3.3427268E-02  1.6085302E-02  9.0555977E-03
  5.6199543E-03  3.7136332E-03  0.0000000E+00
  0.5153847      0.1085301      4.2292461E-02  2.1325210E-02  1.2368621E-02
  7.8065502E-03  5.1690787E-03  0.0000000E+00
  0.5271135      0.1329018      5.6648895E-02  3.0068547E-02  1.7958872E-02
  1.1424220E-02  7.2444784E-03
  0.6037319      0.1752475      8.1645094E-02  4.5536939E-02  2.7715158E-02
  1.6984006E-02
  0.8073115      0.2613100      0.1304646      7.5392239E-02  4.4630617E-02
   1.258187      0.4606245      0.2403656      0.1371668    
   2.408987       1.000000      0.5294745    
   6.370907       3.008378    
   36.19954    
