   100.0000    
  3.8090866E-02  1.3702272E-02  7.2595463E-03  4.7423877E-03  3.4552927E-03
  2.6863222E-03  2.1793139E-03  1.8226197E-03
  4.6075404E-02  1.6655389E-02  8.8883527E-03  5.8530690E-03  4.3006283E-03
  3.3721607E-03  2.7602706E-03  2.3310778E-03
  5.6549061E-02  2.0565491E-02  1.1072982E-02  7.3610442E-03  5.4615759E-03
  4.3296278E-03  3.5848238E-03  3.0647658E-03
  7.0565492E-02  2.5857903E-02  1.4074432E-02  9.4683422E-03  7.1145487E-03
  5.7177381E-03  4.8047369E-03  0.0000000E+00
  8.9898497E-02  3.3243112E-02  1.8337362E-02  1.2522959E-02  9.5650069E-03
  7.8250365E-03  6.7133885E-03  0.0000000E+00
  0.1173031      4.3914936E-02  2.4639923E-02  1.7158048E-02  1.3397777E-02
  1.1237312E-02  9.9178348E-03  0.0000000E+00
  0.1578057      6.0029000E-02  3.4446593E-02  2.4625424E-02  1.9830836E-02
  1.7254712E-02  1.5867569E-02  0.0000000E+00
  0.2206863      8.5790239E-02  5.0749157E-02  3.7689708E-02  3.1802807E-02
  2.9275011E-02  2.7965201E-02
  0.3246496      0.1302562      8.0618665E-02  6.3508943E-02  5.7805706E-02
  5.7274047E-02
  0.5123248      0.2157564      0.1434993      0.1251812      0.1287095    
  0.8956018      0.4097632      0.3114548      0.3286612    
   1.848236       1.000000       1.014500    
   5.263412       4.381827    
   36.39439    
   1000.000    
  3.8108498E-02  1.3725396E-02  7.2683627E-03  4.7469996E-03  3.4555930E-03
  2.6826691E-03  2.1723476E-03  1.8118098E-03
  4.6096977E-02  1.6682670E-02  8.9006238E-03  5.8569373E-03  4.3000481E-03
  3.3662985E-03  2.7498798E-03  2.3149305E-03
  5.6553047E-02  2.0595295E-02  1.1089774E-02  7.3691788E-03  5.4632742E-03
  4.3206913E-03  3.5684109E-03  3.0393663E-03
  7.0619300E-02  2.5895344E-02  1.4095055E-02  9.4767166E-03  7.1147382E-03
  5.7033123E-03  4.7782045E-03  0.0000000E+00
  8.9918382E-02  3.3288527E-02  1.8358137E-02  1.2530005E-02  9.5583294E-03
  7.8012482E-03  6.6634663E-03  0.0000000E+00
  0.1173788      4.3970235E-02  2.4666347E-02  1.7162746E-02  1.3374940E-02
  1.1185789E-02  9.8127704E-03  0.0000000E+00
  0.1578973      6.0105614E-02  3.4479119E-02  2.4623141E-02  1.9783966E-02
  1.7133942E-02  1.5597695E-02  0.0000000E+00
  0.2207873      8.5885748E-02  5.0792128E-02  3.7671629E-02  3.1675469E-02
  2.8905425E-02  2.7018722E-02
  0.3248200      0.1303889      8.0652907E-02  6.3370138E-02  5.7321172E-02
  5.5592895E-02
  0.5127220      0.2159865      0.1434950      0.1245319      0.1256841    
  0.8963034      0.4101296      0.3107537      0.3226116    
   1.849736       1.000000       1.000960    
   5.261642       4.342295    
   36.18339    
   10000.00    
  3.8177501E-02  1.3773138E-02  7.2947317E-03  4.7555766E-03  3.4565732E-03
  2.6753678E-03  2.1580446E-03  1.7906977E-03
  4.6174657E-02  1.6739441E-02  8.9321313E-03  5.8709062E-03  4.2999526E-03
  3.3554819E-03  2.7289984E-03  2.2833413E-03
  5.6668252E-02  2.0664452E-02  1.1120076E-02  7.3801614E-03  5.4579969E-03
  4.3037492E-03  3.5363077E-03  2.9905078E-03
  7.0716657E-02  2.5980067E-02  1.4133840E-02  9.4921691E-03  7.1048886E-03
  5.6715710E-03  4.7252020E-03  0.0000000E+00
  9.0080678E-02  3.3393450E-02  1.8410061E-02  1.2543902E-02  9.5396293E-03
  7.7503561E-03  6.5685809E-03  0.0000000E+00
  0.1175605      4.4100620E-02  2.4731847E-02  1.7176080E-02  1.3341244E-02
  1.1086853E-02  9.6203135E-03  0.0000000E+00
  0.1581395      6.0275272E-02  3.4556240E-02  2.4627432E-02  1.9696251E-02
  1.6905554E-02  1.5125771E-02  0.0000000E+00
  0.2211675      8.6141430E-02  5.0925490E-02  3.7631705E-02  3.1423826E-02
  2.8248694E-02  2.5600381E-02
  0.3253916      0.1307546      8.0778353E-02  6.3170388E-02  5.6430947E-02
  5.3108685E-02
  0.5135263      0.2165164      0.1435216      0.1233982      0.1209777    
  0.8979592      0.4109635      0.3095871      0.3130517    
   1.853346       1.000000      0.9791172    
   5.272900       4.279544    
   35.87091    
   100000.0    
  3.8445067E-02  1.3882682E-02  7.3463689E-03  4.7811922E-03  3.4571695E-03
  2.6596833E-03  2.1280262E-03  1.7481379E-03
  4.6438549E-02  1.6862199E-02  8.9897579E-03  5.8938549E-03  4.2970204E-03
  3.3314712E-03  2.6857543E-03  2.2225326E-03
  5.6936685E-02  2.0810056E-02  1.1191808E-02  7.4068899E-03  5.4515833E-03
  4.2653633E-03  3.4711361E-03  2.8975792E-03
  7.1042836E-02  2.6154565E-02  1.4213222E-02  9.5158294E-03  7.0856614E-03
  5.6145252E-03  4.6210429E-03  0.0000000E+00
  9.0409689E-02  3.3608008E-02  1.8510243E-02  1.2565178E-02  9.5018623E-03
  7.6443208E-03  6.3873371E-03  0.0000000E+00
  0.1180168      4.4380821E-02  2.4851024E-02  1.7192738E-02  1.3254191E-02
  1.0884545E-02  9.2737433E-03  0.0000000E+00
  0.1587523      6.0661081E-02  3.4711361E-02  2.4618249E-02  1.9506520E-02
  1.6471136E-02  1.4348231E-02  0.0000000E+00
  0.2220205      8.6638734E-02  5.1117320E-02  3.7537247E-02  3.0931100E-02
  2.7122905E-02  2.3552142E-02
  0.3267691      0.1315177      8.0959037E-02  6.2756054E-02  5.4841712E-02
  4.9394786E-02
  0.5158287      0.2176443      0.1435289      0.1212756      0.1138268    
  0.9022346      0.4126630      0.3073091      0.2982775    
   1.862197       1.000000      0.9445996    
   5.293296       4.181564    
   35.42831    
   1000000.    
  3.9882723E-02  1.4149752E-02  7.4785748E-03  4.8398734E-03  3.4668471E-03
  2.6319351E-03  2.0721694E-03  1.6716283E-03
  4.7677040E-02  1.7144790E-02  9.1249440E-03  5.9449705E-03  4.2922869E-03
  3.2828145E-03  2.6030673E-03  2.1123139E-03
  5.8006313E-02  2.1123139E-02  1.1335137E-02  7.4515110E-03  5.4262518E-03
  4.1871900E-03  3.3468651E-03  2.7352278E-03
  7.2034277E-02  2.6517818E-02  1.4370771E-02  9.5534511E-03  7.0365360E-03
  5.4848893E-03  4.4276048E-03  0.0000000E+00
  9.1474965E-02  3.4046009E-02  1.8687414E-02  1.2593595E-02  9.4000902E-03
  7.4289576E-03  6.0667568E-03  0.0000000E+00
  0.1191701      4.4930086E-02  2.5065403E-02  1.7189896E-02  1.3062698E-02
  1.0500677E-02  8.6964360E-03  0.0000000E+00
  0.1602165      6.1389264E-02  3.4970682E-02  2.4546685E-02  1.9106902E-02
  1.5705910E-02  1.3170951E-02  0.0000000E+00
  0.2240415      8.7640949E-02  5.1420838E-02  3.7271086E-02  3.0000001E-02
  2.5327018E-02  2.0843482E-02
  0.3297248      0.1329274      8.1235908E-02  6.1840326E-02  5.2142534E-02
  4.4312134E-02
  0.5205233      0.2198015      0.1433018      0.1175011      0.1038340    
  0.9106901      0.4157420      0.3029770      0.2769508    
   1.880469       1.000000      0.8940009    
   5.331529       4.036987    
   35.03834    
  1.0000000E+07
  4.7876447E-02  1.5504075E-02  8.1510078E-03  5.1565855E-03  3.5735737E-03
  2.6156155E-03  1.9849848E-03  1.5461176E-03
  5.4740451E-02  1.8241098E-02  9.6739596E-03  6.1947661E-03  4.3500643E-03
  3.2209354E-03  2.4693264E-03  1.9382238E-03
  6.4135559E-02  2.2072073E-02  1.1793221E-02  7.6362076E-03  5.4225652E-03
  4.0626340E-03  3.1441441E-03  2.4851994E-03
  7.7262975E-02  2.7430288E-02  1.4783354E-02  9.6782492E-03  6.9583869E-03
  5.2681253E-03  4.1154008E-03  0.0000000E+00
  9.5924497E-02  3.5015017E-02  1.9086229E-02  1.2651222E-02  9.2192190E-03
  7.0656366E-03  5.5684256E-03  0.0000000E+00
  0.1232089      4.6031747E-02  2.5474045E-02  1.7160017E-02  1.2698412E-02
  9.8670097E-03  7.8464178E-03  0.0000000E+00
  0.1642643      6.2762760E-02  3.5405405E-02  2.4350064E-02  1.8382668E-02
  1.4513084E-02  1.1591591E-02  0.0000000E+00
  0.2287859      8.9489490E-02  5.1866151E-02  3.6683824E-02  2.8425569E-02
  2.2797082E-02  1.7640498E-02
  0.3361647      0.1355212      8.1552982E-02  6.0102958E-02  4.8133846E-02
  3.8125269E-02
  0.5306735      0.2235950      0.1425997      0.1115401      9.1162592E-02
  0.9283569      0.4211068      0.2956242      0.2490347    
   1.916774       1.000000      0.8262548    
   5.409695       3.842986    
   35.55984    
  1.0000000E+08
  9.4089650E-02  2.5247918E-02  1.1197937E-02  6.1523207E-03  3.8175327E-03
  2.5596984E-03  1.8119795E-03  1.3343911E-03
  9.0598971E-02  2.6525188E-02  1.2495042E-02  7.1439906E-03  4.5537483E-03
  3.1158270E-03  2.2383975E-03  1.6664021E-03
  9.2820309E-02  2.8694961E-02  1.4252281E-02  8.4688617E-03  5.5533517E-03
  3.8750495E-03  2.8250695E-03  2.1249503E-03
  0.1015867      3.2463308E-02  1.6794922E-02  1.0329234E-02  6.9496231E-03
  4.9464498E-03  3.6576756E-03  0.0000000E+00
  0.1174931      3.8821895E-02  2.0642603E-02  1.3058309E-02  9.0003964E-03
  6.5251887E-03  4.8829825E-03  0.0000000E+00
  0.1422848      4.9147163E-02  2.6656087E-02  1.7262992E-02  1.2153908E-02
  8.9527965E-03  6.7592221E-03  0.0000000E+00
  0.1809203      6.5727882E-02  3.6322888E-02  2.4038080E-02  1.7259024E-02
  1.2891709E-02  9.7342329E-03  0.0000000E+00
  0.2437525      9.2899643E-02  5.2518841E-02  3.5624750E-02  2.6112653E-02
  1.9658865E-02  1.4260215E-02
  0.3516462      0.1399445      8.1753276E-02  5.7239193E-02  4.2840142E-02
  3.1388339E-02
  0.5505751      0.2297501      0.1408965      0.1029353      7.6794922E-02
  0.9611265      0.4291947      0.2841333      0.2161444    
   1.981357       1.000000      0.7433558    
   5.549385       3.606109    
   36.12852    
  1.0000000E+09
  0.2847879      4.5741323E-02  1.5520505E-02  7.1959342E-03  3.9607431E-03
  2.4269188E-03  1.6021731E-03  1.1160183E-03
  0.2787943      4.8440237E-02  1.7150369E-02  8.1808623E-03  4.5986683E-03
  2.8640029E-03  1.9144760E-03  1.3470032E-03
  0.2642482      5.1384505E-02  1.9253418E-02  9.5233088E-03  5.4889587E-03
  3.4858044E-03  2.3641780E-03  1.6810375E-03
  0.2440939      5.4889590E-02  2.2050474E-02  1.1388013E-02  6.7613036E-03
  4.3848581E-03  3.0199790E-03  0.0000000E+00
  0.2269190      5.9516300E-02  2.5888538E-02  1.4030845E-02  8.6049773E-03
  5.7097790E-03  3.9922888E-03  0.0000000E+00
  0.2248160      6.6596568E-02  3.1419557E-02  1.7924991E-02  1.1377497E-02
  7.7181910E-03  5.4644234E-03  0.0000000E+00
  0.2481598      7.9039603E-02  4.0028039E-02  2.4013320E-02  1.5758850E-02
  1.0904311E-02  7.7427272E-03  0.0000000E+00
  0.3042412      0.1027340      5.4784436E-02  3.4311250E-02  2.3179108E-02
  1.6200490E-02  1.1037504E-02
  0.4076411      0.1483701      8.2194187E-02  5.3312305E-02  3.6698211E-02
  2.4833508E-02
  0.6042762      0.2391518      0.1378549      9.2253767E-02  6.2390465E-02
   1.025237      0.4405889      0.2683491      0.1815633    
   2.089730       1.000000      0.6522958    
   5.776376       3.347704    
   35.85699    
  1.0000000E+10
  0.5326619      7.4647479E-02  2.3260431E-02  1.0117985E-02  5.2920864E-03
  3.1107913E-03  1.9827336E-03  1.3398561E-03
  0.5450360      7.7237405E-02  2.4267625E-02  1.0627338E-02  5.5884891E-03
  3.3007194E-03  2.1102158E-03  1.4296402E-03
  0.5657554      8.1784166E-02  2.6040286E-02  1.1525179E-02  6.1122305E-03
  3.6345322E-03  2.3364029E-03  1.5893525E-03
  0.5887769      8.8143878E-02  2.8702158E-02  1.2915106E-02  6.9410065E-03
  4.1697840E-03  2.7027337E-03  0.0000000E+00
  0.6048921      9.6287765E-02  3.2517985E-02  1.5024460E-02  8.2330937E-03
  5.0215824E-03  3.2920863E-03  0.0000000E+00
  0.6017266      0.1067338      3.8158271E-02  1.8310791E-02  1.0310791E-02
  6.4115105E-03  4.2532375E-03  0.0000000E+00
  0.5766906      0.1210647      4.6906475E-02  2.3648920E-02  1.3764029E-02
  8.7395683E-03  5.8302158E-03  0.0000000E+00
  0.5562590      0.1430216      6.1151076E-02  3.2661866E-02  1.9689208E-02
  1.2679136E-02  8.1582731E-03
  0.6020144      0.1814964      8.6071938E-02  4.8805755E-02  3.0273380E-02
  1.8943883E-02
  0.7841727      0.2621295      0.1354245      8.0661871E-02  4.9266182E-02
   1.210647      0.4566906      0.2497554      0.1491223    
   2.305899       1.000000      0.5637410    
   6.141007       3.102158    
   35.88489    
