   100.0000    
  5.4482415E-02  1.6423972E-02  6.9390791E-03  3.6201088E-03  2.1376919E-03
  1.3699852E-03  9.3115406E-04  6.6171371E-04
  6.6914313E-02  2.0178307E-02  8.5388813E-03  4.4596335E-03  2.6364538E-03
  1.6914315E-03  1.1505696E-03  8.1723632E-04
  8.3407626E-02  2.5175830E-02  1.0668647E-02  5.5819713E-03  3.3051015E-03
  2.1223379E-03  1.4442794E-03  1.0262507E-03
  0.1057949      3.1986132E-02  1.3585934E-02  7.1223383E-03  4.2228829E-03
  2.7152058E-03  1.8489351E-03  0.0000000E+00
  0.1369985      4.1515604E-02  1.7677069E-02  9.2917290E-03  5.5175833E-03
  3.5537393E-03  2.4195146E-03  0.0000000E+00
  0.1819218      5.5274893E-02  2.3620605E-02  1.2451709E-02  7.4145617E-03
  4.7800890E-03  3.2491335E-03  0.0000000E+00
  0.2489846      7.6027736E-02  3.2610204E-02  1.7256068E-02  1.0307083E-02
  6.6419025E-03  4.4784546E-03  0.0000000E+00
  0.3539871      0.1087172      4.6919268E-02  2.4952948E-02  1.4943042E-02
  9.5839528E-03  6.1565130E-03
  0.5284795      0.1638435      7.1272910E-02  3.8132742E-02  2.2823181E-02
  1.4051510E-02
  0.8415056      0.2649827      0.1164933      6.2704310E-02  3.6423974E-02
   1.470035      0.4746905      0.2117880      0.1123824    
   2.954928       1.000000      0.4485884    
   7.582962       2.806340    
   33.01635    
   1000.000    
  5.4482415E-02  1.6428925E-02  6.9390791E-03  3.6196136E-03  2.1367013E-03
  1.3689946E-03  9.3016354E-04  6.6022784E-04
  6.6914313E-02  2.0183260E-02  8.5388813E-03  4.4591380E-03  2.6354631E-03
  1.6899455E-03  1.1490837E-03  8.1575039E-04
  8.3358102E-02  2.5185736E-02  1.0668647E-02  5.5819713E-03  3.3036158E-03
  2.1208520E-03  1.4422982E-03  1.0237742E-03
  0.1057454      3.1996038E-02  1.3585934E-02  7.1223383E-03  4.2209015E-03
  2.7127292E-03  1.8459633E-03  0.0000000E+00
  0.1369985      4.1525509E-02  1.7677069E-02  9.2867762E-03  5.5175833E-03
  3.5497772E-03  2.4150570E-03  0.0000000E+00
  0.1819218      5.5324420E-02  2.3620605E-02  1.2451709E-02  7.4096089E-03
  4.7741458E-03  3.2412086E-03  0.0000000E+00
  0.2489846      7.6027736E-02  3.2610204E-02  1.7251115E-02  1.0297176E-02
  6.6319965E-03  4.4621103E-03  0.0000000E+00
  0.3539871      0.1087667      4.6919268E-02  2.4943041E-02  1.4928183E-02
  9.5591880E-03  6.1069839E-03
  0.5284795      0.1638930      7.1223378E-02  3.8112927E-02  2.2783557E-02
  1.3967311E-02
  0.8415056      0.2650322      0.1164933      6.2654778E-02  3.6260527E-02
   1.470035      0.4747400      0.2116890      0.1120357    
   2.955424       1.000000      0.4477464    
   7.582962       2.803863    
   33.00644    
   10000.00    
  5.4482415E-02  1.6438833E-02  6.9440315E-03  3.6191184E-03  2.1352156E-03
  1.3670133E-03  9.2818227E-04  6.5824669E-04
  6.6864789E-02  2.0193165E-02  8.5388813E-03  4.4581476E-03  2.6329868E-03
  1.6874692E-03  1.1461120E-03  8.1277860E-04
  8.3358102E-02  2.5195641E-02  1.0673601E-02  5.5819713E-03  3.3006442E-03
  2.1173849E-03  1.4388311E-03  1.0198118E-03
  0.1057454      3.2010898E-02  1.3585934E-02  7.1173850E-03  4.2164437E-03
  2.7077761E-03  1.8405152E-03  0.0000000E+00
  0.1369490      4.1545320E-02  1.7682021E-02  9.2867762E-03  5.5126301E-03
  3.5423478E-03  2.4066370E-03  0.0000000E+00
  0.1818722      5.5324420E-02  2.3625558E-02  1.2441803E-02  7.3997029E-03
  4.7622588E-03  3.2268453E-03  0.0000000E+00
  0.2489846      7.6077268E-02  3.2615155E-02  1.7241210E-02  1.0282318E-02
  6.6121840E-03  4.4333828E-03  0.0000000E+00
  0.3539871      0.1088163      4.6914317E-02  2.4923230E-02  1.4893512E-02
  9.5146112E-03  6.0376427E-03
  0.5284795      0.1639425      7.1223378E-02  3.8068350E-02  2.2709263E-02
  1.3838533E-02
  0.8420010      0.2650817      0.1164438      6.2555723E-02  3.5998020E-02
   1.470530      0.4748390      0.2115404      0.1114413    
   2.955919       1.000000      0.4463596    
   7.587915       2.799901    
   32.99158    
   100000.0    
  5.4509412E-02  1.6461842E-02  6.9474722E-03  3.6184341E-03  2.1323091E-03
  1.3637264E-03  9.2418236E-04  6.5411296E-04
  6.6897914E-02  2.0222992E-02  8.5480670E-03  4.4573834E-03  2.6298314E-03
  1.6828543E-03  1.1412289E-03  8.0773042E-04
  8.3349846E-02  2.5227949E-02  1.0678890E-02  5.5797817E-03  3.2958374E-03
  2.1110009E-03  1.4316154E-03  1.0123884E-03
  0.1057483      3.2051533E-02  1.3597621E-02  7.1159564E-03  4.2101089E-03
  2.6992070E-03  1.8305251E-03  0.0000000E+00
  0.1369673      4.1600592E-02  1.7690782E-02  9.2814667E-03  5.5004954E-03
  3.5297323E-03  2.3914766E-03  0.0000000E+00
  0.1819128      5.5401389E-02  2.3637263E-02  1.2438057E-02  7.3885028E-03
  4.7418233E-03  3.2016847E-03  0.0000000E+00
  0.2490585      7.6164514E-02  3.2626361E-02  1.7229930E-02  1.0257680E-02
  6.5758172E-03  4.3855300E-03  0.0000000E+00
  0.3541130      0.1089197      4.6932604E-02  2.4900891E-02  1.4841427E-02
  9.4350846E-03  5.9365705E-03
  0.5287414      0.1641229      7.1258672E-02  3.8002972E-02  2.2581762E-02
  1.3642220E-02
  0.8424182      0.2653617      0.1164024      6.2338952E-02  3.5599601E-02
   1.471754      0.4752726      0.2112983      0.1105550    
   2.959366       1.000000      0.4442022    
   7.596630       2.794351    
   33.00297    
   1000000.    
  5.5004954E-02  1.6481664E-02  6.9425171E-03  3.6100100E-03  2.1228939E-03
  1.3543111E-03  9.1526256E-04  6.4568879E-04
  6.7195244E-02  2.0247769E-02  8.5431123E-03  4.4484637E-03  2.6184339E-03
  1.6714568E-03  1.1298315E-03  7.9633296E-04
  8.3548062E-02  2.5262635E-02  1.0678890E-02  5.5698710E-03  3.2819624E-03
  2.0961347E-03  1.4167492E-03  9.9752226E-04
  0.1057978      3.2096133E-02  1.3597621E-02  7.1010902E-03  4.1917739E-03
  2.6793855E-03  1.8097125E-03  0.0000000E+00
  0.1369673      4.1655105E-02  1.7690782E-02  9.2616454E-03  5.4757185E-03
  3.5009908E-03  2.3612487E-03  0.0000000E+00
  0.1818632      5.5450942E-02  2.3637263E-02  1.2408325E-02  7.3488597E-03
  4.6977205E-03  3.1536175E-03  0.0000000E+00
  0.2489594      7.6263621E-02  3.2621406E-02  1.7185330E-02  1.0193260E-02
  6.5014865E-03  4.3022791E-03  0.0000000E+00
  0.3540634      0.1090684      4.6912786E-02  2.4816649E-02  1.4727452E-02
  9.2913778E-03  5.7829530E-03
  0.5287414      0.1642715      7.1209118E-02  3.7834488E-02  2.2333993E-02
  1.3334984E-02
  0.8424182      0.2656095      0.1162042      6.1892964E-02  3.4945488E-02
   1.472745      0.4755203      0.2106045      0.1090188    
   2.961843       1.000000      0.4401883    
   7.601585       2.782458    
   33.13181    
  1.0000000E+07
  5.9771825E-02  1.6512899E-02  6.9097225E-03  3.5753970E-03  2.0927580E-03
  1.3288690E-03  8.9335325E-04  6.2748016E-04
  7.1130954E-02  2.0277778E-02  8.5119056E-03  4.4141863E-03  2.5873017E-03
  1.6433533E-03  1.1051587E-03  7.7529764E-04
  8.6557545E-02  2.5307542E-02  1.0654762E-02  5.5357143E-03  3.2480161E-03
  2.0639882E-03  1.3874008E-03  9.7123015E-04
  0.1080357      3.2162700E-02  1.3581350E-02  7.0684529E-03  4.1517857E-03
  2.6393852E-03  1.7718255E-03  0.0000000E+00
  0.1384921      4.1760918E-02  1.7683532E-02  9.2212306E-03  5.4265875E-03
  3.4479168E-03  2.3090278E-03  0.0000000E+00
  0.1827877      5.5605158E-02  2.3630954E-02  1.2356151E-02  7.2767856E-03
  4.6195439E-03  3.0753969E-03  0.0000000E+00
  0.2495536      7.6488100E-02  3.2614086E-02  1.7103177E-02  1.0079365E-02
  6.3740085E-03  4.1750995E-03  0.0000000E+00
  0.3544643      0.1093750      4.6884924E-02  2.4672620E-02  1.4528770E-02
  9.0674609E-03  5.5704364E-03
  0.5292659      0.1647321      7.1081348E-02  3.7544645E-02  2.1929564E-02
  1.2896826E-02
  0.8437501      0.2662202      0.1159226      6.1210319E-02  3.3978175E-02
   1.475199      0.4762897      0.2094246      0.1066964    
   2.968750       1.000000      0.4340278    
   7.619048       2.765377    
   34.36012    
  1.0000000E+08
  7.8070611E-02  1.7503731E-02  6.9368477E-03  3.4823474E-03  1.9990057E-03
  1.2521134E-03  8.3441078E-04  5.8180012E-04
  8.9010447E-02  2.0979613E-02  8.4833419E-03  4.3038288E-03  2.4848336E-03
  1.5614122E-03  1.0412731E-03  7.2550972E-04
  0.1037792      2.5728494E-02  1.0571855E-02  5.4102438E-03  3.1367480E-03
  1.9746395E-03  1.3172551E-03  9.1596227E-04
  0.1237693      3.2376930E-02  1.3460965E-02  6.9269026E-03  4.0313280E-03
  2.5400298E-03  1.6916958E-03  0.0000000E+00
  0.1518648      4.1874692E-02  1.7548485E-02  9.0701152E-03  5.2909004E-03
  3.3316759E-03  2.2118350E-03  0.0000000E+00
  0.1931378      5.5743411E-02  2.3505719E-02  1.2187967E-02  7.1108905E-03
  4.4714073E-03  2.9467929E-03  0.0000000E+00
  0.2567877      7.6728001E-02  3.2496274E-02  1.6897066E-02  9.8607661E-03
  6.1660865E-03  3.9890604E-03  0.0000000E+00
  0.3591745      0.1097961      4.6752859E-02  2.4370961E-02  1.4181999E-02
  8.7270020E-03  5.2859276E-03
  0.5325708      0.1653904      7.0860267E-02  3.7001494E-02  2.1292889E-02
  1.2307310E-02
  0.8468424      0.2672302      0.1153655      5.9970163E-02  3.2630533E-02
   1.480358      0.4776728      0.2074590      0.1033317    
   2.981104       1.000000      0.4247638    
   7.652909       2.739931    
   37.66783    
  1.0000000E+09
  0.1292000      2.1344999E-02  7.3100002E-03  3.3805000E-03  1.8450001E-03
  1.1185000E-03  7.2900002E-04  5.0099997E-04
  0.1408500      2.4829999E-02  8.7799998E-03  4.1370001E-03  2.2839999E-03
  1.3949999E-03  9.1349997E-04  6.2949996E-04
  0.1545500      2.9389998E-02  1.0765000E-02  5.1750001E-03  2.8895000E-03
  1.7770000E-03  1.1679999E-03  8.0549996E-04
  0.1729500      3.5585001E-02  1.3515000E-02  6.6199997E-03  3.7365002E-03
  2.3105000E-03  1.5214999E-03  0.0000000E+00
  0.1999000      4.4329997E-02  1.7419999E-02  8.6800000E-03  4.9434998E-03
  3.0669998E-03  2.0170000E-03  0.0000000E+00
  0.2404500      5.7250001E-02  2.3159999E-02  1.1705000E-02  6.7050001E-03
  4.1610003E-03  2.7184999E-03  0.0000000E+00
  0.3015500      7.7349998E-02  3.1950001E-02  1.6305000E-02  9.3649998E-03
  5.7799998E-03  3.7064999E-03  0.0000000E+00
  0.3971500      0.1100000      4.6074998E-02  2.3635000E-02  1.3534999E-02
  8.2099997E-03  4.9235001E-03
  0.5599999      0.1658500      7.0049994E-02  3.5944998E-02  2.0299999E-02
  1.1535000E-02
  0.8645000      0.2683500      0.1140000      5.8049999E-02  3.0839998E-02
   1.494000      0.4794000      0.2040500      9.8750003E-02
   3.002500       1.000000      0.4116500    
   7.710000       2.704500    
   39.33500    
  1.0000000E+10
  0.1893002      2.6734279E-02  8.3620688E-03  3.6419879E-03  1.9046654E-03
  1.1186613E-03  7.1196759E-04  4.8002027E-04
  0.2164807      3.1044625E-02  9.8073026E-03  4.3012169E-03  2.2606491E-03
  1.3326572E-03  8.4989861E-04  5.7403650E-04
  0.2485801      3.6526371E-02  1.1713996E-02  5.1926980E-03  2.7494929E-03
  1.6293103E-03  1.0425963E-03  7.0537528E-04
  0.2849391      4.3564908E-02  1.4300202E-02  6.4350911E-03  3.4416837E-03
  2.0537525E-03  1.3199798E-03  0.0000000E+00
  0.3250000      5.2839756E-02  1.7925963E-02  8.2302233E-03  4.4594323E-03
  2.6820486E-03  1.7307303E-03  0.0000000E+00
  0.3705375      6.5770790E-02  2.3270790E-02  1.0943205E-02  6.0141985E-03
  3.6414808E-03  2.3493916E-03  0.0000000E+00
  0.4304260      8.4939145E-02  3.1536508E-02  1.5197769E-02  8.4482757E-03
  5.1267748E-03  3.2662272E-03  0.0000000E+00
  0.5258620      0.1154665      4.4913791E-02  2.2099392E-02  1.2352942E-02
  7.4036513E-03  4.4340771E-03
  0.6906694      0.1681035      6.7900613E-02  3.3828598E-02  1.8727180E-02
  1.0542596E-02
  0.9858012      0.2683063      0.1106998      5.4868154E-02  2.8575050E-02
   1.586714      0.4798681      0.1983266      9.2951320E-02
   3.075051       1.000000      0.3953854    
   7.824543       2.667850    
   39.95436    
