   100.0000    
  0.0000000E+00  1.5342767E-02  5.6864545E-03  2.9700424E-03  1.7989340E-03
  1.1865465E-03  8.2870794E-04  6.0319790E-04
  0.0000000E+00  1.8838448E-02  6.9913617E-03  3.6592539E-03  2.2220179E-03
  1.4684801E-03  1.0272010E-03  7.4875943E-04
  0.0000000E+00  2.3506708E-02  8.7373648E-03  4.5855539E-03  2.7899281E-03
  1.8489249E-03  1.2959015E-03  9.4596582E-04
  0.0000000E+00  2.9865833E-02  1.1122955E-02  5.8555412E-03  3.5765483E-03
  2.3764013E-03  1.6693622E-03  0.0000000E+00
  0.0000000E+00  3.8779635E-02  1.4478956E-02  7.6548429E-03  4.6921521E-03
  3.1299393E-03  2.2036391E-03  0.0000000E+00
  0.0000000E+00  5.1681675E-02  1.9371439E-02  1.0292226E-02  6.3425838E-03
  4.2473809E-03  2.9994487E-03  0.0000000E+00
  0.0000000E+00  7.1163386E-02  2.6778165E-02  1.4331924E-02  8.8935858E-03
  5.9860316E-03  4.2161364E-03  0.0000000E+00
  0.0000000E+00  0.1020952      3.8669363E-02  2.0896895E-02  1.3074802E-02
  8.8255834E-03  5.9952214E-03
  0.0000000E+00  0.1546223      5.9070025E-02  3.2346994E-02  2.0437419E-02
  1.3457085E-02
  0.0000000E+00  0.2523433      9.7665861E-02  5.4493658E-02  3.4129754E-02
  0.0000000E+00  0.4594744      0.1815291      0.1025914    
  0.0000000E+00   1.000000      0.4041536    
  0.0000000E+00   3.025179    
   23.65374    
   1000.000    
  0.0000000E+00  1.5347172E-02  5.6869946E-03  2.9702424E-03  1.7981263E-03
  1.1855253E-03  8.2751655E-04  6.0194707E-04
  0.0000000E+00  1.8846435E-02  6.9930195E-03  3.6590742E-03  2.2207934E-03
  1.4671198E-03  1.0257164E-03  7.4706099E-04
  0.0000000E+00  2.3512123E-02  8.7380605E-03  4.5848638E-03  2.7883907E-03
  1.8479059E-03  1.2939016E-03  9.4360759E-04
  0.0000000E+00  2.9867744E-02  1.1124173E-02  5.8559878E-03  3.5745774E-03
  2.3732549E-03  1.6662379E-03  0.0000000E+00
  0.0000000E+00  3.8776632E-02  1.4480161E-02  7.6524615E-03  4.6895663E-03
  3.1245407E-03  2.1987509E-03  0.0000000E+00
  0.0000000E+00  5.1689934E-02  1.9360764E-02  1.0288390E-02  6.3372520E-03
  4.2413664E-03  2.9904481E-03  0.0000000E+00
  0.0000000E+00  7.1179278E-02  2.6781777E-02  1.4327700E-02  8.8850101E-03
  5.9735486E-03  4.1972813E-03  0.0000000E+00
  0.0000000E+00  0.1021124      3.8666420E-02  2.0885378E-02  1.3056575E-02
  8.7968409E-03  5.9423214E-03
  0.0000000E+00  0.1546657      5.9074208E-02  3.2329168E-02  2.0407788E-02
  1.3363335E-02
  0.0000000E+00  0.2523879      9.7648785E-02  5.4426890E-02  3.3945628E-02
  0.0000000E+00  0.4595885      0.1814291      0.1022226    
  0.0000000E+00   1.000000      0.4031962    
  0.0000000E+00   3.023512    
   23.64071    
   10000.00    
  0.0000000E+00  1.5356946E-02  5.6891171E-03  2.9693521E-03  1.7968435E-03
  1.1837034E-03  8.2528900E-04  5.9955957E-04
  0.0000000E+00  1.8865848E-02  6.9957790E-03  3.6593871E-03  2.2187557E-03
  1.4644889E-03  1.0227564E-03  7.4398977E-04
  0.0000000E+00  2.3527253E-02  8.7410538E-03  4.5843273E-03  2.7858322E-03
  1.8443752E-03  1.2897780E-03  9.3907141E-04
  0.0000000E+00  2.9895393E-02  1.1128648E-02  5.8542853E-03  3.5694623E-03
  2.3674069E-03  1.6603046E-03  0.0000000E+00
  0.0000000E+00  3.8814463E-02  1.4485227E-02  7.6509453E-03  4.6834284E-03
  3.1180033E-03  2.1893925E-03  0.0000000E+00
  0.0000000E+00  5.1715910E-02  1.9379703E-02  1.0284456E-02  6.3277669E-03
  4.2282990E-03  2.9748580E-03  0.0000000E+00
  0.0000000E+00  7.1224079E-02  2.6793906E-02  1.4320059E-02  8.8676829E-03
  5.9497161E-03  4.1659018E-03  0.0000000E+00
  0.0000000E+00  0.1021655      3.8667645E-02  2.0866215E-02  1.3024408E-02
  8.7465588E-03  5.8634612E-03
  0.0000000E+00  0.1547256      5.9056710E-02  3.2281153E-02  2.0315655E-02
  1.3217105E-02
  0.0000000E+00  0.2525234      9.7614244E-02  5.4303542E-02  3.3657555E-02
  0.0000000E+00  0.4597174      0.1812626      0.1015783    
  0.0000000E+00   1.000000      0.4017251    
  0.0000000E+00   3.018903    
   23.61901    
   100000.0    
  0.0000000E+00  1.5380107E-02  5.6951824E-03  2.9694084E-03  1.7937352E-03
  1.1797033E-03  8.2084630E-04  5.9498078E-04
  0.0000000E+00  1.8886242E-02  7.0012822E-03  3.6581792E-03  2.2146914E-03
  1.4592416E-03  1.0168529E-03  7.3749776E-04
  0.0000000E+00  2.3557430E-02  8.7470235E-03  4.5814253E-03  2.7807290E-03
  1.8355011E-03  1.2815534E-03  9.3020702E-04
  0.0000000E+00  2.9913904E-02  1.1133907E-02  5.8490564E-03  3.5610918E-03
  2.3575746E-03  1.6484704E-03  0.0000000E+00
  0.0000000E+00  3.8853269E-02  1.4489834E-02  7.6442570E-03  4.6711853E-03
  3.1013007E-03  2.1725590E-03  0.0000000E+00
  0.0000000E+00  5.1767725E-02  1.9380840E-02  1.0272943E-02  6.3088480E-03
  4.2040669E-03  2.9437626E-03  0.0000000E+00
  0.0000000E+00  7.1276791E-02  2.6799781E-02  1.4299322E-02  8.8349516E-03
  5.9058438E-03  4.1088113E-03  0.0000000E+00
  0.0000000E+00  0.1022532      3.8670085E-02  2.0827992E-02  1.2960250E-02
  8.6535998E-03  5.7391464E-03
  0.0000000E+00  0.1548452      5.9040118E-02  3.2185383E-02  2.0168530E-02
  1.2978568E-02
  0.0000000E+00  0.2526104      9.7545341E-02  5.4057520E-02  3.3174574E-02
  0.0000000E+00  0.4599744      0.1808939      0.1004946    
  0.0000000E+00   1.000000      0.3989742    
  0.0000000E+00   3.011541    
   23.63070    
   1000000.    
  0.0000000E+00  1.5464670E-02  5.7111555E-03  2.9687784E-03  1.7874750E-03
  1.1712617E-03  8.1175828E-04  5.8572210E-04
  0.0000000E+00  1.8951980E-02  7.0147892E-03  3.6552856E-03  2.2055870E-03
  1.4482382E-03  1.0049297E-03  7.2557968E-04
  0.0000000E+00  2.3626072E-02  8.7602697E-03  4.5754975E-03  2.7697645E-03
  1.8212524E-03  1.2654737E-03  9.1363885E-04
  0.0000000E+00  2.9998174E-02  1.1144787E-02  5.8407891E-03  3.5439108E-03
  2.3370457E-03  1.6257075E-03  0.0000000E+00
  0.0000000E+00  3.8926415E-02  1.4500639E-02  7.6282634E-03  4.6467041E-03
  3.0710241E-03  2.1380316E-03  0.0000000E+00
  0.0000000E+00  5.1871460E-02  1.9390177E-02  1.0248311E-02  6.2698554E-03
  4.1555595E-03  2.8884425E-03  0.0000000E+00
  0.0000000E+00  7.1389444E-02  2.6802994E-02  1.4257805E-02  8.7693995E-03
  5.8225305E-03  4.0113200E-03  0.0000000E+00
  0.0000000E+00  0.1024101      3.8652547E-02  2.0741282E-02  1.2835493E-02
  8.4900493E-03  5.5523096E-03
  0.0000000E+00  0.1550666      5.8992147E-02  3.2024831E-02  1.9883148E-02
  1.2610918E-02
  0.0000000E+00  0.2528757      9.7370818E-02  5.3587727E-02  3.2389995E-02
  0.0000000E+00  0.4604710      0.1801716      9.8721929E-02
  0.0000000E+00   1.000000      0.3943765    
  0.0000000E+00   2.997991    
   23.93646    
  1.0000000E+07
  0.0000000E+00  1.5992373E-02  5.8126021E-03  2.9816595E-03  1.7764663E-03
  1.1528962E-03  7.9208275E-04  5.6691485E-04
  0.0000000E+00  1.9411657E-02  7.0964224E-03  3.6607953E-03  2.1899401E-03
  1.4252770E-03  9.8093331E-04  7.0256036E-04
  0.0000000E+00  2.3987651E-02  8.8233156E-03  4.5723622E-03  2.7455965E-03
  1.7915380E-03  1.2347921E-03  8.8414748E-04
  0.0000000E+00  3.0306883E-02  1.1193027E-02  5.8271289E-03  3.5118940E-03
  2.2970764E-03  1.5843472E-03  0.0000000E+00
  0.0000000E+00  3.9204646E-02  1.4536045E-02  7.6030507E-03  4.5977845E-03
  3.0143454E-03  2.0791721E-03  0.0000000E+00
  0.0000000E+00  5.2133650E-02  1.9411657E-02  1.0201561E-02  6.1939349E-03
  4.0675504E-03  2.7982567E-03  0.0000000E+00
  0.0000000E+00  7.1672417E-02  2.6802251E-02  1.4174687E-02  8.6453604E-03
  5.6782276E-03  3.8605412E-03  0.0000000E+00
  0.0000000E+00  0.1027420      3.8623568E-02  2.0591974E-02  1.2611222E-02
  8.2277106E-03  5.2878154E-03
  0.0000000E+00  0.1555112      5.8906842E-02  3.1686943E-02  1.9429816E-02
  1.2075540E-02
  0.0000000E+00  0.2534955      9.7040132E-02  5.2751042E-02  3.1232975E-02
  0.0000000E+00  0.4612311      0.1788633      9.5950603E-02
  0.0000000E+00   1.000000      0.3871436    
  0.0000000E+00   2.978028    
   26.25749    
  1.0000000E+08
  0.0000000E+00  1.8607162E-02  6.4117326E-03  3.1041929E-03  1.7705596E-03
  1.1135504E-03  7.4788556E-04  5.2654312E-04
  0.0000000E+00  2.1774339E-02  7.6156198E-03  3.7502248E-03  2.1666368E-03
  1.3741228E-03  9.2783873E-04  6.5502967E-04
  0.0000000E+00  2.6093217E-02  9.2477947E-03  4.6265968E-03  2.7028972E-03
  1.7268310E-03  1.1707756E-03  8.2760485E-04
  0.0000000E+00  3.2103650E-02  1.1518804E-02  5.8430806E-03  3.4461040E-03
  2.2152241E-03  1.5051287E-03  0.0000000E+00
  0.0000000E+00  4.0687423E-02  1.4768760E-02  7.5760302E-03  4.5024292E-03
  2.9062442E-03  1.9758863E-03  0.0000000E+00
  0.0000000E+00  5.3338129E-02  1.9560914E-02  1.0122368E-02  6.0518263E-03
  3.9157816E-03  2.6525103E-03  0.0000000E+00
  0.0000000E+00  7.2683096E-02  2.6867013E-02  1.4018355E-02  8.4218103E-03
  5.4435846E-03  3.6404536E-03  0.0000000E+00
  0.0000000E+00  0.1036531      3.8599964E-02  2.0298721E-02  1.2229620E-02
  7.8297639E-03  4.9397154E-03
  0.0000000E+00  0.1564513      5.8700737E-02  3.1113910E-02  1.8679142E-02
  1.1347849E-02
  0.0000000E+00  0.2546338      9.6382946E-02  5.1376641E-02  2.9584309E-02
  0.0000000E+00  0.4626597      0.1765701      9.1920100E-02
  0.0000000E+00   1.000000      0.3761022    
  0.0000000E+00   2.949433    
   31.22188    
  1.0000000E+09
  0.0000000E+00  2.4330555E-02  7.7389614E-03  3.4456465E-03  1.8407520E-03
  1.1005498E-03  7.1129634E-04  4.8625644E-04
  0.0000000E+00  2.8107822E-02  9.0547968E-03  4.0858309E-03  2.2060650E-03
  1.3305552E-03  8.6557900E-04  5.9443171E-04
  0.0000000E+00  3.2754034E-02  1.0730626E-02  4.9264054E-03  2.6955134E-03
  1.6431992E-03  1.0767867E-03  7.4303959E-04
  0.0000000E+00  3.8801204E-02  1.2954425E-02  6.0702255E-03  3.3747118E-03
  2.0801562E-03  1.3736478E-03  0.0000000E+00
  0.0000000E+00  4.7100551E-02  1.6043626E-02  7.6928535E-03  4.3500620E-03
  2.7114737E-03  1.7999646E-03  0.0000000E+00
  0.0000000E+00  5.9141692E-02  2.0553291E-02  1.0092215E-02  5.7989010E-03
  3.6460366E-03  2.4206422E-03  0.0000000E+00
  0.0000000E+00  7.7637881E-02  2.7522612E-02  1.3800319E-02  8.0315657E-03
  5.0647282E-03  3.3250579E-03  0.0000000E+00
  0.0000000E+00  0.1076787      3.8854409E-02  1.9808479E-02  1.1610216E-02
  7.2583794E-03  4.4972515E-03
  0.0000000E+00  0.1596737      5.8467817E-02  3.0147191E-02  1.7597092E-02
  1.0422061E-02
  0.0000000E+00  0.2574925      9.5265120E-02  4.9264055E-02  2.7451677E-02
  0.0000000E+00  0.4651534      0.1728498      8.6451501E-02
  0.0000000E+00   1.000000      0.3607022    
  0.0000000E+00   2.906544    
   33.12644    
  1.0000000E+10
  0.0000000E+00  2.9448383E-02  9.0748752E-03  3.9149229E-03  2.0335466E-03
  1.1888293E-03  7.5341517E-04  5.0648447E-04
  0.0000000E+00  3.4272868E-02  1.0587931E-02  4.5806672E-03  2.3845755E-03
  1.3961612E-03  8.8569941E-04  5.9571152E-04
  0.0000000E+00  4.0480718E-02  1.2560954E-02  5.4573752E-03  2.8514611E-03
  1.6736987E-03  1.0638076E-03  7.1589136E-04
  0.0000000E+00  4.8486944E-02  1.5144388E-02  6.6245892E-03  3.4808922E-03
  2.0525679E-03  1.3081445E-03  0.0000000E+00
  0.0000000E+00  5.8879472E-02  1.8588968E-02  8.2171885E-03  4.3575997E-03
  2.5851633E-03  1.6541587E-03  0.0000000E+00
  0.0000000E+00  7.2747707E-02  2.3309700E-02  1.0475531E-02  5.6268373E-03
  3.3684939E-03  2.1615080E-03  0.0000000E+00
  0.0000000E+00  9.2287742E-02  3.0157357E-02  1.3863047E-02  7.5704651E-03
  4.5720218E-03  2.9223587E-03  0.0000000E+00
  0.0000000E+00  0.1222030      4.0861145E-02  1.9297943E-02  1.0722809E-02
  6.4776065E-03  3.9425902E-03
  0.0000000E+00  0.1727131      5.9208024E-02  2.8722117E-02  1.6069515E-02
  9.2668170E-03
  0.0000000E+00  0.2678540      9.3930483E-02  4.6238977E-02  2.4796817E-02
  0.0000000E+00  0.4720733      0.1672834      7.9560786E-02
  0.0000000E+00   1.000000      0.3404807    
  0.0000000E+00   2.851461    
   33.39097    
  9.9999998E+10
  0.0000000E+00  3.8738739E-02  1.1872236E-02  5.0941850E-03  2.6339067E-03
  1.5316954E-03  9.6674857E-04  6.4750208E-04
  0.0000000E+00  4.3931205E-02  1.3461097E-02  5.7772314E-03  2.9860768E-03
  1.7362818E-03  1.0950040E-03  7.3251437E-04
  0.0000000E+00  5.0073709E-02  1.5351350E-02  6.5880422E-03  3.4054052E-03
  1.9787061E-03  1.2473383E-03  8.3308760E-04
  0.0000000E+00  5.8050778E-02  1.7805079E-02  7.6478296E-03  3.9524976E-03
  2.2964783E-03  1.4453726E-03  0.0000000E+00
  0.0000000E+00  6.9189191E-02  2.1261262E-02  9.1367727E-03  4.7256346E-03
  2.7452908E-03  1.7231777E-03  0.0000000E+00
  0.0000000E+00  8.5208841E-02  2.6240787E-02  1.1308762E-02  5.8574937E-03
  3.4004913E-03  2.1261261E-03  0.0000000E+00
  0.0000000E+00  0.1084193      3.3562653E-02  1.4535626E-02  7.5495495E-03
  4.3783784E-03  2.7076167E-03  0.0000000E+00
  0.0000000E+00  0.1428665      4.4619165E-02  1.9508600E-02  1.0186732E-02
  5.8722356E-03  3.4561835E-03
  0.0000000E+00  0.1972154      6.2424242E-02  2.7731368E-02  1.4530712E-02
  8.0360360E-03
  0.0000000E+00  0.2933661      9.4250612E-02  4.2604420E-02  2.1654380E-02
  0.0000000E+00  0.4922195      0.1598526      7.0892714E-02
  0.0000000E+00   1.000000      0.3131859    
  0.0000000E+00   2.760033    
   33.12039    
  1.0000000E+12
  0.0000000E+00  4.4877976E-02  1.3738127E-02  5.8892299E-03  3.0410639E-03
  1.7682303E-03  1.1145696E-03  7.4587174E-04
  0.0000000E+00  5.3836036E-02  1.6483998E-02  7.0612310E-03  3.6446003E-03
  2.1160310E-03  1.3333333E-03  8.9083734E-04
  0.0000000E+00  6.4547710E-02  1.9742804E-02  8.4582791E-03  4.3621222E-03
  2.5310537E-03  1.5928686E-03  1.0613766E-03
  0.0000000E+00  7.6939940E-02  2.3527693E-02  1.0071605E-02  5.1907059E-03
  3.0074529E-03  1.8880608E-03  0.0000000E+00
  0.0000000E+00  9.0793513E-02  2.7750986E-02  1.1870525E-02  6.1098933E-03
  3.5335380E-03  2.2095572E-03  0.0000000E+00
  0.0000000E+00  0.1065468      3.2558821E-02  1.3910566E-02  7.1474500E-03
  4.1195382E-03  2.5588193E-03  0.0000000E+00
  0.0000000E+00  0.1272980      3.8871840E-02  1.6600907E-02  8.5035805E-03
  4.8706704E-03  2.9782259E-03  0.0000000E+00
  0.0000000E+00  0.1601637      4.8911296E-02  2.0853426E-02  1.0631301E-02
  6.0017537E-03  3.4633931E-03
  0.0000000E+00  0.2159871      6.5965220E-02  2.8057870E-02  1.4145843E-02
  7.5595495E-03
  0.0000000E+00  0.3147742      9.6185885E-02  4.0698525E-02  1.9567441E-02
  0.0000000E+00  0.5120561      0.1550490      6.3203275E-02
  0.0000000E+00   1.000000      0.2833553    
  0.0000000E+00   2.620196    
   32.07658    
  9.9999998E+12
  0.0000000E+00  4.1041464E-02  1.2561698E-02  5.3849956E-03  2.7801087E-03
  1.6152519E-03  1.0187562E-03  6.8163872E-04
  0.0000000E+00  5.0876115E-02  1.5572557E-02  6.6695465E-03  3.4415103E-03
  1.9977791E-03  1.2586378E-03  8.4069604E-04
  0.0000000E+00  6.3919052E-02  1.9545905E-02  8.3699413E-03  4.3151532E-03
  2.5024682E-03  1.5732972E-03  1.0487414E-03
  0.0000000E+00  8.1367232E-02  2.4864266E-02  1.0637957E-02  5.4787761E-03
  3.1725075E-03  1.9903753E-03  0.0000000E+00
  0.0000000E+00  0.1046520      3.1959526E-02  1.3659921E-02  7.0224581E-03
  4.0560220E-03  2.5345508E-03  0.0000000E+00
  0.0000000E+00  0.1351185      4.1201878E-02  1.7583909E-02  9.0177692E-03
  5.1887957E-03  3.2181640E-03  0.0000000E+00
  0.0000000E+00  0.1725074      5.2554294E-02  2.2371668E-02  1.1430158E-02
  6.5288749E-03  3.9807507E-03  0.0000000E+00
  0.0000000E+00  0.2145854      6.5227054E-02  2.7665351E-02  1.4042449E-02
  7.8849960E-03  4.5273942E-03
  0.0000000E+00  0.2643139      8.0083914E-02  3.3748768E-02  1.6843535E-02
  8.9190528E-03
  0.0000000E+00  0.3506910      0.1056269      4.3854889E-02  2.0668807E-02
  0.0000000E+00  0.5370188      0.1594274      6.2623397E-02
  0.0000000E+00   1.000000      0.2772705    
  0.0000000E+00   2.565400    
   31.35489    
  1.0000000E+14
  0.0000000E+00  3.0440645E-02  9.3165468E-03  3.9937049E-03  2.0620504E-03
  1.1978417E-03  7.5548555E-04  5.0548557E-04
  0.0000000E+00  3.8039565E-02  1.1636690E-02  4.9865106E-03  2.5728417E-03
  1.4937050E-03  9.4064744E-04  6.2841730E-04
  0.0000000E+00  4.8417263E-02  1.4811150E-02  6.3390285E-03  3.2679855E-03
  1.8956834E-03  1.1915468E-03  7.9415465E-04
  0.0000000E+00  6.2949643E-02  1.9235611E-02  8.2293162E-03  4.2374097E-03
  2.4532373E-03  1.5386690E-03  0.0000000E+00
  0.0000000E+00  8.3857909E-02  2.5602518E-02  1.0935252E-02  5.6241006E-03
  3.2482012E-03  2.0287768E-03  0.0000000E+00
  0.0000000E+00  0.1148381      3.5008993E-02  1.4928057E-02  7.6573738E-03
  4.4046761E-03  2.7302157E-03  0.0000000E+00
  0.0000000E+00  0.1616906      4.9217626E-02  2.0935252E-02  1.0692446E-02
  6.1043166E-03  3.7185249E-03  0.0000000E+00
  0.0000000E+00  0.2328237      7.0701435E-02  2.9955035E-02  1.5179856E-02
  8.5161868E-03  4.8812949E-03
  0.0000000E+00  0.3348022      0.1012590      4.2580936E-02  2.1205034E-02
  1.1196043E-02
  0.0000000E+00  0.4571043      0.1372302      5.6726616E-02  2.6600720E-02
  0.0000000E+00  0.6098022      0.1799460      7.0089929E-02
  0.0000000E+00   1.000000      0.2776978    
  0.0000000E+00   2.450540    
   29.46043    
