   100.0000    
  0.0000000E+00  1.4615384E-02  6.0636601E-03  3.5610078E-03  2.4038460E-03
  1.7486736E-03  1.3328912E-03  1.0497347E-03
  0.0000000E+00  1.7851457E-02  7.4403174E-03  4.3925727E-03  2.9820953E-03
  2.1810343E-03  1.6717506E-03  1.3242705E-03
  0.0000000E+00  2.2141909E-02  9.2771873E-03  5.5145882E-03  3.7698937E-03
  2.7765250E-03  2.1425728E-03  1.7088859E-03
  0.0000000E+00  2.7970819E-02  1.1797082E-02  7.0689647E-03  4.8759948E-03
  3.6220159E-03  2.8202916E-03  0.0000000E+00
  0.0000000E+00  3.6114056E-02  1.5351458E-02  9.3037132E-03  6.4854105E-03
  4.8726788E-03  3.8381962E-03  0.0000000E+00
  0.0000000E+00  4.7884613E-02  2.0570291E-02  1.2632625E-02  8.9389915E-03
  6.8236073E-03  5.4562329E-03  0.0000000E+00
  0.0000000E+00  6.5636605E-02  2.8594162E-02  1.7891245E-02  1.2917772E-02
  1.0066313E-02  8.2095489E-03  0.0000000E+00
  0.0000000E+00  9.3899198E-02  4.1717503E-02  2.6790449E-02  1.9920424E-02
  1.6001325E-02  1.3050397E-02
  0.0000000E+00  0.1423077      6.5026522E-02  4.3448273E-02  3.3786472E-02
  2.7811671E-02
  0.0000000E+00  0.2338859      0.1118037      7.9708219E-02  6.5755963E-02
  0.0000000E+00  0.4348806      0.2254642      0.1794430    
  0.0000000E+00   1.000000      0.6127984    
  0.0000000E+00   3.586870    
   26.02785    
   1000.000    
  0.0000000E+00  1.4626568E-02  6.0660937E-03  3.5604758E-03  2.4018504E-03
  1.7455387E-03  1.3284865E-03  1.0449438E-03
  0.0000000E+00  1.7865168E-02  7.4421675E-03  4.3919366E-03  2.9795107E-03
  2.1771314E-03  1.6662260E-03  1.3179114E-03
  0.0000000E+00  2.2154659E-02  9.2795771E-03  5.5128881E-03  3.7660277E-03
  2.7706544E-03  2.1348314E-03  1.6992729E-03
  0.0000000E+00  2.7984137E-02  1.1797752E-02  7.0654326E-03  4.8697954E-03
  3.6133509E-03  2.8083278E-03  0.0000000E+00
  0.0000000E+00  3.6126900E-02  1.5353602E-02  9.2994049E-03  6.4758756E-03
  4.8585590E-03  3.8182416E-03  0.0000000E+00
  0.0000000E+00  4.7898214E-02  2.0575015E-02  1.2623926E-02  8.9226700E-03
  6.7944480E-03  5.4190350E-03  0.0000000E+00
  0.0000000E+00  6.5657631E-02  2.8598811E-02  1.7878387E-02  1.2888301E-02
  1.0019828E-02  8.1229350E-03  0.0000000E+00
  0.0000000E+00  9.3919367E-02  4.1711830E-02  2.6761400E-02  1.9854594E-02
  1.5875744E-02  1.2795770E-02
  0.0000000E+00  0.1423662      6.5009914E-02  4.3370783E-02  3.3608723E-02
  2.7349636E-02
  0.0000000E+00  0.2339061      0.1116986      7.9444811E-02  6.4884335E-02
  0.0000000E+00  0.4348975      0.2251157      0.1775942    
  0.0000000E+00   1.000000      0.6084599    
  0.0000000E+00   3.573694    
   25.96166    
   10000.00    
  0.0000000E+00  1.4654832E-02  6.0762651E-03  3.5621303E-03  2.3997370E-03
  1.7403024E-03  1.3214990E-03  1.0361604E-03
  0.0000000E+00  1.7896121E-02  7.4490467E-03  4.3931622E-03  2.9763314E-03
  2.1702826E-03  1.6568047E-03  1.3050624E-03
  0.0000000E+00  2.2195924E-02  9.2899408E-03  5.5141356E-03  3.7606838E-03
  2.7600264E-03  2.1209731E-03  1.6811308E-03
  0.0000000E+00  2.8034186E-02  1.1814595E-02  7.0677185E-03  4.8612752E-03
  3.5976332E-03  2.7863246E-03  0.0000000E+00
  0.0000000E+00  3.6186717E-02  1.5371466E-02  9.2965150E-03  6.4621959E-03
  4.8343195E-03  3.7823799E-03  0.0000000E+00
  0.0000000E+00  4.7975015E-02  2.0591715E-02  1.2623275E-02  8.9020375E-03
  6.7521366E-03  5.3523998E-03  0.0000000E+00
  0.0000000E+00  6.5746218E-02  2.8619329E-02  1.7863248E-02  1.2840237E-02
  9.9342531E-03  7.9750158E-03  0.0000000E+00
  0.0000000E+00  9.4082840E-02  4.1735701E-02  2.6719265E-02  1.9743590E-02
  1.5654175E-02  1.2399737E-02
  0.0000000E+00  0.1425378      6.5023012E-02  4.3254435E-02  3.3287309E-02
  2.6633793E-02
  0.0000000E+00  0.2341880      0.1116371      7.9026952E-02  6.3497700E-02
  0.0000000E+00  0.4353057      0.2245234      0.1746877    
  0.0000000E+00   1.000000      0.6016437    
  0.0000000E+00   3.554898    
   25.87114    
   100000.0    
  0.0000000E+00  1.4723128E-02  6.0977200E-03  3.5674269E-03  2.3954399E-03
  1.7302933E-03  1.3074919E-03  1.0195441E-03
  0.0000000E+00  1.7967427E-02  7.4723135E-03  4.3973941E-03  2.9693812E-03
  2.1557005E-03  1.6371337E-03  1.2814333E-03
  0.0000000E+00  2.2280131E-02  9.3159610E-03  5.5166129E-03  3.7498372E-03
  2.7400651E-03  2.0925081E-03  1.6462542E-03
  0.0000000E+00  2.8130293E-02  1.1843649E-02  7.0684045E-03  4.8436485E-03
  3.5667752E-03  2.7439739E-03  0.0000000E+00
  0.0000000E+00  3.6306191E-02  1.5407167E-02  9.2899026E-03  6.4332252E-03
  4.7850166E-03  3.7140064E-03  0.0000000E+00
  0.0000000E+00  4.8123781E-02  2.0631922E-02  1.2605864E-02  8.8469060E-03
  6.6644954E-03  5.2293162E-03  0.0000000E+00
  0.0000000E+00  6.5928340E-02  2.8664496E-02  1.7830620E-02  1.2742671E-02
  9.7654732E-03  7.7263843E-03  0.0000000E+00
  0.0000000E+00  9.4332255E-02  4.1778501E-02  2.6638439E-02  1.9537460E-02
  1.5270360E-02  1.1798047E-02
  0.0000000E+00  0.1429316      6.5048866E-02  4.3022800E-02  3.2703586E-02
  2.5511401E-02
  0.0000000E+00  0.2347231      0.1115309      7.8175902E-02  6.1289903E-02
  0.0000000E+00  0.4361564      0.2235179      0.1699674    
  0.0000000E+00   1.000000      0.5903583    
  0.0000000E+00   3.523127    
   25.77850    
   1000000.    
  0.0000000E+00  1.4923076E-02  6.1596152E-03  3.5839742E-03  2.3891025E-03
  1.7108973E-03  1.2801281E-03  9.8717946E-04
  0.0000000E+00  1.8160256E-02  7.5320513E-03  4.4083330E-03  2.9557692E-03
  2.1269231E-03  1.5987179E-03  1.2371794E-03
  0.0000000E+00  2.2474360E-02  9.3717948E-03  5.5211540E-03  3.7262819E-03
  2.6980769E-03  2.0384614E-03  1.5833334E-03
  0.0000000E+00  2.8339742E-02  1.1897435E-02  7.0641022E-03  4.8051281E-03
  3.5038460E-03  2.6634615E-03  0.0000000E+00
  0.0000000E+00  3.6538459E-02  1.5461537E-02  9.2756413E-03  6.3698716E-03
  4.6865386E-03  3.5871794E-03  0.0000000E+00
  0.0000000E+00  4.8397433E-02  2.0692308E-02  1.2570512E-02  8.7435897E-03
  6.5000001E-03  5.0128200E-03  0.0000000E+00
  0.0000000E+00  6.6282049E-02  2.8724359E-02  1.7743589E-02  1.2544871E-02
  9.4615389E-03  7.3141027E-03  0.0000000E+00
  0.0000000E+00  9.4807692E-02  4.1826922E-02  2.6442306E-02  1.9121794E-02
  1.4615385E-02  1.0929487E-02
  0.0000000E+00  0.1435897      6.4999998E-02  4.2525642E-02  3.1660255E-02
  2.3852563E-02
  0.0000000E+00  0.2357051      0.1112179      7.6538458E-02  5.7916667E-02
  0.0000000E+00  0.4375000      0.2213461      0.1625641    
  0.0000000E+00   1.000000      0.5721794    
  0.0000000E+00   3.471795    
   26.05128    
  1.0000000E+07
  0.0000000E+00  1.6019963E-02  6.5065497E-03  3.7043043E-03  2.4098565E-03
  1.6837181E-03  1.2314409E-03  9.2888332E-04
  0.0000000E+00  1.9082969E-02  7.8165941E-03  4.4940733E-03  2.9532125E-03
  2.0804740E-03  1.5308795E-03  1.1609482E-03
  0.0000000E+00  2.3256393E-02  9.6007483E-03  5.5739237E-03  3.6955709E-03
  2.6244542E-03  1.9426076E-03  1.4784777E-03
  0.0000000E+00  2.9033061E-02  1.2083593E-02  7.0804739E-03  4.7379909E-03
  3.3905178E-03  2.5246411E-03  0.0000000E+00
  0.0000000E+00  3.7186522E-02  1.5620711E-02  9.2514027E-03  6.2507796E-03
  4.5096693E-03  3.3761696E-03  0.0000000E+00
  0.0000000E+00  4.9058013E-02  2.0823456E-02  1.2489082E-02  8.5339984E-03
  6.2139737E-03  4.6712412E-03  0.0000000E+00
  0.0000000E+00  6.7061752E-02  2.8827196E-02  1.7560823E-02  1.2177167E-02
  8.9519648E-03  6.7124139E-03  0.0000000E+00
  0.0000000E+00  9.5695563E-02  4.1871488E-02  2.6051152E-02  1.8390518E-02
  1.3611978E-02  9.7941356E-03
  0.0000000E+00  0.1447910      6.4878352E-02  4.1584525E-02  2.9981283E-02
  2.1609481E-02
  0.0000000E+00  0.2374298      0.1104803      7.3799118E-02  5.3194005E-02
  0.0000000E+00  0.4397380      0.2174672      0.1518403    
  0.0000000E+00   1.000000      0.5450405    
  0.0000000E+00   3.394884    
   28.55895    
  1.0000000E+08
  0.0000000E+00  2.2359617E-02  8.3034644E-03  4.2413380E-03  2.5274791E-03
  1.6499402E-03  1.1445639E-03  8.2915172E-04
  0.0000000E+00  2.4551971E-02  9.4086016E-03  4.9617682E-03  3.0280761E-03
  2.0113501E-03  1.4127837E-03  1.0322580E-03
  0.0000000E+00  2.7825566E-02  1.0949820E-02  5.9486260E-03  3.7144562E-03
  2.5083630E-03  1.7825568E-03  1.3118279E-03
  0.0000000E+00  3.2765828E-02  1.3160096E-02  7.3416964E-03  4.6810033E-03
  3.2090798E-03  2.3034646E-03  0.0000000E+00
  0.0000000E+00  4.0232975E-02  1.6433692E-02  9.3727596E-03  6.0872161E-03
  4.2287931E-03  3.0585423E-03  0.0000000E+00
  0.0000000E+00  5.1600955E-02  2.1409797E-02  1.2443249E-02  8.2138581E-03
  5.7682195E-03  4.1899639E-03  0.0000000E+00
  0.0000000E+00  6.9295101E-02  2.9205494E-02  1.7287932E-02  1.1583034E-02
  8.2019111E-03  5.9301071E-03  0.0000000E+00
  0.0000000E+00  9.7909197E-02  4.2031061E-02  2.5376344E-02  1.7252089E-02
  1.2246117E-02  8.4468341E-03
  0.0000000E+00  0.1472521      6.4635605E-02  4.0017918E-02  2.7568696E-02
  1.8876940E-02
  0.0000000E+00  0.2406213      0.1090800      6.9653526E-02  4.7228195E-02
  0.0000000E+00  0.4438471      0.2111709      0.1376942    
  0.0000000E+00   1.000000      0.5081840    
  0.0000000E+00   3.292712    
   32.08483    
  1.0000000E+09
  0.0000000E+00  3.6228415E-02  1.1621170E-02  5.2105850E-03  2.8011142E-03
  1.6869082E-03  1.0980502E-03  7.5598893E-04
  0.0000000E+00  3.9894152E-02  1.3052925E-02  5.9610028E-03  3.2557102E-03
  1.9860724E-03  1.3058496E-03  9.0584956E-04
  0.0000000E+00  4.3910865E-02  1.4779945E-02  6.9247913E-03  3.8607244E-03
  2.3938718E-03  1.5944290E-03  1.1169916E-03
  0.0000000E+00  4.8584960E-02  1.6969360E-02  8.2172705E-03  4.7019501E-03
  2.9732592E-03  2.0089136E-03  0.0000000E+00
  0.0000000E+00  5.4707520E-02  1.9949861E-02  1.0055711E-02  5.9275771E-03
  3.8272981E-03  2.6233983E-03  0.0000000E+00
  0.0000000E+00  6.3955434E-02  2.4356544E-02  1.2807800E-02  7.7827293E-03
  5.1325904E-03  3.5543176E-03  0.0000000E+00
  0.0000000E+00  7.9331480E-02  3.1359330E-02  1.7175488E-02  1.0740947E-02
  7.1977717E-03  4.9793874E-03  0.0000000E+00
  0.0000000E+00  0.1059610      4.3220054E-02  2.4512535E-02  1.5688023E-02
  1.0557103E-02  6.9749304E-03
  0.0000000E+00  0.1540947      6.4623959E-02  3.7749305E-02  2.4473539E-02
  1.5844012E-02
  0.0000000E+00  0.2470752      0.1068524      6.3955434E-02  4.0412258E-02
  0.0000000E+00  0.4504735      0.2018942      0.1208914    
  0.0000000E+00   1.000000      0.4625069    
  0.0000000E+00   3.166574    
   32.82451    
  1.0000000E+10
  0.0000000E+00  4.9468983E-02  1.5255583E-02  6.5905708E-03  3.4258065E-03
  2.0044665E-03  1.2714640E-03  8.5607939E-04
  0.0000000E+00  5.4540943E-02  1.6868485E-02  7.3101739E-03  3.8109182E-03
  2.2347393E-03  1.4203474E-03  9.5682376E-04
  0.0000000E+00  6.1240695E-02  1.9047147E-02  8.2928045E-03  4.3449132E-03
  2.5573201E-03  1.6302728E-03  1.1002482E-03
  0.0000000E+00  6.9826297E-02  2.1910669E-02  9.6228290E-03  5.0818860E-03
  3.0084366E-03  1.9265508E-03  0.0000000E+00
  0.0000000E+00  8.0496274E-02  2.5642680E-02  1.1429280E-02  6.1042188E-03
  3.6521091E-03  2.3553350E-03  0.0000000E+00
  0.0000000E+00  9.3746901E-02  3.0600496E-02  1.3960298E-02  7.6029776E-03
  4.6148882E-03  3.0024813E-03  0.0000000E+00
  0.0000000E+00  0.1108189      3.7563276E-02  1.7751861E-02  9.9404464E-03
  6.1439201E-03  4.0153847E-03  0.0000000E+00
  0.0000000E+00  0.1357816      4.8372205E-02  2.3955334E-02  1.3861042E-02
  8.6898264E-03  5.4789078E-03
  0.0000000E+00  0.1792060      6.7344911E-02  3.5116624E-02  2.0868486E-02
  1.2714640E-02
  0.0000000E+00  0.2665012      0.1050124      5.7071961E-02  3.3285361E-02
  0.0000000E+00  0.4642680      0.1898263      0.1027792    
  0.0000000E+00   1.000000      0.4108685    
  0.0000000E+00   3.022332    
   32.71464    
  9.9999998E+10
  0.0000000E+00  8.1355929E-02  2.4939466E-02  1.0702179E-02  5.5326875E-03
  3.2199356E-03  2.0326877E-03  1.3615820E-03
  0.0000000E+00  8.6481035E-02  2.6509281E-02  1.1380145E-02  5.8837770E-03
  3.4221148E-03  2.1589992E-03  1.4451169E-03
  0.0000000E+00  9.0799026E-02  2.7849073E-02  1.1957224E-02  6.1824052E-03
  3.5960451E-03  2.2675546E-03  1.5153349E-03
  0.0000000E+00  9.6327685E-02  2.9568201E-02  1.2707829E-02  6.5738498E-03
  3.8232445E-03  2.4083939E-03  0.0000000E+00
  0.0000000E+00  0.1055690      3.2473769E-02  1.3979015E-02  7.2397091E-03
  4.2130747E-03  2.6489105E-03  0.0000000E+00
  0.0000000E+00  0.1207022      3.7259884E-02  1.6093625E-02  8.3575463E-03
  4.8627923E-03  3.0508474E-03  0.0000000E+00
  0.0000000E+00  0.1436239      4.4673126E-02  1.9435028E-02  1.0141243E-02
  5.9120259E-03  3.6751411E-03  0.0000000E+00
  0.0000000E+00  0.1772801      5.5972558E-02  2.4697337E-02  1.3014528E-02
  7.5786924E-03  4.5076679E-03
  0.0000000E+00  0.2282082      7.4051648E-02  3.3547219E-02  1.7929783E-02
  1.0117030E-02
  0.0000000E+00  0.3153349      0.1066990      5.0242130E-02  2.6521388E-02
  0.0000000E+00  0.5000000      0.1769572      8.4342211E-02
  0.0000000E+00   1.000000      0.3543987    
  0.0000000E+00   2.837369    
   32.15093    
  1.0000000E+12
  0.0000000E+00  9.1411896E-02  2.7987771E-02  1.1998332E-02  6.1978879E-03
  3.6020011E-03  2.2715398E-03  1.5202890E-03
  0.0000000E+00  0.1109505      3.3963311E-02  1.4555309E-02  7.5125075E-03
  4.3635354E-03  2.7490272E-03  1.8371317E-03
  0.0000000E+00  0.1328238      4.0633686E-02  1.7409671E-02  8.9799892E-03
  5.2112285E-03  3.2795996E-03  2.1859366E-03
  0.0000000E+00  0.1543079      4.7192886E-02  2.0205671E-02  1.0414119E-02
  6.0339076E-03  3.7882158E-03  0.0000000E+00
  0.0000000E+00  0.1709561      5.2279044E-02  2.2365203E-02  1.1514730E-02
  6.6592554E-03  4.1662036E-03  0.0000000E+00
  0.0000000E+00  0.1809339      5.5308506E-02  2.3649249E-02  1.2159533E-02
  7.0122294E-03  4.3579768E-03  0.0000000E+00
  0.0000000E+00  0.1914675      5.8532521E-02  2.5008338E-02  1.2829349E-02
  7.3568653E-03  4.5052804E-03  0.0000000E+00
  0.0000000E+00  0.2155086      6.5925516E-02  2.8154530E-02  1.4388549E-02
  8.1434129E-03  4.7137300E-03
  0.0000000E+00  0.2648694      8.1239581E-02  3.4713730E-02  1.7570872E-02
  9.4413562E-03
  0.0000000E+00  0.3568649      0.1102279      4.7081709E-02  2.2862701E-02
  0.0000000E+00  0.5403002      0.1683713      7.0316844E-02
  0.0000000E+00   1.000000      0.3018344    
  0.0000000E+00   2.603391    
   30.57254    
  9.9999998E+12
  0.0000000E+00  5.8946062E-02  1.8047567E-02  7.7335616E-03  3.9934712E-03
  2.3208456E-03  1.4632365E-03  9.7901444E-04
  0.0000000E+00  7.6263025E-02  2.3332816E-02  9.9984463E-03  5.1593347E-03
  2.9954920E-03  1.8871445E-03  1.2606871E-03
  0.0000000E+00  0.1005285      3.0747710E-02  1.3164931E-02  6.7884345E-03
  3.9375098E-03  2.4762941E-03  1.6493084E-03
  0.0000000E+00  0.1346495      4.1162755E-02  1.7612312E-02  9.0688644E-03
  5.2510495E-03  3.2939531E-03  0.0000000E+00
  0.0000000E+00  0.1817193      5.5495102E-02  2.3721438E-02  1.2194932E-02
  7.0449249E-03  4.4023008E-03  0.0000000E+00
  0.0000000E+00  0.2418778      7.3775843E-02  3.1478316E-02  1.6151097E-02
  9.2958184E-03  5.7671387E-03  0.0000000E+00
  0.0000000E+00  0.3043681      9.2740558E-02  3.9483912E-02  2.0192757E-02
  1.1534277E-02  7.0355982E-03  0.0000000E+00
  0.0000000E+00  0.3449402      0.1049277      4.4535987E-02  2.2602208E-02
  1.2709468E-02  7.3029692E-03
  0.0000000E+00  0.3651485      0.1107259      4.6712264E-02  2.3348361E-02
  1.2379916E-02
  0.0000000E+00  0.4203327      0.1268615      5.2790303E-02  2.4949480E-02
  0.0000000E+00  0.5792010      0.1728587      6.8350695E-02
  0.0000000E+00   1.000000      0.2829162    
  0.0000000E+00   2.466967    
   29.14659    
  1.0000000E+14
  0.0000000E+00  2.3757577E-02  7.2727273E-03  3.1169695E-03  1.6090908E-03
  9.3515147E-04  5.8963633E-04  3.9454547E-04
  0.0000000E+00  3.1254545E-02  9.5636360E-03  4.0969695E-03  2.1139393E-03
  1.2272727E-03  7.7333330E-04  5.1648484E-04
  0.0000000E+00  4.2327274E-02  1.2945455E-02  5.5418182E-03  2.8569696E-03
  1.6569698E-03  1.0418182E-03  6.9454545E-04
  0.0000000E+00  5.9290908E-02  1.8121211E-02  7.7515151E-03  3.9915149E-03
  2.3115152E-03  1.4496970E-03  0.0000000E+00
  0.0000000E+00  8.6363636E-02  2.6375758E-02  1.1266666E-02  5.7939393E-03
  3.3466667E-03  2.0909091E-03  0.0000000E+00
  0.0000000E+00  0.1313333      4.0066667E-02  1.7090909E-02  8.7636365E-03
  5.0424240E-03  3.1260606E-03  0.0000000E+00
  0.0000000E+00  0.2078788      6.3333333E-02  2.6939394E-02  1.3757575E-02
  7.8545455E-03  4.7866665E-03  0.0000000E+00
  0.0000000E+00  0.3341212      0.1015152      4.3006063E-02  2.1799998E-02
  1.2236363E-02  7.0181815E-03
  0.0000000E+00  0.5035151      0.1523636      6.4060606E-02  3.1939391E-02
  1.6866665E-02
  0.0000000E+00  0.6224242      0.1870303      7.7393934E-02  3.6327273E-02
  0.0000000E+00  0.6957576      0.2056364      8.0242425E-02
  0.0000000E+00   1.000000      0.2787273    
  0.0000000E+00   2.281818    
   26.47879    
