   100.0000    
  0.0000000E+00  1.3985508E-02  6.0950080E-03  3.8271605E-03  2.7885132E-03
  2.1999464E-03  1.8250135E-03  1.5673646E-03
  0.0000000E+00  1.6969942E-02  7.4503492E-03  4.7181966E-03  3.4702094E-03
  2.7670425E-03  2.3217928E-03  2.0190552E-03
  0.0000000E+00  2.0915192E-02  9.2592593E-03  5.9259259E-03  4.4122385E-03
  3.5641440E-03  3.0354268E-03  2.6814279E-03
  0.0000000E+00  2.6256040E-02  1.1744498E-02  7.6194312E-03  5.7595279E-03
  4.7316155E-03  4.1035968E-03  0.0000000E+00
  0.0000000E+00  3.3709072E-02  1.5268385E-02  1.0075148E-02  7.7670426E-03
  6.5244236E-03  5.8105206E-03  0.0000000E+00
  0.0000000E+00  4.4444449E-02  2.0475041E-02  1.3816425E-02  1.0933978E-02
  9.4820186E-03  8.7734833E-03  0.0000000E+00
  0.0000000E+00  6.0708538E-02  2.8582931E-02  1.9876545E-02  1.6336555E-02
  1.4852389E-02  1.4559850E-02  0.0000000E+00
  0.0000000E+00  8.6661302E-02  4.2055827E-02  3.0595813E-02  2.6645197E-02
  2.6135266E-02  2.7455719E-02
  0.0000000E+00  0.1314278      6.6774026E-02  5.2120239E-02  5.0107356E-02
  5.4991949E-02
  0.0000000E+00  0.2173376      0.1191358      0.1056629      0.1205582    
  0.0000000E+00  0.4117016      0.2621310      0.2997853    
  0.0000000E+00   1.000000      0.9098229    
  0.0000000E+00   4.417606    
   30.11272    
   1000.000    
  0.0000000E+00  1.4007946E-02  6.1086090E-03  3.8304636E-03  2.7894038E-03
  2.1984105E-03  1.8196027E-03  1.5581457E-03
  0.0000000E+00  1.6996026E-02  7.4622515E-03  4.7231787E-03  3.4728476E-03
  2.7655626E-03  2.3136423E-03  2.0045033E-03
  0.0000000E+00  2.0943046E-02  9.2741717E-03  5.9337751E-03  4.4132448E-03
  3.5602646E-03  3.0198675E-03  2.6569534E-03
  0.0000000E+00  2.6291391E-02  1.1761589E-02  7.6291389E-03  5.7589402E-03
  4.7205295E-03  4.0794699E-03  0.0000000E+00
  0.0000000E+00  3.3748344E-02  1.5292714E-02  1.0087417E-02  7.7642384E-03
  6.5059601E-03  5.7668872E-03  0.0000000E+00
  0.0000000E+00  4.4503309E-02  2.0505959E-02  1.3827815E-02  1.0921854E-02
  9.4384104E-03  8.6701978E-03  0.0000000E+00
  0.0000000E+00  6.0768209E-02  2.8609270E-02  1.9886091E-02  1.6301986E-02
  1.4739073E-02  1.4259602E-02  0.0000000E+00
  0.0000000E+00  8.6754963E-02  4.2119205E-02  3.0569535E-02  2.6543045E-02
  2.5740396E-02  2.6296688E-02
  0.0000000E+00  0.1315762      6.6834435E-02  5.2026488E-02  4.9615890E-02
  5.3006619E-02
  0.0000000E+00  0.2176159      0.1191788      0.1050596      0.1169801    
  0.0000000E+00  0.4121854      0.2615364      0.2927152    
  0.0000000E+00   1.000000      0.8937748    
  0.0000000E+00   4.373510    
   29.88079    
   10000.00    
  0.0000000E+00  1.4053844E-02  6.1299508E-03  3.8415736E-03  2.7905772E-03
  2.1931140E-03  1.8071446E-03  1.5374060E-03
  0.0000000E+00  1.7048925E-02  7.4864095E-03  4.7346619E-03  3.4739836E-03
  2.7569244E-03  2.2945895E-03  1.9735955E-03
  0.0000000E+00  2.1006988E-02  9.3036499E-03  5.9487442E-03  4.4136681E-03
  3.5464661E-03  2.9899040E-03  2.6093710E-03
  0.0000000E+00  2.6378462E-02  1.1796531E-02  7.6417294E-03  5.7545947E-03
  4.6958318E-03  4.0305462E-03  0.0000000E+00
  0.0000000E+00  3.3833809E-02  1.5335231E-02  1.0100957E-02  7.7504530E-03
  6.4587104E-03  5.6717577E-03  0.0000000E+00
  0.0000000E+00  4.4628527E-02  2.0559151E-02  1.3841573E-02  1.0893088E-02
  9.3424795E-03  8.4675122E-03  0.0000000E+00
  0.0000000E+00  6.0937095E-02  2.8682370E-02  1.9893864E-02  1.6223142E-02
  1.4504271E-02  1.3732850E-02  0.0000000E+00
  0.0000000E+00  8.6979032E-02  4.2195186E-02  3.0546207E-02  2.6300801E-02
  2.5022004E-02  2.4584519E-02
  0.0000000E+00  0.1319182      6.6942789E-02  5.1850893E-02  4.8666842E-02
  5.0012942E-02
  0.0000000E+00  0.2181206      0.1192079      0.1038830      0.1114419    
  0.0000000E+00  0.4128915      0.2604194      0.2816464    
  0.0000000E+00   1.000000      0.8684959    
  0.0000000E+00   4.302356    
   29.51074    
   100000.0    
  0.0000000E+00  1.4163763E-02  6.1747143E-03  3.8626182E-03  2.7949228E-03
  2.1794427E-03  1.7789946E-03  1.4955202E-03
  0.0000000E+00  1.7167745E-02  7.5385766E-03  4.7560977E-03  3.4718767E-03
  2.7351917E-03  2.2531110E-03  1.9116476E-03
  0.0000000E+00  2.1142358E-02  9.3603786E-03  5.9681437E-03  4.4051767E-03
  3.5092086E-03  2.9268293E-03  2.5111996E-03
  0.0000000E+00  2.6530612E-02  1.1864112E-02  7.6630167E-03  5.7366854E-03
  4.6366355E-03  3.9248383E-03  0.0000000E+00
  0.0000000E+00  3.4021903E-02  1.5415630E-02  1.0119462E-02  7.7127921E-03
  6.3563962E-03  5.4853163E-03  0.0000000E+00
  0.0000000E+00  4.4873070E-02  2.0657044E-02  1.3852663E-02  1.0811349E-02
  9.1413641E-03  8.0985567E-03  0.0000000E+00
  0.0000000E+00  6.1249383E-02  2.8795421E-02  1.9878050E-02  1.6037831E-02
  1.4059233E-02  1.2869587E-02  0.0000000E+00
  0.0000000E+00  8.7431557E-02  4.2359382E-02  3.0462919E-02  2.5808860E-02
  2.3797911E-02  2.2152811E-02
  0.0000000E+00  0.1325784      6.7073166E-02  5.1418621E-02  4.6963666E-02
  4.5644600E-02
  0.0000000E+00  0.2191638      0.1191389      0.1016426      0.1031608    
  0.0000000E+00  0.4146341      0.2578397      0.2648084    
  0.0000000E+00   1.000000      0.8292683    
  0.0000000E+00   4.188651    
   29.01941    
   1000000.    
  0.0000000E+00  1.4511541E-02  6.3161575E-03  3.9263228E-03  2.8071809E-03
  2.1571461E-03  1.7274423E-03  1.4201446E-03
  0.0000000E+00  1.7505245E-02  7.6707858E-03  4.8076473E-03  3.4716716E-03
  2.6906037E-03  2.1734671E-03  1.8013522E-03
  0.0000000E+00  2.1485193E-02  9.4940541E-03  6.0107247E-03  4.3856376E-03
  3.4366986E-03  2.8048498E-03  2.3455350E-03
  0.0000000E+00  2.6906038E-02  1.2002797E-02  7.6964325E-03  5.6889718E-03
  4.5162039E-03  3.7304731E-03  0.0000000E+00
  0.0000000E+00  3.4460247E-02  1.5567731E-02  1.0137561E-02  7.6171597E-03
  6.1459546E-03  5.1573790E-03  0.0000000E+00
  0.0000000E+00  4.5395195E-02  2.0832360E-02  1.3842387E-02  1.0624854E-02
  8.7572858E-03  7.4889250E-03  0.0000000E+00
  0.0000000E+00  6.1925855E-02  2.9004430E-02  1.9797156E-02  1.5642341E-02
  1.3268827E-02  1.1587783E-02  0.0000000E+00
  0.0000000E+00  8.8342264E-02  4.2574026E-02  3.0170202E-02  2.4854276E-02
  2.1879226E-02  1.9039404E-02
  0.0000000E+00  0.1338774      6.7265093E-02  5.0477963E-02  4.4159476E-02
  3.9892748E-02
  0.0000000E+00  0.2211471      0.1187923      9.7738400E-02  9.1932856E-02
  0.0000000E+00  0.4175798      0.2532059      0.2410818    
  0.0000000E+00   1.000000      0.7733737    
  0.0000000E+00   4.031242    
   29.02774    
  1.0000000E+07
  0.0000000E+00  1.6377755E-02  7.0891920E-03  4.2875130E-03  2.9464846E-03
  2.1657920E-03  1.6583421E-03  1.3057712E-03
  0.0000000E+00  1.9047217E-02  8.2938094E-03  5.0870935E-03  3.5550892E-03
  2.6505771E-03  2.0549842E-03  1.6348374E-03
  0.0000000E+00  2.2812173E-02  1.0002098E-02  6.2140608E-03  4.4050370E-03
  3.3305353E-03  2.6128017E-03  2.0986360E-03
  0.0000000E+00  2.8079748E-02  1.2432318E-02  7.8279115E-03  5.6264428E-03
  4.3126969E-03  3.4249737E-03  0.0000000E+00
  0.0000000E+00  3.5592865E-02  1.5947534E-02  1.0193074E-02  7.4438611E-03
  5.7901368E-03  4.6568727E-03  0.0000000E+00
  0.0000000E+00  4.6589714E-02  2.1196222E-02  1.3796432E-02  1.0266527E-02
  8.1259180E-03  6.6211959E-03  0.0000000E+00
  0.0000000E+00  6.3315839E-02  2.9359916E-02  1.9576076E-02  1.4921301E-02
  1.2058762E-02  9.9307448E-03  0.0000000E+00
  0.0000000E+00  9.0115421E-02  4.2896114E-02  2.9548792E-02  2.3273872E-02
  1.9250786E-02  1.5529905E-02
  0.0000000E+00  0.1363274      6.7387193E-02  4.8688352E-02  4.0020987E-02
  3.3200420E-02
  0.0000000E+00  0.2247639      0.1178174      9.1584466E-02  7.8321092E-02
  0.0000000E+00  0.4226653      0.2453305      0.2113326    
  0.0000000E+00   1.000000      0.7011543    
  0.0000000E+00   3.827912    
   31.35362    
  1.0000000E+08
  0.0000000E+00  2.8272064E-02  1.0722784E-02  5.5425321E-03  3.3404368E-03
  2.2074231E-03  1.5522997E-03  1.1404724E-03
  0.0000000E+00  2.9035695E-02  1.1553898E-02  6.2315748E-03  3.8785296E-03
  2.6283073E-03  1.8824366E-03  1.4031255E-03
  0.0000000E+00  3.0829336E-02  1.2781033E-02  7.1923281E-03  4.6279524E-03
  3.2125732E-03  2.3459420E-03  1.7726868E-03
  0.0000000E+00  3.4363344E-02  1.4677677E-02  8.5846204E-03  5.7005859E-03
  4.0543419E-03  3.0136742E-03  0.0000000E+00
  0.0000000E+00  4.0543418E-02  1.7671816E-02  1.0678387E-02  7.2971052E-03
  5.3098914E-03  4.0117209E-03  0.0000000E+00
  0.0000000E+00  5.0683711E-02  2.2464925E-02  1.3949565E-02  9.7815655E-03
  7.2669149E-03  5.5620666E-03  0.0000000E+00
  0.0000000E+00  6.6986322E-02  3.0261053E-02  1.9286094E-02  1.3857218E-02
  1.0488368E-02  8.0731660E-03  0.0000000E+00
  0.0000000E+00  9.3855441E-02  4.3438107E-02  2.8485171E-02  2.1008700E-02
  1.6133903E-02  1.2035162E-02
  0.0000000E+00  0.1407388      6.7305982E-02  4.5835551E-02  3.4789555E-02
  2.6265316E-02
  0.0000000E+00  0.2306873      0.1157166      8.3058067E-02  6.3700937E-02
  0.0000000E+00  0.4304741      0.2335287      0.1779435    
  0.0000000E+00   1.000000      0.6169419    
  0.0000000E+00   3.590836    
   33.24454    
  1.0000000E+09
  0.0000000E+00  5.1172618E-02  1.6362149E-02  7.3097902E-03  3.9228252E-03
  2.3616033E-03  1.5366784E-03  1.0594492E-03
  0.0000000E+00  5.4404147E-02  1.7739296E-02  8.0747204E-03  4.4014179E-03
  2.6847559E-03  1.7671121E-03  1.2298882E-03
  0.0000000E+00  5.7594761E-02  1.9348241E-02  9.0441778E-03  5.0395415E-03
  3.1306243E-03  2.0929915E-03  1.4739569E-03
  0.0000000E+00  6.0771745E-02  2.1311698E-02  1.0338151E-02  5.9326421E-03
  3.7728387E-03  2.5688573E-03  0.0000000E+00
  0.0000000E+00  6.4589582E-02  2.3956912E-02  1.2180256E-02  7.2497954E-03
  4.7382056E-03  3.2915189E-03  0.0000000E+00
  0.0000000E+00  7.0793562E-02  2.7897464E-02  1.4985001E-02  9.2896102E-03
  6.2503410E-03  4.4245976E-03  0.0000000E+00
  0.0000000E+00  8.2792476E-02  3.4428690E-02  1.9539133E-02  1.2617944E-02
  8.7196622E-03  6.2285247E-03  0.0000000E+00
  0.0000000E+00  0.1062176      4.5991272E-02  2.7433868E-02  1.8380146E-02
  1.2917916E-02  8.9269159E-03
  0.0000000E+00  0.1512135      6.7821108E-02  4.2241614E-02  2.9070083E-02
  1.9961821E-02
  0.0000000E+00  0.2409326      0.1125443      7.2934277E-02  4.9836379E-02
  0.0000000E+00  0.4415053      0.2178893      0.1446687    
  0.0000000E+00   1.000000      0.5291792    
  0.0000000E+00   3.346060    
   33.06517    
  1.0000000E+10
  0.0000000E+00  7.6562218E-02  2.3607878E-02  1.0196956E-02  5.3034914E-03
  3.1038495E-03  1.9704567E-03  1.3267681E-03
  0.0000000E+00  7.9480752E-02  2.4583705E-02  1.0653536E-02  5.5541629E-03
  3.2578334E-03  2.0725157E-03  1.3974933E-03
  0.0000000E+00  8.4619507E-02  2.6302597E-02  1.1450313E-02  5.9991046E-03
  3.5326767E-03  2.2542523E-03  1.5228289E-03
  0.0000000E+00  9.2032224E-02  2.8854074E-02  1.2667860E-02  6.6848700E-03
  3.9615040E-03  2.5398387E-03  0.0000000E+00
  0.0000000E+00  0.1017010      3.2363474E-02  1.4404655E-02  7.6956134E-03
  4.6078782E-03  2.9767232E-03  0.0000000E+00
  0.0000000E+00  0.1137869      3.7117276E-02  1.6911369E-02  9.2121754E-03
  5.6060879E-03  3.6606982E-03  0.0000000E+00
  0.0000000E+00  0.1288272      4.3795880E-02  2.0716203E-02  1.1638316E-02
  7.2336616E-03  4.7654430E-03  0.0000000E+00
  0.0000000E+00  0.1500448      5.4198742E-02  2.7054610E-02  1.5810207E-02
  1.0035810E-02  6.4350939E-03
  0.0000000E+00  0.1877350      7.2793193E-02  3.8755596E-02  2.3527304E-02
  1.4691137E-02
  0.0000000E+00  0.2685766      0.1109221      6.2587284E-02  3.7905101E-02
  0.0000000E+00  0.4614145      0.2001791      0.1147717    
  0.0000000E+00   1.000000      0.4454789    
  0.0000000E+00   3.109221    
   32.58728    
  9.9999998E+10
  0.0000000E+00  0.1521364      4.6636362E-02  2.0027272E-02  1.0359091E-02
  6.0272729E-03  3.8077270E-03  2.5518183E-03
  0.0000000E+00  0.1498636      4.5954548E-02  1.9740909E-02  1.0209091E-02
  5.9409090E-03  3.7518181E-03  2.5122727E-03
  0.0000000E+00  0.1442727      4.4268180E-02  1.9022727E-02  9.8409085E-03
  5.7272725E-03  3.6140908E-03  2.4172727E-03
  0.0000000E+00  0.1405909      4.3186363E-02  1.8572727E-02  9.6181817E-03
  5.5999998E-03  3.5299999E-03  0.0000000E+00
  0.0000000E+00  0.1427273      4.3927271E-02  1.8927272E-02  9.8136365E-03
  5.7181818E-03  3.6004547E-03  0.0000000E+00
  0.0000000E+00  0.1526364      4.7181815E-02  2.0395454E-02  1.0604545E-02
  6.1818184E-03  3.8859090E-03  0.0000000E+00
  0.0000000E+00  0.1717727      5.3500000E-02  2.3295455E-02  1.2177273E-02
  7.1136365E-03  4.4354545E-03  0.0000000E+00
  0.0000000E+00  0.2025909      6.3999996E-02  2.8281817E-02  1.4936363E-02
  8.7227272E-03  5.2136364E-03
  0.0000000E+00  0.2505909      8.1500001E-02  3.7000000E-02  1.9836362E-02
  1.1254545E-02
  0.0000000E+00  0.3328636      0.1136818      5.3818181E-02  2.8672727E-02
  0.0000000E+00  0.5090909      0.1842727      8.9363635E-02
  0.0000000E+00   1.000000      0.3684091    
  0.0000000E+00   2.858182    
   31.78182    
  1.0000000E+12
  0.0000000E+00  0.1428460      4.3750979E-02  1.8754875E-02  9.6910596E-03
  5.6342646E-03  3.5543768E-03  2.3794663E-03
  0.0000000E+00  0.1834920      5.6186616E-02  2.4091123E-02  1.2437198E-02
  7.2257766E-03  4.5545325E-03  3.0441566E-03
  0.0000000E+00  0.2253082      6.8981119E-02  2.9567795E-02  1.5256671E-02
  8.8578565E-03  5.5749728E-03  3.7197692E-03
  0.0000000E+00  0.2560462      7.8358561E-02  3.3562180E-02  1.7319396E-02
  1.0039008E-02  6.3067558E-03  0.0000000E+00
  0.0000000E+00  0.2638477      8.0730230E-02  3.4576379E-02  1.7818693E-02
  1.0315182E-02  6.4596664E-03  0.0000000E+00
  0.0000000E+00  0.2537057      7.7640817E-02  3.3234514E-02  1.7100953E-02
  9.8782964E-03  6.1491653E-03  0.0000000E+00
  0.0000000E+00  0.2454361      7.5144328E-02  3.2157902E-02  1.6523639E-02
  9.4975820E-03  5.8277426E-03  0.0000000E+00
  0.0000000E+00  0.2557341      7.8405373E-02  3.3562180E-02  1.7194571E-02
  9.7581530E-03  5.6670308E-03
  0.0000000E+00  0.2950538      9.0762988E-02  3.8898427E-02  1.9769074E-02
  1.0660009E-02
  0.0000000E+00  0.3793103      0.1175535      5.0429087E-02  2.4590421E-02
  0.0000000E+00  0.5546888      0.1738181      7.2928697E-02
  0.0000000E+00   1.000000      0.3055079    
  0.0000000E+00   2.577625    
   29.89546    
  9.9999998E+12
  0.0000000E+00  4.3427788E-02  1.3291225E-02  5.6981901E-03  2.9423011E-03
  1.7101399E-03  1.0785251E-03  7.2174799E-04
  0.0000000E+00  6.4561285E-02  1.9764425E-02  8.4670531E-03  4.3700919E-03
  2.5387504E-03  1.5991806E-03  1.0686241E-03
  0.0000000E+00  9.8600201E-02  3.0163877E-02  1.2919085E-02  6.6643902E-03
  3.8648001E-03  2.4318879E-03  1.6213724E-03
  0.0000000E+00  0.1527825      4.6705361E-02  1.9993171E-02  1.0303858E-02
  5.9679067E-03  3.7453054E-03  0.0000000E+00
  0.0000000E+00  0.2338682      7.1457833E-02  3.0559918E-02  1.5725503E-02
  9.0918401E-03  5.6845336E-03  0.0000000E+00
  0.0000000E+00  0.3353704      0.1024240      4.3735065E-02  2.2461591E-02
  1.2939569E-02  8.0334581E-03  0.0000000E+00
  0.0000000E+00  0.4182315      0.1275179      5.4387160E-02  2.7828610E-02
  1.5923522E-02  9.7268680E-03  0.0000000E+00
  0.0000000E+00  0.4393991      0.1338682      5.6913622E-02  2.8948447E-02
  1.6309319E-02  9.3956981E-03
  0.0000000E+00  0.4305224      0.1308296      5.5343118E-02  2.7750084E-02
  1.4762717E-02
  0.0000000E+00  0.4619324      0.1399112      5.8484122E-02  2.7767155E-02
  0.0000000E+00  0.6005462      0.1801639      7.1662679E-02
  0.0000000E+00   1.000000      0.2847730    
  0.0000000E+00   2.423011    
   28.29635    
  1.0000000E+14
  0.0000000E+00  6.1327433E-03  1.8765486E-03  8.0442481E-04  4.1526550E-04
  2.4132745E-04  1.5216816E-04  1.0181416E-04
  0.0000000E+00  9.4999997E-03  2.9070799E-03  1.2451328E-03  6.4247788E-04
  3.7309737E-04  2.3500001E-04  1.5703541E-04
  0.0000000E+00  1.5473451E-02  4.7300891E-03  2.0256639E-03  1.0442478E-03
  6.0575223E-04  3.8097348E-04  2.5393808E-04
  0.0000000E+00  2.6628319E-02  8.1371684E-03  3.4805313E-03  1.7924779E-03
  1.0380532E-03  6.5132743E-04  0.0000000E+00
  0.0000000E+00  4.8539825E-02  1.4823009E-02  6.3318587E-03  3.2566374E-03
  1.8814160E-03  1.1756638E-03  0.0000000E+00
  0.0000000E+00  9.3362838E-02  2.8473454E-02  1.2146018E-02  6.2300884E-03
  3.5862832E-03  2.2243364E-03  0.0000000E+00
  0.0000000E+00  0.1850000      5.6371685E-02  2.3986727E-02  1.2261063E-02
  7.0044249E-03  4.2716819E-03  0.0000000E+00
  0.0000000E+00  0.3530089      0.1073451      4.5530975E-02  2.3106197E-02
  1.2986726E-02  7.4601769E-03
  0.0000000E+00  0.5646018      0.1711504      7.2123893E-02  3.6039826E-02
  1.9088496E-02
  0.0000000E+00  0.6831859      0.2058407      8.5442483E-02  4.0278763E-02
  0.0000000E+00  0.7384956      0.2192920      8.6017706E-02
  0.0000000E+00   1.000000      0.2802655    
  0.0000000E+00   2.193805    
   25.05752    
