   100.0000    
  0.0000000E+00  1.4186217E-02  6.1107040E-03  3.7683286E-03  2.6858505E-03
  2.0674486E-03  1.6689883E-03  1.3918622E-03
  0.0000000E+00  1.7250733E-02  7.4743400E-03  4.6480936E-03  3.3401758E-03
  2.5934752E-03  2.1129034E-03  1.7793255E-03
  0.0000000E+00  2.1304986E-02  9.3035195E-03  5.8357771E-03  4.2412025E-03
  3.3277126E-03  2.7423019E-03  2.3383431E-03
  0.0000000E+00  2.6799854E-02  1.1810850E-02  7.5000003E-03  5.5168625E-03
  4.3914956E-03  3.6730208E-03  0.0000000E+00
  0.0000000E+00  3.4461144E-02  1.5362903E-02  9.9010272E-03  7.4046920E-03
  6.0043992E-03  5.1246332E-03  0.0000000E+00
  0.0000000E+00  4.5527857E-02  2.0597508E-02  1.3533724E-02  1.0351907E-02
  8.6070383E-03  7.5696479E-03  0.0000000E+00
  0.0000000E+00  6.2243402E-02  2.8709678E-02  1.9373167E-02  1.5293255E-02
  1.3196481E-02  1.2100440E-02  0.0000000E+00
  0.0000000E+00  8.8892967E-02  4.2155426E-02  2.9545454E-02  2.4457479E-02
  2.2357039E-02  2.1348974E-02
  0.0000000E+00  0.1347874      6.6495605E-02  4.9523462E-02  4.4318184E-02
  4.3731671E-02
  0.0000000E+00  0.2224707      0.1173021      9.6920826E-02  9.8387100E-02
  0.0000000E+00  0.4189883      0.2505499      0.2524194    
  0.0000000E+00   1.000000      0.7954546    
  0.0000000E+00   4.098241    
   28.48974    
   1000.000    
  0.0000000E+00  1.4205165E-02  6.1185881E-03  3.7722809E-03  2.6864314E-03
  2.0651144E-03  1.6638777E-03  1.3845034E-03
  0.0000000E+00  1.7275373E-02  7.4863588E-03  4.6526007E-03  3.3404874E-03
  2.5900328E-03  2.1054929E-03  1.7682794E-03
  0.0000000E+00  2.1335030E-02  9.3161147E-03  5.8421241E-03  4.2379047E-03
  3.3219352E-03  2.7308112E-03  2.3204801E-03
  0.0000000E+00  2.6835212E-02  1.1826118E-02  7.5045465E-03  5.5147326E-03
  4.3797740E-03  3.6558746E-03  0.0000000E+00
  0.0000000E+00  3.4507092E-02  1.5380139E-02  9.9054193E-03  7.3990538E-03
  5.9839943E-03  5.0927605E-03  0.0000000E+00
  0.0000000E+00  4.5580212E-02  2.0622043E-02  1.3539469E-02  1.0341942E-02
  8.5740266E-03  7.4972715E-03  0.0000000E+00
  0.0000000E+00  6.2313568E-02  2.8737722E-02  1.9377956E-02  1.5260095E-02
  1.3113859E-02  1.1906147E-02  0.0000000E+00
  0.0000000E+00  8.9014187E-02  4.2160783E-02  2.9538013E-02  2.4368860E-02
  2.2095308E-02  2.0665696E-02
  0.0000000E+00  0.1349582      6.6569656E-02  4.9436156E-02  4.3979630E-02
  4.2524550E-02
  0.0000000E+00  0.2227355      0.1173154      9.6507818E-02  9.6216798E-02
  0.0000000E+00  0.4194252      0.2500909      0.2480902    
  0.0000000E+00   1.000000      0.7857402    
  0.0000000E+00   4.066934    
   28.34849    
   10000.00    
  0.0000000E+00  1.4246771E-02  6.1334288E-03  3.7769009E-03  2.6857962E-03
  2.0588234E-03  1.6527977E-03  1.3680058E-03
  0.0000000E+00  1.7320661E-02  7.5071738E-03  4.6556671E-03  3.3385938E-03
  2.5807030E-03  2.0889526E-03  1.7442610E-03
  0.0000000E+00  2.1384506E-02  9.3364408E-03  5.8500716E-03  4.2360113E-03
  3.3073886E-03  2.7058823E-03  2.2837159E-03
  0.0000000E+00  2.6897417E-02  1.1850788E-02  7.5107599E-03  5.5057383E-03
  4.3579624E-03  3.6154948E-03  0.0000000E+00
  0.0000000E+00  3.4580346E-02  1.5412481E-02  9.9103302E-03  7.3852222E-03
  5.9433281E-03  5.0215204E-03  0.0000000E+00
  0.0000000E+00  4.5695838E-02  2.0656385E-02  1.3543759E-02  1.0308464E-02
  8.4935436E-03  7.3529407E-03  0.0000000E+00
  0.0000000E+00  6.2446196E-02  2.8784074E-02  1.9368721E-02  1.5186513E-02
  1.2937589E-02  1.1556671E-02  0.0000000E+00
  0.0000000E+00  8.9203723E-02  4.2216640E-02  2.9490672E-02  2.4175035E-02
  2.1603299E-02  1.9616213E-02
  0.0000000E+00  0.1352224      6.6606887E-02  4.9282636E-02  4.3292679E-02
  4.0674318E-02
  0.0000000E+00  0.2231349      0.1172525      9.5624097E-02  9.2718787E-02
  0.0000000E+00  0.4200144      0.2491033      0.2409613    
  0.0000000E+00   1.000000      0.7693687    
  0.0000000E+00   4.020803    
   28.10976    
   100000.0    
  0.0000000E+00  1.4338235E-02  6.1729695E-03  3.7920170E-03  2.6838237E-03
  2.0455183E-03  1.6292017E-03  1.3357843E-03
  0.0000000E+00  1.7422970E-02  7.5455187E-03  4.6708686E-03  3.3329835E-03
  2.5605743E-03  2.0553223E-03  1.6978292E-03
  0.0000000E+00  2.1502102E-02  9.3802521E-03  5.8613447E-03  4.2226892E-03
  3.2762608E-03  2.6554624E-03  2.2135854E-03
  0.0000000E+00  2.7034314E-02  1.1901261E-02  7.5210086E-03  5.4866946E-03
  4.3067229E-03  3.5329133E-03  0.0000000E+00
  0.0000000E+00  3.4747902E-02  1.5472690E-02  9.9194683E-03  7.3459386E-03
  5.8613447E-03  4.8844540E-03  0.0000000E+00
  0.0000000E+00  4.5903362E-02  2.0731794E-02  1.3539917E-02  1.0234594E-02
  8.3403364E-03  7.0903366E-03  0.0000000E+00
  0.0000000E+00  6.2710084E-02  2.8872550E-02  1.9338237E-02  1.5031512E-02
  1.2608543E-02  1.0976891E-02  0.0000000E+00
  0.0000000E+00  8.9565828E-02  4.2331934E-02  2.9387254E-02  2.3788515E-02
  2.0756302E-02  1.8081233E-02
  0.0000000E+00  0.1357493      6.6701688E-02  4.8879553E-02  4.2086836E-02
  3.7885156E-02
  0.0000000E+00  0.2239846      0.1171569      9.3942575E-02  8.7359950E-02
  0.0000000E+00  0.4212185      0.2471989      0.2297969    
  0.0000000E+00   1.000000      0.7433473    
  0.0000000E+00   3.949580    
   27.81513    
   1000000.    
  0.0000000E+00  1.4636853E-02  6.2811030E-03  3.8332215E-03  2.6886349E-03
  2.0225288E-03  1.5857432E-03  1.2774043E-03
  0.0000000E+00  1.7710155E-02  7.6496298E-03  4.7041019E-03  3.3251515E-03
  2.5208474E-03  1.9912575E-03  1.6139880E-03
  0.0000000E+00  2.1795562E-02  9.4855409E-03  5.8876937E-03  4.1997312E-03
  3.2128447E-03  2.5591797E-03  2.0897782E-03
  0.0000000E+00  2.7347008E-02  1.2010760E-02  7.5386683E-03  5.4371222E-03
  4.2064562E-03  3.3860120E-03  0.0000000E+00
  0.0000000E+00  3.5104237E-02  1.5588433E-02  9.9193007E-03  7.2595826E-03
  5.6926701E-03  4.6368530E-03  0.0000000E+00
  0.0000000E+00  4.6334904E-02  2.0860795E-02  1.3513787E-02  1.0073975E-02
  8.0430405E-03  6.6476129E-03  0.0000000E+00
  0.0000000E+00  6.3281782E-02  2.9021520E-02  1.9250168E-02  1.4710827E-02
  1.2020848E-02  1.0084062E-02  0.0000000E+00
  0.0000000E+00  9.0316072E-02  4.2501684E-02  2.9135846E-02  2.3053128E-02
  1.9391393E-02  1.6022192E-02
  0.0000000E+00  0.1368191      6.6812374E-02  4.8117016E-02  4.0013451E-02
  3.4028243E-02
  0.0000000E+00  0.2255884      0.1167788      9.0988569E-02  7.9724275E-02
  0.0000000E+00  0.4236718      0.2435777      0.2135172    
  0.0000000E+00   1.000000      0.7044385    
  0.0000000E+00   3.836584    
   27.94553    
  1.0000000E+07
  0.0000000E+00  1.6219705E-02  6.8932953E-03  4.0982058E-03  2.7771483E-03
  2.0129052E-03  1.5212465E-03  1.1831917E-03
  0.0000000E+00  1.9030532E-02  8.1429025E-03  4.9071452E-03  3.3711046E-03
  2.4737173E-03  1.8895183E-03  1.4815864E-03
  0.0000000E+00  2.2927290E-02  9.8898327E-03  6.0308469E-03  4.1957824E-03
  3.1152030E-03  2.4032106E-03  1.8989613E-03
  0.0000000E+00  2.8363237E-02  1.2348128E-02  7.6235440E-03  5.3698458E-03
  4.0352535E-03  3.1435315E-03  0.0000000E+00
  0.0000000E+00  3.6071766E-02  1.5886055E-02  9.9433428E-03  7.1010385E-03
  5.4044696E-03  4.2524394E-03  0.0000000E+00
  0.0000000E+00  4.7340259E-02  2.1133145E-02  1.3449796E-02  9.7670751E-03
  7.5417063E-03  5.9962226E-03  0.0000000E+00
  0.0000000E+00  6.4431854E-02  2.9276047E-02  1.9039975E-02  1.4120239E-02
  1.1089078E-02  8.8700028E-03  0.0000000E+00
  0.0000000E+00  9.1784701E-02  4.2713251E-02  2.8593011E-02  2.1800440E-02
  1.7431539E-02  1.3553668E-02
  0.0000000E+00  0.1388417      6.6824049E-02  4.6647783E-02  3.6890149E-02
  2.9260308E-02
  0.0000000E+00  0.2285175      0.1158955      8.6213410E-02  6.9940194E-02
  0.0000000E+00  0.4277620      0.2373308      0.1918477    
  0.0000000E+00   1.000000      0.6512433    
  0.0000000E+00   3.689015    
   30.40289    
  1.0000000E+08
  0.0000000E+00  2.6043613E-02  9.8470692E-03  5.0892099E-03  3.0642876E-03
  2.0226564E-03  1.4185782E-03  1.0390824E-03
  0.0000000E+00  2.7337864E-02  1.0784480E-02  5.7972246E-03  3.5995468E-03
  2.4287738E-03  1.7326537E-03  1.2854715E-03
  0.0000000E+00  2.9679978E-02  1.2135372E-02  6.7799492E-03  4.3358821E-03
  2.9934864E-03  2.1704899E-03  1.6292834E-03
  0.0000000E+00  3.3701502E-02  1.4160294E-02  8.1903143E-03  5.3865756E-03
  3.7977910E-03  2.7975077E-03  0.0000000E+00
  0.0000000E+00  4.0356837E-02  1.7272728E-02  1.0286038E-02  6.9385441E-03
  4.9900874E-03  3.7241571E-03  0.0000000E+00
  0.0000000E+00  5.0892100E-02  2.2152364E-02  1.3520248E-02  9.3316343E-03
  6.8280939E-03  5.1515149E-03  0.0000000E+00
  0.0000000E+00  6.7601241E-02  2.9991504E-02  1.8739732E-02  1.3214386E-02
  9.8215798E-03  7.4256584E-03  0.0000000E+00
  0.0000000E+00  9.4987251E-02  4.3103937E-02  2.7657887E-02  1.9949023E-02
  1.4978758E-02  1.0917587E-02
  0.0000000E+00  0.1425658      6.6666663E-02  4.4265080E-02  3.2681957E-02
  2.3996035E-02
  0.0000000E+00  0.2334183      0.1140187      7.9269327E-02  5.8708582E-02
  0.0000000E+00  0.4341546      0.2274427      0.1659020    
  0.0000000E+00   1.000000      0.5851034    
  0.0000000E+00   3.503257    
   32.88020    
  1.0000000E+09
  0.0000000E+00  4.6002872E-02  1.4727142E-02  6.5916702E-03  3.5423646E-03
  2.1328386E-03  1.3891814E-03  9.5739582E-04
  0.0000000E+00  4.9425561E-02  1.6151268E-02  7.3671606E-03  4.0210625E-03
  2.4533269E-03  1.6165629E-03  1.1244614E-03
  0.0000000E+00  5.2920055E-02  1.7819529E-02  8.3484920E-03  4.6577309E-03
  2.8961224E-03  1.9351364E-03  1.3616562E-03
  0.0000000E+00  5.6582093E-02  1.9870751E-02  9.6553368E-03  5.5457158E-03
  3.5256103E-03  2.3982767E-03  0.0000000E+00
  0.0000000E+00  6.1153658E-02  2.2628050E-02  1.1510292E-02  6.8477741E-03
  4.4686450E-03  3.0971756E-03  0.0000000E+00
  0.0000000E+00  6.8358064E-02  2.6735280E-02  1.4322642E-02  8.8535184E-03
  5.9334608E-03  4.1790330E-03  0.0000000E+00
  0.0000000E+00  8.1450455E-02  3.3460986E-02  1.8855911E-02  1.2096697E-02
  8.3030155E-03  5.8855908E-03  0.0000000E+00
  0.0000000E+00  0.1059358      4.5165151E-02  2.6639540E-02  1.7659167E-02
  1.2283389E-02  8.3891815E-03
  0.0000000E+00  0.1518908      6.6993773E-02  4.1072283E-02  2.7860219E-02
  1.8839158E-02
  0.0000000E+00  0.2424605      0.1111297      7.0631877E-02  4.7319289E-02
  0.0000000E+00  0.4437530      0.2138583      0.1383916    
  0.0000000E+00   1.000000      0.5117281    
  0.0000000E+00   3.298229    
   32.98229    
  1.0000000E+10
  0.0000000E+00  6.7067832E-02  2.0678336E-02  8.9296130E-03  4.6444200E-03
  2.7169948E-03  1.7246534E-03  1.1613785E-03
  0.0000000E+00  7.1024798E-02  2.1973012E-02  9.5167765E-03  4.9635302E-03
  2.9102843E-03  1.8508388E-03  1.2476295E-03
  0.0000000E+00  7.6969363E-02  2.3924144E-02  1.0417579E-02  5.4576946E-03
  3.2129830E-03  2.0495986E-03  1.3843909E-03
  0.0000000E+00  8.4992707E-02  2.6659371E-02  1.1703135E-02  6.1779721E-03
  3.6597373E-03  2.3468270E-03  0.0000000E+00
  0.0000000E+00  9.5185995E-02  3.0288111E-02  1.3493800E-02  7.2118891E-03
  4.3180161E-03  2.7881109E-03  0.0000000E+00
  0.0000000E+00  0.1076769      3.5156816E-02  1.6035741E-02  8.7436177E-03
  5.3191101E-03  3.4719182E-03  0.0000000E+00
  0.0000000E+00  0.1233042      4.1940190E-02  1.9876001E-02  1.1163384E-02
  6.9365427E-03  4.5641866E-03  0.0000000E+00
  0.0000000E+00  0.1455507      5.2479941E-02  2.6203500E-02  1.5300876E-02
  9.6991248E-03  6.1980304E-03
  0.0000000E+00  0.1849015      7.1243621E-02  3.7837345E-02  2.2884754E-02
  1.4225018E-02
  0.0000000E+00  0.2676878      0.1093910      6.1305620E-02  3.6852662E-02
  0.0000000E+00  0.4620715      0.1978483      0.1120897    
  0.0000000E+00   1.000000      0.4378191    
  0.0000000E+00   3.090810    
   32.62217    
  9.9999998E+10
  0.0000000E+00  0.1261136      3.8655557E-02  1.6591461E-02  8.5780397E-03
  4.9924795E-03  3.1516836E-03  2.1115353E-03
  0.0000000E+00  0.1277334      3.9153073E-02  1.6811293E-02  8.6925831E-03
  5.0584287E-03  3.1921789E-03  2.1369895E-03
  0.0000000E+00  0.1264607      3.8805969E-02  1.6660882E-02  8.6196922E-03
  5.0156200E-03  3.1632537E-03  2.1150063E-03
  0.0000000E+00  0.1264607      3.8829111E-02  1.6695593E-02  8.6393617E-03
  5.0271899E-03  3.1678814E-03  0.0000000E+00
  0.0000000E+00  0.1313201      4.0402640E-02  1.7401366E-02  9.0165455E-03
  5.2481778E-03  3.3044082E-03  0.0000000E+00
  0.0000000E+00  0.1432373      4.4232324E-02  1.9113734E-02  9.9340500E-03
  5.7873423E-03  3.6341550E-03  0.0000000E+00
  0.0000000E+00  0.1638320      5.0989240E-02  2.2191368E-02  1.1593197E-02
  6.7661693E-03  4.2149718E-03  0.0000000E+00
  0.0000000E+00  0.1956497      6.1818812E-02  2.7305335E-02  1.4404721E-02
  8.4091173E-03  5.0179334E-03
  0.0000000E+00  0.2444753      7.9521008E-02  3.6098577E-02  1.9345134E-02
  1.0967257E-02
  0.0000000E+00  0.3278954      0.1118593      5.2979290E-02  2.8196229E-02
  0.0000000E+00  0.5061899      0.1825755      8.8383667E-02
  0.0000000E+00   1.000000      0.3658452    
  0.0000000E+00   2.855490    
   31.87551    
  1.0000000E+12
  0.0000000E+00  0.1274809      3.9034899E-02  1.6739367E-02  8.6423121E-03
  5.0256266E-03  3.1695748E-03  2.1215922E-03
  0.0000000E+00  0.1597601      4.8898585E-02  2.0959651E-02  1.0817884E-02
  6.2868046E-03  3.9607417E-03  2.6472192E-03
  0.0000000E+00  0.1942203      5.9432935E-02  2.5468921E-02  1.3140677E-02
  7.6281354E-03  4.7993455E-03  3.2006542E-03
  0.0000000E+00  0.2229008      6.8211563E-02  2.9209379E-02  1.5059979E-02
  8.7295529E-03  5.4798257E-03  0.0000000E+00
  0.0000000E+00  0.2357688      7.2137401E-02  3.0872408E-02  1.5899673E-02
  9.1984728E-03  5.7579060E-03  0.0000000E+00
  0.0000000E+00  0.2330425      7.1264990E-02  3.0490730E-02  1.5681570E-02
  9.0512540E-03  5.6324974E-03  0.0000000E+00
  0.0000000E+00  0.2304798      7.0501633E-02  3.0147219E-02  1.5474373E-02
  8.8822246E-03  5.4454743E-03  0.0000000E+00
  0.0000000E+00  0.2448201      7.4972741E-02  3.2055616E-02  1.6401310E-02
  9.2966193E-03  5.3893132E-03
  0.0000000E+00  0.2873501      8.8222459E-02  3.7758995E-02  1.9154852E-02
  1.0316249E-02
  0.0000000E+00  0.3740458      0.1157034      4.9547438E-02  2.4122138E-02
  0.0000000E+00  0.5512541      0.1725736      7.2300978E-02
  0.0000000E+00   1.000000      0.3049073    
  0.0000000E+00   2.585060    
   30.08179    
  9.9999998E+12
  0.0000000E+00  5.2649360E-02  1.6118420E-02  6.9096722E-03  3.5668560E-03
  2.0732575E-03  1.3076102E-03  8.7499997E-04
  0.0000000E+00  7.3506400E-02  2.2492887E-02  9.6390471E-03  4.9751066E-03
  2.8894024E-03  1.8189901E-03  1.2158606E-03
  0.0000000E+00  0.1052276      3.2183498E-02  1.3783783E-02  7.1070413E-03
  4.1233995E-03  2.5942388E-03  1.7286628E-03
  0.0000000E+00  0.1533606      4.6888333E-02  2.0056898E-02  1.0336059E-02
  5.9868419E-03  3.7571122E-03  0.0000000E+00
  0.0000000E+00  0.2235064      6.8261027E-02  2.9178519E-02  1.5008890E-02
  8.6735412E-03  5.4214080E-03  0.0000000E+00
  0.0000000E+00  0.3122333      9.5323615E-02  4.0682789E-02  2.0892603E-02
  1.2023470E-02  7.4608820E-03  0.0000000E+00
  0.0000000E+00  0.3908250      0.1191678      5.0764579E-02  2.5960170E-02
  1.4845305E-02  9.0611661E-03  0.0000000E+00
  0.0000000E+00  0.4171408      0.1269559      5.3911809E-02  2.7400427E-02
  1.5417852E-02  8.8691320E-03
  0.0000000E+00  0.4128734      0.1253378      5.2951634E-02  2.6511379E-02
  1.4077169E-02
  0.0000000E+00  0.4500355      0.1360597      5.6738976E-02  2.6866997E-02
  0.0000000E+00  0.5945946      0.1779872      7.0572540E-02
  0.0000000E+00   1.000000      0.2839616    
  0.0000000E+00   2.434210    
   28.52062    
  1.0000000E+14
  0.0000000E+00  1.0816467E-02  3.3108061E-03  1.4188680E-03  7.3276157E-04
  4.2572897E-04  2.6847341E-04  1.7965694E-04
  0.0000000E+00  1.5574614E-02  4.7650081E-03  2.0411664E-03  1.0531732E-03
  6.1166380E-04  3.8524871E-04  2.5735848E-04
  0.0000000E+00  2.3413379E-02  7.1595195E-03  3.0655232E-03  1.5804460E-03
  9.1663812E-04  5.7667238E-04  3.8421954E-04
  0.0000000E+00  3.7015438E-02  1.1307033E-02  4.8370496E-03  2.4912523E-03
  1.4425387E-03  9.0497424E-04  0.0000000E+00
  0.0000000E+00  6.1749570E-02  1.8861065E-02  8.0583189E-03  4.1440823E-03
  2.3938250E-03  1.4957117E-03  0.0000000E+00
  0.0000000E+00  0.1089194      3.3228129E-02  1.4174958E-02  7.2727269E-03
  4.1852486E-03  2.5951972E-03  0.0000000E+00
  0.0000000E+00  0.2000000      6.0926244E-02  2.5924526E-02  1.3245283E-02
  7.5643226E-03  4.6140649E-03  0.0000000E+00
  0.0000000E+00  0.3619211      0.1100172      4.6655230E-02  2.3663808E-02
  1.3289880E-02  7.6260716E-03
  0.0000000E+00  0.5674099      0.1718353      7.2349913E-02  3.6089193E-02
  1.9090908E-02
  0.0000000E+00  0.6765009      0.2034992      8.4322467E-02  3.9656948E-02
  0.0000000E+00  0.7262436      0.2151629      8.4150940E-02
  0.0000000E+00   1.000000      0.2794854    
  0.0000000E+00   2.223671    
   25.53688    
