   100.0000    
  0.0000000E+00  1.4360797E-02  6.1032195E-03  3.6936554E-03  2.5767046E-03
  1.9375000E-03  1.5265151E-03  1.2419508E-03
  0.0000000E+00  1.7500000E-02  7.4763261E-03  4.5563448E-03  3.2017045E-03
  2.4247160E-03  1.9242425E-03  1.5776515E-03
  0.0000000E+00  2.1652462E-02  9.3134474E-03  5.7244319E-03  4.0563447E-03
  3.1003787E-03  2.4839016E-03  2.0563449E-03
  0.0000000E+00  2.7286934E-02  1.1832386E-02  7.3437504E-03  5.2651516E-03
  4.0700757E-03  3.3006629E-03  0.0000000E+00
  0.0000000E+00  3.5146780E-02  1.5392994E-02  9.6827652E-03  7.0407200E-03
  5.5255685E-03  4.5544510E-03  0.0000000E+00
  0.0000000E+00  4.6505682E-02  2.0634471E-02  1.3205493E-02  9.7821970E-03
  7.8361742E-03  6.6098487E-03  0.0000000E+00
  0.0000000E+00  6.3636363E-02  2.8731061E-02  1.8811554E-02  1.4308712E-02
  1.1813447E-02  1.0274622E-02  0.0000000E+00
  0.0000000E+00  9.0956442E-02  4.2064395E-02  2.8470645E-02  2.2518940E-02
  1.9436553E-02  1.7258523E-02
  0.0000000E+00  0.1378788      6.6051140E-02  4.7035988E-02  3.9602276E-02
  3.5980113E-02
  0.0000000E+00  0.2271780      0.1151989      8.9488640E-02  8.2765155E-02
  0.0000000E+00  0.4256629      0.2400568      0.2179924    
  0.0000000E+00   1.000000      0.7107008    
  0.0000000E+00   3.858428    
   27.31534    
   1000.000    
  0.0000000E+00  1.4380593E-02  6.1092791E-03  3.6957136E-03  2.5760718E-03
  1.9345266E-03  1.5219029E-03  1.2355158E-03
  0.0000000E+00  1.7517664E-02  7.4846917E-03  4.5581725E-03  3.2001883E-03
  2.4206312E-03  1.9175694E-03  1.5685351E-03
  0.0000000E+00  2.1676872E-02  9.3217148E-03  5.7230336E-03  4.0541687E-03
  3.0942063E-03  2.4738577E-03  2.0423927E-03
  0.0000000E+00  2.7315119E-02  1.1841734E-02  7.3480927E-03  5.2614226E-03
  4.0602922E-03  3.2849740E-03  0.0000000E+00
  0.0000000E+00  3.5181347E-02  1.5407442E-02  9.6844090E-03  7.0325010E-03
  5.5110697E-03  4.5270845E-03  0.0000000E+00
  0.0000000E+00  4.6547342E-02  2.0650024E-02  1.3203015E-02  9.7644841E-03
  7.8097032E-03  6.5520494E-03  0.0000000E+00
  0.0000000E+00  6.3683465E-02  2.8747058E-02  1.8808290E-02  1.4276967E-02
  1.1747527E-02  1.0136599E-02  0.0000000E+00
  0.0000000E+00  9.1050394E-02  4.2081960E-02  2.8445596E-02  2.2439944E-02
  1.9246349E-02  1.6815826E-02
  0.0000000E+00  0.1380122      6.6085726E-02  4.6957135E-02  3.9335847E-02
  3.5195477E-02
  0.0000000E+00  0.2273669      0.1152143      8.9119174E-02  8.1300050E-02
  0.0000000E+00  0.4259067      0.2396609      0.2150259    
  0.0000000E+00   1.000000      0.7037212    
  0.0000000E+00   3.838907    
   27.21620    
   10000.00    
  0.0000000E+00  1.4421102E-02  6.1251167E-03  3.7007469E-03  2.5751635E-03
  1.9295051E-03  1.5126050E-03  1.2231559E-03
  0.0000000E+00  1.7563025E-02  7.5023342E-03  4.5639588E-03  3.1979457E-03
  2.4126985E-03  1.9047619E-03  1.5508870E-03
  0.0000000E+00  2.1727357E-02  9.3417373E-03  5.7282913E-03  4.0499531E-03
  3.0821660E-03  2.4547153E-03  2.0154063E-03
  0.0000000E+00  2.7376283E-02  1.1862746E-02  7.3529412E-03  5.2521005E-03
  4.0415502E-03  3.2544350E-03  0.0000000E+00
  0.0000000E+00  3.5261437E-02  1.5434173E-02  9.6918764E-03  7.0168069E-03
  5.4761907E-03  4.4743232E-03  0.0000000E+00
  0.0000000E+00  4.6647992E-02  2.0686274E-02  1.3207283E-02  9.7385617E-03
  7.7497666E-03  6.4519141E-03  0.0000000E+00
  0.0000000E+00  6.3818857E-02  2.8790850E-02  1.8800188E-02  1.4220355E-02
  1.1619981E-02  9.8972926E-03  0.0000000E+00
  0.0000000E+00  9.1223158E-02  4.2133518E-02  2.8412698E-02  2.2292251E-02
  1.8902894E-02  1.6129784E-02
  0.0000000E+00  0.1382820      6.6106439E-02  4.6825394E-02  3.8851541E-02
  3.3968255E-02
  0.0000000E+00  0.2277778      0.1151727      8.8468723E-02  7.8944914E-02
  0.0000000E+00  0.4265173      0.2389356      0.2102708    
  0.0000000E+00   1.000000      0.6928104    
  0.0000000E+00   3.808123    
   27.06816    
   100000.0    
  0.0000000E+00  1.4497014E-02  6.1506662E-03  3.7087735E-03  2.5709693E-03
  1.9168580E-03  1.4933394E-03  1.1979789E-03
  0.0000000E+00  1.7648140E-02  7.5333025E-03  4.5705098E-03  3.1906292E-03
  2.3945796E-03  1.8773541E-03  1.5149288E-03
  0.0000000E+00  2.1828204E-02  9.3752872E-03  5.7372530E-03  4.0372070E-03
  3.0546624E-03  2.4143318E-03  1.9623335E-03
  0.0000000E+00  2.7491961E-02  1.1901700E-02  7.3541570E-03  5.2319705E-03
  3.9990814E-03  3.1915482E-03  0.0000000E+00
  0.0000000E+00  3.5397336E-02  1.5480018E-02  9.6876426E-03  6.9820853E-03
  5.4065222E-03  4.3697748E-03  0.0000000E+00
  0.0000000E+00  4.6807535E-02  2.0734956E-02  1.3192466E-02  9.6738627E-03
  7.6251724E-03  6.2563159E-03  0.0000000E+00
  0.0000000E+00  6.4033069E-02  2.8851628E-02  1.8764354E-02  1.4088195E-02
  1.1368857E-02  9.4855307E-03  0.0000000E+00
  0.0000000E+00  9.1548003E-02  4.2195681E-02  2.8309600E-02  2.1984382E-02
  1.8286632E-02  1.5094167E-02
  0.0000000E+00  0.1387230      6.6146068E-02  4.6485987E-02  3.7946716E-02
  3.2067064E-02
  0.0000000E+00  0.2284336      0.1150207      8.7184191E-02  7.5287096E-02
  0.0000000E+00  0.4275149      0.2373909      0.2024805    
  0.0000000E+00   1.000000      0.6743224    
  0.0000000E+00   3.755627    
   26.87184    
   1000000.    
  0.0000000E+00  1.4751899E-02  6.2405011E-03  3.7393833E-03  2.5695127E-03
  1.8945015E-03  1.4568620E-03  1.1519892E-03
  0.0000000E+00  1.7898973E-02  7.6128743E-03  4.5954403E-03  3.1788109E-03
  2.3594100E-03  1.8252124E-03  1.4506035E-03
  0.0000000E+00  2.2078676E-02  9.4546266E-03  5.7532405E-03  4.0125167E-03
  3.0008939E-03  2.3379526E-03  1.8685741E-03
  0.0000000E+00  2.7760392E-02  1.1984801E-02  7.3625389E-03  5.1855161E-03
  3.9155120E-03  3.0755475E-03  0.0000000E+00
  0.0000000E+00  3.5704069E-02  1.5565489E-02  9.6781403E-03  6.9021010E-03
  5.2704513E-03  4.1828342E-03  0.0000000E+00
  0.0000000E+00  4.7206078E-02  2.0831471E-02  1.3160483E-02  9.5350919E-03
  7.3893606E-03  5.9275813E-03  0.0000000E+00
  0.0000000E+00  6.4506039E-02  2.8958427E-02  1.8672328E-02  1.3822083E-02
  1.0916406E-02  8.8421991E-03  0.0000000E+00
  0.0000000E+00  9.2177019E-02  4.2302191E-02  2.8077781E-02  2.1403667E-02
  1.7282074E-02  1.3665623E-02
  0.0000000E+00  0.1396066      6.6204734E-02  4.5864996E-02  3.6401428E-02
  2.9369691E-02
  0.0000000E+00  0.2297720      0.1146625      8.4890477E-02  6.9870360E-02
  0.0000000E+00  0.4294144      0.2345105      0.1907912    
  0.0000000E+00   1.000000      0.6459544    
  0.0000000E+00   3.675905    
   27.08985    
  1.0000000E+07
  0.0000000E+00  1.6115384E-02  6.7264959E-03  3.9337608E-03  2.6230768E-03
  1.8743590E-03  1.3978633E-03  1.0739317E-03
  0.0000000E+00  1.9038461E-02  8.0085471E-03  4.7393162E-03  3.1991452E-03
  2.3098290E-03  1.7380342E-03  1.3440171E-03
  0.0000000E+00  2.3055555E-02  9.7777778E-03  5.8504273E-03  3.9927349E-03
  2.9123933E-03  2.2089744E-03  1.7188034E-03
  0.0000000E+00  2.8632477E-02  1.2252137E-02  7.4145296E-03  5.1153847E-03
  3.7692308E-03  2.8824785E-03  0.0000000E+00
  0.0000000E+00  3.6529914E-02  1.5799146E-02  9.6794879E-03  6.7606838E-03
  5.0341878E-03  3.8807692E-03  0.0000000E+00
  0.0000000E+00  4.8034187E-02  2.1038461E-02  1.3081197E-02  9.2735048E-03
  6.9914530E-03  5.4273503E-03  0.0000000E+00
  0.0000000E+00  6.5470085E-02  2.9136753E-02  1.8470084E-02  1.3329060E-02
  1.0188035E-02  7.9316236E-03  0.0000000E+00
  0.0000000E+00  9.3376063E-02  4.2431623E-02  2.7598290E-02  2.0393163E-02
  1.5790598E-02  1.1876068E-02
  0.0000000E+00  0.1412393      6.6153847E-02  4.4615384E-02  3.3970084E-02
  2.5880340E-02
  0.0000000E+00  0.2320940      0.1138034      8.1068382E-02  6.2606834E-02
  0.0000000E+00  0.4324786      0.2293162      0.1745299    
  0.0000000E+00   1.000000      0.6059829    
  0.0000000E+00   3.561966    
   29.58974    
  1.0000000E+08
  0.0000000E+00  2.4326043E-02  9.1451285E-03  4.7117295E-03  2.8298211E-03
  1.8612326E-03  1.3005965E-03  9.4870775E-04
  0.0000000E+00  2.6031811E-02  1.0166998E-02  5.4314118E-03  3.3526840E-03
  2.2504970E-03  1.5968191E-03  1.1777336E-03
  0.0000000E+00  2.8795229E-02  1.1610338E-02  6.4214715E-03  4.0715705E-03
  2.7892643E-03  2.0075548E-03  1.4958251E-03
  0.0000000E+00  3.3248506E-02  1.3725647E-02  7.8330021E-03  5.0934395E-03
  3.5542746E-03  2.5920477E-03  0.0000000E+00
  0.0000000E+00  4.0238567E-02  1.6922466E-02  9.9165011E-03  6.5924455E-03
  4.6799202E-03  3.4497019E-03  0.0000000E+00
  0.0000000E+00  5.1133201E-02  2.1856859E-02  1.3097416E-02  8.8827042E-03
  6.3976147E-03  4.7554672E-03  0.0000000E+00
  0.0000000E+00  6.8270378E-02  2.9693836E-02  1.8174950E-02  1.2564613E-02
  9.1610337E-03  6.7992047E-03  0.0000000E+00
  0.0000000E+00  9.6143149E-02  4.2703778E-02  2.6775349E-02  1.8870777E-02
  1.3852883E-02  9.8687876E-03
  0.0000000E+00  0.1444135      6.5924458E-02  4.2584494E-02  3.0608350E-02
  2.1836977E-02
  0.0000000E+00  0.2362624      0.1121272      7.5427435E-02  5.3916503E-02
  0.0000000E+00  0.4381710      0.2210736      0.1542346    
  0.0000000E+00   1.000000      0.5534791    
  0.0000000E+00   3.415905    
   32.53678    
  1.0000000E+09
  0.0000000E+00  4.1637138E-02  1.3348688E-02  5.9815734E-03  3.2154501E-03
  1.9372785E-03  1.2615167E-03  8.6924166E-04
  0.0000000E+00  4.5216158E-02  1.4787385E-02  6.7540752E-03  3.6888730E-03
  2.2515946E-03  1.4826364E-03  1.0304749E-03
  0.0000000E+00  4.8936926E-02  1.6491849E-02  7.7321054E-03  4.3160878E-03
  2.6821403E-03  1.7909284E-03  1.2586818E-03
  0.0000000E+00  5.3047486E-02  1.8610915E-02  9.0432316E-03  5.1913536E-03
  3.2955352E-03  2.2370659E-03  0.0000000E+00
  0.0000000E+00  5.8256555E-02  2.1474132E-02  1.0900071E-02  6.4670448E-03
  4.2062365E-03  2.9046775E-03  0.0000000E+00
  0.0000000E+00  6.6371366E-02  2.5729978E-02  1.3703048E-02  8.4231049E-03
  5.6130406E-03  3.9298371E-03  0.0000000E+00
  0.0000000E+00  8.0439404E-02  3.2583274E-02  1.8185684E-02  1.1562722E-02
  7.8667616E-03  5.5279946E-03  0.0000000E+00
  0.0000000E+00  0.1058469      4.4401135E-02  2.5818570E-02  1.6895819E-02
  1.1608788E-02  7.8277821E-03
  0.0000000E+00  0.1526931      6.6123314E-02  3.9794471E-02  2.6548546E-02
  1.7654145E-02
  0.0000000E+00  0.2442948      0.1095677      6.8072289E-02  4.4613749E-02
  0.0000000E+00  0.4464919      0.2093905      0.1315733    
  0.0000000E+00   1.000000      0.4929128    
  0.0000000E+00   3.248051    
   32.91991    
  1.0000000E+10
  0.0000000E+00  5.9096243E-02  1.8227700E-02  7.8697186E-03  4.0933099E-03
  2.3949530E-03  1.5196597E-03  1.0231808E-03
  0.0000000E+00  6.3703053E-02  1.9706573E-02  8.5357986E-03  4.4512912E-03
  2.6106222E-03  1.6596245E-03  1.1188380E-03
  0.0000000E+00  7.0129111E-02  2.1804579E-02  9.4953049E-03  4.9735918E-03
  2.9281103E-03  1.8670775E-03  1.2608567E-03
  0.0000000E+00  7.8491785E-02  2.4627347E-02  1.0815728E-02  5.7100942E-03
  3.3832160E-03  2.1675471E-03  0.0000000E+00
  0.0000000E+00  8.8967137E-02  2.8339203E-02  1.2629108E-02  6.7488262E-03
  4.0404927E-03  2.6085682E-03  0.0000000E+00
  0.0000000E+00  0.1018192      3.3274647E-02  1.5181925E-02  8.2775820E-03
  5.0322772E-03  3.2805167E-03  0.0000000E+00
  0.0000000E+00  0.1180458      4.0140845E-02  1.9011151E-02  1.0674883E-02
  6.6255867E-03  4.3485914E-03  0.0000000E+00
  0.0000000E+00  0.1413732      5.0821595E-02  2.5322771E-02  1.4747652E-02
  9.3163149E-03  5.9272302E-03
  0.0000000E+00  0.1823944      6.9688968E-02  3.6795776E-02  2.2142019E-02
  1.3661972E-02
  0.0000000E+00  0.2670188      0.1077171      5.9741780E-02  3.5534039E-02
  0.0000000E+00  0.4627348      0.1949824      0.1087148    
  0.0000000E+00   1.000000      0.4281103    
  0.0000000E+00   3.066315    
   32.65845    
  9.9999998E+10
  0.0000000E+00  0.1051761      3.2244377E-02  1.3835385E-02  7.1531609E-03
  4.1620703E-03  2.6283411E-03  1.7607128E-03
  0.0000000E+00  0.1088672      3.3368688E-02  1.4327534E-02  7.4077221E-03
  4.3105646E-03  2.7195590E-03  1.8203226E-03
  0.0000000E+00  0.1106279      3.3941451E-02  1.4571490E-02  7.5350022E-03
  4.3826899E-03  2.7641070E-03  1.8476878E-03
  0.0000000E+00  0.1134069      3.4811202E-02  1.4963938E-02  7.7428939E-03
  4.5036064E-03  2.8383541E-03  0.0000000E+00
  0.0000000E+00  0.1204285      3.7038609E-02  1.5950361E-02  8.2626222E-03
  4.8090797E-03  3.0250319E-03  0.0000000E+00
  0.0000000E+00  0.1339415      4.1366145E-02  1.7870175E-02  9.2808651E-03
  5.4051764E-03  3.3920237E-03  0.0000000E+00
  0.0000000E+00  0.1557064      4.8451424E-02  2.1084005E-02  1.1009759E-02
  6.4212987E-03  3.9966060E-03  0.0000000E+00
  0.0000000E+00  0.1884175      5.9503607E-02  2.6283411E-02  1.3865083E-02
  8.0844294E-03  4.8196861E-03
  0.0000000E+00  0.2380144      7.7407725E-02  3.5129406E-02  1.8816292E-02
  1.0651252E-02
  0.0000000E+00  0.3228680      0.1099067      5.1994059E-02  2.7619857E-02
  0.0000000E+00  0.5036063      0.1805898      8.7038614E-02
  0.0000000E+00   1.000000      0.3621129    
  0.0000000E+00   2.851082    
   31.98982    
  1.0000000E+12
  0.0000000E+00  0.1121521      3.4341961E-02  1.4728399E-02  7.6035974E-03
  4.4197352E-03  2.7877023E-03  1.8653541E-03
  0.0000000E+00  0.1381699      4.2301614E-02  1.8131001E-02  9.3595823E-03
  5.4368693E-03  3.4256899E-03  2.2894640E-03
  0.0000000E+00  0.1667274      5.1014703E-02  2.1849556E-02  1.1273545E-02
  6.5427148E-03  4.1159312E-03  2.7451697E-03
  0.0000000E+00  0.1924900      5.8864988E-02  2.5203548E-02  1.2990643E-02
  7.5306841E-03  4.7283997E-03  0.0000000E+00
  0.0000000E+00  0.2079232      6.3604325E-02  2.7220804E-02  1.4011423E-02
  8.1079109E-03  5.0735204E-03  0.0000000E+00
  0.0000000E+00  0.2115688      6.4698018E-02  2.7670434E-02  1.4230162E-02
  8.2075587E-03  5.1039010E-03  0.0000000E+00
  0.0000000E+00  0.2148499      6.5694496E-02  2.8083606E-02  1.4412444E-02
  8.2683191E-03  5.0650137E-03  0.0000000E+00
  0.0000000E+00  0.2333212      7.1418151E-02  3.0514037E-02  1.5603354E-02
  8.8370396E-03  5.1196986E-03
  0.0000000E+00  0.2787702      8.5563250E-02  3.6577955E-02  1.8544173E-02
  9.9732652E-03
  0.0000000E+00  0.3677239      0.1136712      4.8632883E-02  2.3648074E-02
  0.0000000E+00  0.5473326      0.1711022      7.1600437E-02
  0.0000000E+00   1.000000      0.3040467    
  0.0000000E+00   2.592053    
   30.25884    
  9.9999998E+12
  0.0000000E+00  5.7714287E-02  1.7662337E-02  7.5688311E-03  3.9096102E-03
  2.2722078E-03  1.4327273E-03  9.5896103E-04
  0.0000000E+00  7.7402599E-02  2.3688311E-02  1.0145455E-02  5.2363635E-03
  3.0410392E-03  1.9153247E-03  1.2800000E-03
  0.0000000E+00  0.1061299      3.2467533E-02  1.3901299E-02  7.1688313E-03
  4.1584414E-03  2.6150651E-03  1.7428572E-03
  0.0000000E+00  0.1482078      4.5298703E-02  1.9381819E-02  9.9844160E-03
  5.7818182E-03  3.6275326E-03  0.0000000E+00
  0.0000000E+00  0.2078442      6.3480519E-02  2.7137661E-02  1.3958442E-02
  8.0623375E-03  5.0394805E-03  0.0000000E+00
  0.0000000E+00  0.2839481      8.6649351E-02  3.6981821E-02  1.8976623E-02
  1.0924676E-02  6.7792209E-03  0.0000000E+00
  0.0000000E+00  0.3567273      0.1087273      4.6301302E-02  2.3672728E-02
  1.3532467E-02  8.2545457E-03  0.0000000E+00
  0.0000000E+00  0.3900779      0.1186494      5.0379224E-02  2.5589611E-02
  1.4389611E-02  8.2753245E-03
  0.0000000E+00  0.3949091      0.1198442      5.0576624E-02  2.5303897E-02
  1.3423378E-02
  0.0000000E+00  0.4386494      0.1325195      5.5220779E-02  2.6114287E-02
  0.0000000E+00  0.5890909      0.1760520      6.9714293E-02
  0.0000000E+00   1.000000      0.2835844    
  0.0000000E+00   2.446753    
   28.74805    
  1.0000000E+14
  0.0000000E+00  1.6281998E-02  4.9825152E-03  2.1359632E-03  1.1026717E-03
  6.4078893E-04  4.0411248E-04  2.7038748E-04
  0.0000000E+00  2.2352777E-02  6.8387189E-03  2.9290810E-03  1.5120995E-03
  8.7774516E-04  5.5280462E-04  3.6928241E-04
  0.0000000E+00  3.1822633E-02  9.7328303E-03  4.1670166E-03  2.1485523E-03
  1.2460484E-03  7.8360614E-04  5.2217097E-04
  0.0000000E+00  4.7279343E-02  1.4449574E-02  6.1826827E-03  3.1836622E-03
  1.8436145E-03  1.1565255E-03  0.0000000E+00
  0.0000000E+00  7.3744580E-02  2.2520632E-02  9.6223243E-03  4.9475450E-03
  2.8577426E-03  1.7862639E-03  0.0000000E+00
  0.0000000E+00  0.1210379      3.6914255E-02  1.5750455E-02  8.0780527E-03
  4.6482026E-03  2.8815221E-03  0.0000000E+00
  0.0000000E+00  0.2073017      6.3141696E-02  2.6870891E-02  1.3727794E-02
  7.8388592E-03  4.7782906E-03  0.0000000E+00
  0.0000000E+00  0.3561337      0.1082109      4.5866556E-02  2.3261996E-02
  1.3056372E-02  7.4891597E-03
  0.0000000E+00  0.5494475      0.1663170      6.9981821E-02  3.4899987E-02
  1.8436145E-02
  0.0000000E+00  0.6602322      0.1984893      8.2165346E-02  3.8592812E-02
  0.0000000E+00  0.7146454      0.2114981      8.2612962E-02
  0.0000000E+00   1.000000      0.2790600    
  0.0000000E+00   2.247867    
   25.91971    
