   100.0000    
  0.0000000E+00  1.5082210E-02  5.8734082E-03  3.2179502E-03  2.0323896E-03
  1.3895413E-03  1.0006181E-03  7.4817648E-04
  0.0000000E+00  1.8481888E-02  7.2184443E-03  3.9683520E-03  2.5145258E-03
  1.7245642E-03  1.2449004E-03  9.3348988E-04
  0.0000000E+00  2.3018915E-02  9.0147108E-03  4.9758931E-03  3.1647915E-03
  2.1782666E-03  1.5786871E-03  1.1872913E-03
  0.0000000E+00  2.9187785E-02  1.1472370E-02  6.3641979E-03  4.0684883E-03
  2.8136976E-03  2.0484608E-03  0.0000000E+00
  0.0000000E+00  3.7829150E-02  1.4933860E-02  8.3372481E-03  5.3640744E-03
  3.7322289E-03  2.7308690E-03  0.0000000E+00
  0.0000000E+00  5.0327603E-02  1.9990111E-02  1.1251082E-02  7.2988006E-03
  5.1180613E-03  3.7680801E-03  0.0000000E+00
  0.0000000E+00  6.9192730E-02  2.7704289E-02  1.5762147E-02  1.0337495E-02
  7.3210527E-03  5.4122880E-03  0.0000000E+00
  0.0000000E+00  9.9171713E-02  4.0140931E-02  2.3179626E-02  1.5440722E-02
  1.1055754E-02  7.9663740E-03
  0.0000000E+00  0.1502040      6.1762888E-02  3.6469281E-02  2.4799109E-02
  1.7567066E-02
  0.0000000E+00  0.2457659      0.1035233      6.3221656E-02  4.3491159E-02
  0.0000000E+00  0.4508592      0.1977995      0.1262208    
  0.0000000E+00   1.000000      0.4707628    
  0.0000000E+00   3.199407    
   24.31697    
   1000.000    
  0.0000000E+00  1.5092010E-02  5.8762506E-03  3.2184762E-03  2.0316166E-03
  1.3881684E-03  9.9876500E-04  7.4607879E-04
  0.0000000E+00  1.8500680E-02  7.2211931E-03  3.9681364E-03  2.5132764E-03
  1.7216252E-03  1.2424355E-03  9.3071506E-04
  0.0000000E+00  2.3033222E-02  9.0169199E-03  4.9759173E-03  3.1641349E-03
  2.1761146E-03  1.5758923E-03  1.1832777E-03
  0.0000000E+00  2.9208349E-02  1.1475855E-02  6.3640852E-03  4.0657036E-03
  2.8096826E-03  2.0427320E-03  0.0000000E+00
  0.0000000E+00  3.7841178E-02  1.4943806E-02  8.3364211E-03  5.3600096E-03
  3.7260714E-03  2.7232307E-03  0.0000000E+00
  0.0000000E+00  5.0351981E-02  1.9995060E-02  1.1248611E-02  7.2915899E-03
  5.1068296E-03  3.7532421E-03  0.0000000E+00
  0.0000000E+00  6.9223173E-02  2.7713967E-02  1.5758922E-02  1.0324812E-02
  7.3002349E-03  5.3797700E-03  0.0000000E+00
  0.0000000E+00  9.9221937E-02  4.0150672E-02  2.3169074E-02  1.5413116E-02
  1.1007780E-02  7.8732865E-03
  0.0000000E+00  0.1503026      6.1763614E-02  3.6433246E-02  2.4725208E-02
  1.7401507E-02
  0.0000000E+00  0.2457700      0.1034951      6.3122146E-02  4.3164134E-02
  0.0000000E+00  0.4509078      0.1977275      0.1256021    
  0.0000000E+00   1.000000      0.4691861    
  0.0000000E+00   3.195011    
   24.29295    
   10000.00    
  0.0000000E+00  1.5099225E-02  5.8794529E-03  3.2182916E-03  2.0300753E-03
  1.3854308E-03  9.9506963E-04  7.4201904E-04
  0.0000000E+00  1.8513499E-02  7.2254408E-03  3.9677061E-03  2.5095528E-03
  1.7182300E-03  1.2375200E-03  9.2505856E-04
  0.0000000E+00  2.3049427E-02  9.0213241E-03  4.9747322E-03  3.1591274E-03
  2.1705905E-03  1.5690867E-03  1.1752744E-03
  0.0000000E+00  2.9224703E-02  1.1481574E-02  6.3613956E-03  4.0601506E-03
  2.8016763E-03  2.0325405E-03  0.0000000E+00
  0.0000000E+00  3.7877481E-02  1.4951313E-02  8.3323065E-03  5.3506717E-03
  3.7137929E-03  2.7067671E-03  0.0000000E+00
  0.0000000E+00  5.0388265E-02  2.0004930E-02  1.1241218E-02  7.2772098E-03
  5.0856653E-03  3.7248861E-03  0.0000000E+00
  0.0000000E+00  6.9271542E-02  2.7708616E-02  1.5740171E-02  1.0298287E-02
  7.2611859E-03  5.3210896E-03  0.0000000E+00
  0.0000000E+00  9.9285103E-02  4.0145449E-02  2.3148034E-02  1.5358068E-02
  1.0917047E-02  7.7271047E-03
  0.0000000E+00  0.1503759      6.1752744E-02  3.6373723E-02  2.4577839E-02
  1.7132998E-02
  0.0000000E+00  0.2459017      0.1034389      6.2899053E-02  4.2635277E-02
  0.0000000E+00  0.4511278      0.1974609      0.1243683    
  0.0000000E+00   1.000000      0.4664119    
  0.0000000E+00   3.187477    
   24.26969    
   100000.0    
  0.0000000E+00  1.5131417E-02  5.8879880E-03  3.2178827E-03  2.0253009E-03
  1.3780398E-03  9.8771800E-04  7.3397200E-04
  0.0000000E+00  1.8545812E-02  7.2340947E-03  3.9658560E-03  2.5042989E-03
  1.7096538E-03  1.2278310E-03  9.1414881E-04
  0.0000000E+00  2.3090150E-02  9.0309512E-03  4.9717515E-03  3.1503318E-03
  2.1579466E-03  1.5549005E-03  1.1599116E-03
  0.0000000E+00  2.9280275E-02  1.1491034E-02  6.3559324E-03  4.0481458E-03
  2.7843281E-03  2.0130188E-03  0.0000000E+00
  0.0000000E+00  3.7926801E-02  1.4959469E-02  8.3235074E-03  5.3316136E-03
  3.6870549E-03  2.6750185E-03  0.0000000E+00
  0.0000000E+00  5.0466716E-02  2.0007370E-02  1.1224515E-02  7.2463765E-03
  5.0442154E-03  3.6710885E-03  0.0000000E+00
  0.0000000E+00  6.9368705E-02  2.7720463E-02  1.5708672E-02  1.0244411E-02
  7.1837385E-03  5.2186195E-03  0.0000000E+00
  0.0000000E+00  9.9410467E-02  4.0149841E-02  2.3077868E-02  1.5254238E-02
  1.0754114E-02  7.4993856E-03
  0.0000000E+00  0.1505773      6.1729304E-02  3.6231887E-02  2.4318349E-02
  1.6703513E-02
  0.0000000E+00  0.2462540      0.1033284      6.2478509E-02  4.1758783E-02
  0.0000000E+00  0.4514861      0.1967576      0.1224638    
  0.0000000E+00   1.000000      0.4616802    
  0.0000000E+00   3.173667    
   24.24466    
   1000000.    
  0.0000000E+00  1.5260653E-02  5.9174704E-03  3.2206078E-03  2.0180685E-03
  1.3661336E-03  9.7338547E-04  7.1883778E-04
  0.0000000E+00  1.8666830E-02  7.2604078E-03  3.9665489E-03  2.4929801E-03
  1.6933220E-03  1.2088878E-03  8.9390791E-04
  0.0000000E+00  2.3208398E-02  9.0562813E-03  4.9676476E-03  3.1339275E-03
  2.1352705E-03  1.5285069E-03  1.1319742E-03
  0.0000000E+00  2.9398119E-02  1.1515077E-02  6.3472106E-03  4.0227077E-03
  2.7518007E-03  1.9753387E-03  0.0000000E+00
  0.0000000E+00  3.8066171E-02  1.4979857E-02  8.3066784E-03  5.2948361E-03
  3.6381395E-03  2.6187280E-03  0.0000000E+00
  0.0000000E+00  5.0616529E-02  2.0034185E-02  1.1193994E-02  7.1871569E-03
  4.9652057E-03  3.5770971E-03  0.0000000E+00
  0.0000000E+00  6.9564156E-02  2.7737761E-02  1.5651325E-02  1.0141619E-02
  7.0455377E-03  5.0494443E-03  0.0000000E+00
  0.0000000E+00  9.9670373E-02  4.0153828E-02  2.2964230E-02  1.5053106E-02
  1.0474912E-02  7.1627400E-03
  0.0000000E+00  0.1508973      6.1689664E-02  3.5966307E-02  2.3855451E-02
  1.6041996E-02
  0.0000000E+00  0.2467342      0.1031010      6.1714076E-02  4.0397998E-02
  0.0000000E+00  0.4522037      0.1957026      0.1193871    
  0.0000000E+00   1.000000      0.4539129    
  0.0000000E+00   3.152240    
   24.56355    
  1.0000000E+07
  0.0000000E+00  1.5975829E-02  6.0894256E-03  3.2604230E-03  2.0108761E-03
  1.3425982E-03  9.4416918E-04  6.8894256E-04
  0.0000000E+00  1.9262839E-02  7.3981872E-03  3.9903321E-03  2.4761327E-03
  1.6616313E-03  1.1717221E-03  8.5643504E-04
  0.0000000E+00  2.3709970E-02  9.1661625E-03  4.9764351E-03  3.1057401E-03
  2.0918427E-03  1.4791540E-03  1.0826585E-03
  0.0000000E+00  2.9836858E-02  1.1602417E-02  6.3383682E-03  3.9770394E-03
  2.6900300E-03  1.9069486E-03  0.0000000E+00
  0.0000000E+00  3.8465258E-02  1.5045317E-02  8.2767373E-03  5.2229608E-03
  3.5480363E-03  2.5196373E-03  0.0000000E+00
  0.0000000E+00  5.1021144E-02  2.0084592E-02  1.1132326E-02  7.0719034E-03
  4.8229606E-03  3.4235651E-03  0.0000000E+00
  0.0000000E+00  6.9993958E-02  2.7770391E-02  1.5540786E-02  9.9468278E-03
  6.8060416E-03  4.7891238E-03  0.0000000E+00
  0.0000000E+00  0.1001934      4.0145013E-02  2.2743203E-02  1.4694864E-02
  1.0026585E-02  6.6972808E-03
  0.0000000E+00  0.1516616      6.1570998E-02  3.5456192E-02  2.3069486E-02
  1.5105740E-02
  0.0000000E+00  0.2477341      0.1026224      6.0374621E-02  3.8380664E-02
  0.0000000E+00  0.4534139      0.1937160      0.1146707    
  0.0000000E+00   1.000000      0.4416918    
  0.0000000E+00   3.119033    
   26.98489    
  1.0000000E+08
  0.0000000E+00  1.9702911E-02  7.0303031E-03  3.4901961E-03  2.0308972E-03
  1.2976826E-03  8.8366010E-04  6.2923349E-04
  0.0000000E+00  2.2590611E-02  8.2257874E-03  4.1758763E-03  2.4705881E-03
  1.5971480E-03  1.0960189E-03  7.8431371E-04
  0.0000000E+00  2.6583482E-02  9.8550208E-03  5.1087346E-03  3.0683302E-03
  2.0059417E-03  1.3844325E-03  9.9429593E-04
  0.0000000E+00  3.2240044E-02  1.2144979E-02  6.4099818E-03  3.9025547E-03
  2.5727865E-03  1.7860963E-03  0.0000000E+00
  0.0000000E+00  4.0451571E-02  1.5448604E-02  8.2780747E-03  5.0968509E-03
  3.3844323E-03  2.3553178E-03  0.0000000E+00
  0.0000000E+00  5.2655973E-02  2.0356506E-02  1.1049317E-02  6.8686865E-03
  4.5846701E-03  3.1871658E-03  0.0000000E+00
  0.0000000E+00  7.1396314E-02  2.7914438E-02  1.5329767E-02  9.6090315E-03
  6.4278073E-03  4.4218656E-03  0.0000000E+00
  0.0000000E+00  0.1015092      4.0154483E-02  2.2317290E-02  1.4093880E-02
  9.3689831E-03  6.0998215E-03
  0.0000000E+00  0.1530600      6.1330959E-02  3.4569222E-02  2.1877598E-02
  1.3879976E-02
  0.0000000E+00  0.2494355      0.1017112      5.8193702E-02  3.5626858E-02
  0.0000000E+00  0.4556150      0.1901367      0.1079739    
  0.0000000E+00   1.000000      0.4236482    
  0.0000000E+00   3.068330    
   31.44385    
  1.0000000E+09
  0.0000000E+00  2.8093917E-02  8.9856582E-03  4.0191999E-03  2.1547535E-03
  1.2942401E-03  8.3911634E-04  5.7552627E-04
  0.0000000E+00  3.1841315E-02  1.0355078E-02  4.7073793E-03  2.5572518E-03
  1.5510063E-03  1.0145733E-03  7.0009253E-04
  0.0000000E+00  3.6282673E-02  1.2063381E-02  5.6037474E-03  3.0962296E-03
  1.9026139E-03  1.2560722E-03  8.7265787E-04
  0.0000000E+00  4.1869074E-02  1.4307193E-02  6.8193385E-03  3.8433960E-03
  2.3976406E-03  1.5984271E-03  0.0000000E+00
  0.0000000E+00  4.9456395E-02  1.7406894E-02  8.5438360E-03  4.9236640E-03
  3.1170484E-03  2.0969235E-03  0.0000000E+00
  0.0000000E+00  6.0582928E-02  2.1940781E-02  1.1110340E-02  6.5417537E-03
  4.1950033E-03  2.8336802E-03  0.0000000E+00
  0.0000000E+00  7.8036085E-02  2.9007634E-02  1.5116817E-02  9.0631507E-03
  5.8558872E-03  3.9243582E-03  0.0000000E+00
  0.0000000E+00  0.1068934      4.0666204E-02  2.1686329E-02  1.3173723E-02
  8.4744394E-03  5.3782095E-03
  0.0000000E+00  0.1574138      6.1114967E-02  3.3171408E-02  2.0194311E-02
  1.2364099E-02
  0.0000000E+00  0.2534120      0.1001851      5.4996531E-02  3.2176729E-02
  0.0000000E+00  0.4595189      0.1847097      9.9271342E-02
  0.0000000E+00   1.000000      0.3994911    
  0.0000000E+00   3.002545    
   32.87069    
  1.0000000E+10
  0.0000000E+00  3.5627484E-02  1.0985417E-02  4.7425986E-03  2.4657534E-03
  1.4416703E-03  9.1416261E-04  6.1489176E-04
  0.0000000E+00  4.0709238E-02  1.2593903E-02  5.4518343E-03  2.8413611E-03
  1.6648255E-03  1.0571145E-03  7.1155548E-04
  0.0000000E+00  4.7260277E-02  1.4681838E-02  6.3908529E-03  3.3440127E-03
  1.9653116E-03  1.2516571E-03  8.4312860E-04
  0.0000000E+00  5.5600975E-02  1.7421564E-02  7.6403008E-03  4.0245252E-03
  2.3784800E-03  1.5190013E-03  0.0000000E+00
  0.0000000E+00  6.6195317E-02  2.1011932E-02  9.3349535E-03  4.9712770E-03
  2.9617762E-03  1.9023421E-03  0.0000000E+00
  0.0000000E+00  7.9871856E-02  2.5872737E-02  1.1721168E-02  6.3444544E-03
  3.8234645E-03  2.4690677E-03  0.0000000E+00
  0.0000000E+00  9.8530717E-02  3.2832522E-02  1.5311534E-02  8.4633231E-03
  5.1668142E-03  3.3340699E-03  0.0000000E+00
  0.0000000E+00  0.1267123      4.3692004E-02  2.1111358E-02  1.1942113E-02
  7.3353956E-03  4.5304908E-03
  0.0000000E+00  0.1746575      6.2450286E-02  3.1307999E-02  1.7973928E-02
  1.0604287E-02
  0.0000000E+00  0.2669023      9.8608039E-02  5.0673883E-02  2.8137427E-02
  0.0000000E+00  0.4688466      0.1768670      8.8864341E-02
  0.0000000E+00   1.000000      0.3692002    
  0.0000000E+00   2.919797    
   33.00928    
  9.9999998E+10
  0.0000000E+00  5.0812390E-02  1.5571702E-02  6.6828132E-03  3.4544354E-03
  2.0102935E-03  1.2685438E-03  8.4973255E-04
  0.0000000E+00  5.6312446E-02  1.7257039E-02  7.4084168E-03  3.8288424E-03
  2.2272682E-03  1.4047836E-03  9.4005448E-04
  0.0000000E+00  6.2397819E-02  1.9134119E-02  8.2137454E-03  4.2466447E-03
  2.4694721E-03  1.5561610E-03  1.0394590E-03
  0.0000000E+00  7.0148349E-02  2.1525886E-02  9.2481580E-03  4.7825207E-03
  2.7803006E-03  1.7499243E-03  0.0000000E+00
  0.0000000E+00  8.1209004E-02  2.4967201E-02  1.0737713E-02  5.5585830E-03
  3.2314057E-03  2.0304774E-03  0.0000000E+00
  0.0000000E+00  9.7426578E-02  3.0043395E-02  1.2968009E-02  6.7241904E-03
  3.9085681E-03  2.4472701E-03  0.0000000E+00
  0.0000000E+00  0.1210011      3.7551720E-02  1.6308406E-02  8.4912702E-03
  4.9359165E-03  3.0598447E-03  0.0000000E+00
  0.0000000E+00  0.1554143      4.8854575E-02  2.1475427E-02  1.1262489E-02
  6.5253810E-03  3.8591179E-03
  0.0000000E+00  0.2085982      6.6929050E-02  3.0043395E-02  1.5894640E-02
  8.8747600E-03
  0.0000000E+00  0.3012413      9.9333942E-02  4.5816932E-02  2.3705721E-02
  0.0000000E+00  0.4948027      0.1673226      7.6738313E-02
  0.0000000E+00   1.000000      0.3315168    
  0.0000000E+00   2.794429    
   32.64709    
  1.0000000E+12
  0.0000000E+00  5.9223626E-02  1.8135021E-02  7.7729956E-03  4.0143458E-03
  2.3333333E-03  1.4708861E-03  9.8481006E-04
  0.0000000E+00  7.1088605E-02  2.1755273E-02  9.3248943E-03  4.8118141E-03
  2.7949365E-03  1.7603375E-03  1.1763712E-03
  0.0000000E+00  8.4894516E-02  2.5974682E-02  1.1122363E-02  5.7383967E-03
  3.3291138E-03  2.0945147E-03  1.3966244E-03
  0.0000000E+00  0.1000000      3.0599155E-02  1.3097046E-02  6.7493669E-03
  3.9105485E-03  2.4548522E-03  0.0000000E+00
  0.0000000E+00  0.1153587      3.5265822E-02  1.5088607E-02  7.7654007E-03
  4.4902950E-03  2.8084386E-03  0.0000000E+00
  0.0000000E+00  0.1304641      3.9881855E-02  1.7046412E-02  8.7594930E-03
  5.0506331E-03  3.1383967E-03  0.0000000E+00
  0.0000000E+00  0.1492827      4.5603372E-02  1.9476792E-02  9.9831214E-03
  5.7223630E-03  3.5004220E-03  0.0000000E+00
  0.0000000E+00  0.1802532      5.5097044E-02  2.3510549E-02  1.2000000E-02
  6.7814342E-03  3.9181435E-03
  0.0000000E+00  0.2347679      7.1864977E-02  3.0641349E-02  1.5476793E-02
  8.2919830E-03
  0.0000000E+00  0.3318143      0.1019409      4.3367088E-02  2.0945147E-02
  0.0000000E+00  0.5236287      0.1610126      6.6455700E-02
  0.0000000E+00   1.000000      0.2925738    
  0.0000000E+00   2.617721    
   31.40928    
  9.9999998E+12
  0.0000000E+00  4.9438063E-02  1.5134100E-02  6.4878673E-03  3.3492977E-03
  1.9463603E-03  1.2273308E-03  8.2120049E-04
  0.0000000E+00  6.1858237E-02  1.8927203E-02  8.1098340E-03  4.1845464E-03
  2.4297575E-03  1.5300128E-03  1.0223499E-03
  0.0000000E+00  7.8544065E-02  2.4016604E-02  1.0280971E-02  5.3014047E-03
  3.0747126E-03  1.9335889E-03  1.2886336E-03
  0.0000000E+00  0.1010217      3.0887613E-02  1.3212006E-02  6.8071517E-03
  3.9399746E-03  2.4719029E-03  0.0000000E+00
  0.0000000E+00  0.1312261      4.0070243E-02  1.7126437E-02  8.8058747E-03
  5.0862068E-03  3.1781609E-03  0.0000000E+00
  0.0000000E+00  0.1701149      5.1890168E-02  2.2139208E-02  1.1360154E-02
  6.5325671E-03  4.0530013E-03  0.0000000E+00
  0.0000000E+00  0.2153257      6.5581098E-02  2.7931035E-02  1.4272030E-02
  8.1545338E-03  4.9719028E-03  0.0000000E+00
  0.0000000E+00  0.2590677      7.8735635E-02  3.3416349E-02  1.6960409E-02
  9.5274588E-03  5.4719029E-03
  0.0000000E+00  0.3014687      9.1379315E-02  3.8524907E-02  1.9246489E-02
  1.0191571E-02
  0.0000000E+00  0.3782248      0.1140485      4.7388252E-02  2.2356322E-02
  0.0000000E+00  0.5549170      0.1651980      6.5070249E-02
  0.0000000E+00   1.000000      0.2802044    
  0.0000000E+00   2.522989    
   30.32567    
  1.0000000E+14
  0.0000000E+00  3.0922595E-02  9.4644260E-03  4.0578577E-03  2.0946052E-03
  1.2173573E-03  7.6739641E-04  5.1368261E-04
  0.0000000E+00  3.9093044E-02  1.1962472E-02  5.1250979E-03  2.6442532E-03
  1.5355747E-03  9.6716185E-04  6.4581702E-04
  0.0000000E+00  5.0469115E-02  1.5437842E-02  6.6067241E-03  3.4065675E-03
  1.9757624E-03  1.2423769E-03  8.2799065E-04
  0.0000000E+00  6.6731818E-02  2.0398749E-02  8.7255677E-03  4.4917902E-03
  2.6016419E-03  1.6317435E-03  0.0000000E+00
  0.0000000E+00  9.0774044E-02  2.7716966E-02  1.1841282E-02  6.0867867E-03
  3.5160282E-03  2.1962470E-03  0.0000000E+00
  0.0000000E+00  0.1273651      3.8838938E-02  1.6567631E-02  8.4949182E-03
  4.8866305E-03  3.0293197E-03  0.0000000E+00
  0.0000000E+00  0.1843628      5.6137607E-02  2.3881938E-02  1.2197030E-02
  6.9624712E-03  4.2415950E-03  0.0000000E+00
  0.0000000E+00  0.2725958      8.2799062E-02  3.5078187E-02  1.7779516E-02
  9.9726347E-03  5.7193120E-03
  0.0000000E+00  0.3960125      0.1197811      5.0390933E-02  2.5097733E-02
  1.3248632E-02
  0.0000000E+00  0.5215012      0.1566067      6.4777166E-02  3.0375293E-02
  0.0000000E+00  0.6458170      0.1907741      7.4354969E-02
  0.0000000E+00   1.000000      0.2780297    
  0.0000000E+00   2.371775    
   28.02189    
