   100.0000    
  0.0000000E+00  1.4707207E-02  6.0352851E-03  3.4992492E-03  2.3318317E-03
  1.6749250E-03  1.2612612E-03  9.8273274E-04
  0.0000000E+00  1.7972974E-02  7.4069067E-03  4.3168166E-03  2.8911412E-03
  2.0870871E-03  1.5795797E-03  1.2364865E-03
  0.0000000E+00  2.2319820E-02  9.2417412E-03  5.4181684E-03  3.6524024E-03
  2.6524025E-03  2.0195195E-03  1.5900901E-03
  0.0000000E+00  2.8213212E-02  1.1749249E-02  6.9429432E-03  4.7169668E-03
  3.4527027E-03  2.6493995E-03  0.0000000E+00
  0.0000000E+00  3.6456455E-02  1.5300300E-02  9.1291294E-03  6.2620118E-03
  4.6298802E-03  3.5893393E-03  0.0000000E+00
  0.0000000E+00  4.8370872E-02  2.0495497E-02  1.2379879E-02  8.6111119E-03
  6.4512012E-03  5.0675673E-03  0.0000000E+00
  0.0000000E+00  6.6343844E-02  2.8475976E-02  1.7492494E-02  1.2379879E-02
  9.4594592E-03  7.5450451E-03  0.0000000E+00
  0.0000000E+00  9.4969973E-02  4.1478977E-02  2.6088590E-02  1.8963963E-02
  1.4857357E-02  1.1779279E-02
  0.0000000E+00  0.1439189      6.4481981E-02  4.2034533E-02  3.1771772E-02
  2.5292793E-02
  0.0000000E+00  0.2361862      0.1102853      7.6201200E-02  6.0390390E-02
  0.0000000E+00  0.4380631      0.2198198      0.1668919    
  0.0000000E+00   1.000000      0.5801802    
  0.0000000E+00   3.496246    
   25.60811    
   1000.000    
  0.0000000E+00  1.4719101E-02  6.0404493E-03  3.5003745E-03  2.3310860E-03
  1.6726592E-03  1.2584269E-03  9.7902620E-04
  0.0000000E+00  1.7992510E-02  7.4127340E-03  4.3176031E-03  2.8898877E-03
  2.0838950E-03  1.5752808E-03  1.2314606E-03
  0.0000000E+00  2.2337077E-02  9.2434455E-03  5.4187262E-03  3.6501870E-03
  2.6479401E-03  2.0134831E-03  1.5827714E-03
  0.0000000E+00  2.8239699E-02  1.1760299E-02  6.9438200E-03  4.7138575E-03
  3.4464418E-03  2.6404494E-03  0.0000000E+00
  0.0000000E+00  3.6486890E-02  1.5310861E-02  9.1235954E-03  6.2561799E-03
  4.6202247E-03  3.5737825E-03  0.0000000E+00
  0.0000000E+00  4.8411984E-02  2.0509362E-02  1.2382022E-02  8.5992506E-03
  6.4329589E-03  5.0389515E-03  0.0000000E+00
  0.0000000E+00  6.6397004E-02  2.8486891E-02  1.7483145E-02  1.2359550E-02
  9.4157308E-03  7.4771536E-03  0.0000000E+00
  0.0000000E+00  9.5056176E-02  4.1490637E-02  2.6074907E-02  1.8913858E-02
  1.4756554E-02  1.1573033E-02
  0.0000000E+00  0.1439700      6.4494379E-02  4.1985020E-02  3.1632960E-02
  2.4928838E-02
  0.0000000E+00  0.2364045      0.1102622      7.5955056E-02  5.9700370E-02
  0.0000000E+00  0.4382771      0.2196255      0.1654682    
  0.0000000E+00   1.000000      0.5768539    
  0.0000000E+00   3.486891    
   25.55805    
   10000.00    
  0.0000000E+00  1.4742730E-02  6.0477257E-03  3.5011186E-03  2.3288589E-03
  1.6681581E-03  1.2520507E-03  9.7091723E-04
  0.0000000E+00  1.8016405E-02  7.4205822E-03  4.3176734E-03  2.8859060E-03
  2.0775541E-03  1.5667414E-03  1.2199851E-03
  0.0000000E+00  2.2363909E-02  9.2542879E-03  5.4183449E-03  3.6442955E-03
  2.6383295E-03  2.0007459E-03  1.5667414E-03
  0.0000000E+00  2.8277405E-02  1.1767338E-02  6.9425805E-03  4.7046985E-03
  3.4317675E-03  2.6211783E-03  0.0000000E+00
  0.0000000E+00  3.6532439E-02  1.5316929E-02  9.1200601E-03  6.2423567E-03
  4.5973156E-03  3.5428784E-03  0.0000000E+00
  0.0000000E+00  4.8463836E-02  2.0521998E-02  1.2371365E-02  8.5756900E-03
  6.3937362E-03  4.9813576E-03  0.0000000E+00
  0.0000000E+00  6.6472784E-02  2.8501119E-02  1.7464580E-02  1.2319165E-02
  9.3437741E-03  7.3534679E-03  0.0000000E+00
  0.0000000E+00  9.5152870E-02  4.1498885E-02  2.6032811E-02  1.8814318E-02
  1.4571216E-02  1.1252796E-02
  0.0000000E+00  0.1441462      6.4489193E-02  4.1871738E-02  3.1357195E-02
  2.4332589E-02
  0.0000000E+00  0.2366145      0.1101417      7.5615220E-02  5.8553319E-02
  0.0000000E+00  0.4385533      0.2190902      0.1630872    
  0.0000000E+00   1.000000      0.5710664    
  0.0000000E+00   3.470545    
   25.48099    
   100000.0    
  0.0000000E+00  1.4803849E-02  6.0666171E-03  3.5048113E-03  2.3242044E-03
  1.6587713E-03  1.2398224E-03  9.5632864E-04
  0.0000000E+00  1.8090304E-02  7.4389339E-03  4.3205032E-03  2.8793486E-03
  2.0643966E-03  1.5499629E-03  1.1998520E-03
  0.0000000E+00  2.2442635E-02  9.2746112E-03  5.4196888E-03  3.6336046E-03
  2.6202812E-03  1.9770542E-03  1.5373797E-03
  0.0000000E+00  2.8364174E-02  1.1791265E-02  6.9415248E-03  4.6883789E-03
  3.4048851E-03  2.5847519E-03  0.0000000E+00
  0.0000000E+00  3.6639526E-02  1.5344189E-02  9.1191707E-03  6.2161358E-03
  4.5544039E-03  3.4840857E-03  0.0000000E+00
  0.0000000E+00  4.8601035E-02  2.0555144E-02  1.2353812E-02  8.5270163E-03
  6.3205035E-03  4.8778681E-03  0.0000000E+00
  0.0000000E+00  6.6646926E-02  2.8534418E-02  1.7431531E-02  1.2235381E-02
  9.2005916E-03  7.1435971E-03  0.0000000E+00
  0.0000000E+00  9.5336787E-02  4.1539598E-02  2.5958549E-02  1.8630644E-02
  1.4248704E-02  1.0754996E-02
  0.0000000E+00  0.1444856      6.4507768E-02  4.1665431E-02  3.0858625E-02
  2.3412285E-02
  0.0000000E+00  0.2370836      0.1100666      7.4833453E-02  5.6728348E-02
  0.0000000E+00  0.4393042      0.2181347      0.1591414    
  0.0000000E+00   1.000000      0.5616580    
  0.0000000E+00   3.444115    
   25.41821    
   1000000.    
  0.0000000E+00  1.4989044E-02  6.1212564E-03  3.5178966E-03  2.3170200E-03
  1.6406137E-03  1.2154857E-03  9.2841493E-04
  0.0000000E+00  1.8261505E-02  7.4945218E-03  4.3287072E-03  2.8655955E-03
  2.0387145E-03  1.5164354E-03  1.1621622E-03
  0.0000000E+00  2.2622354E-02  9.3279770E-03  5.4222061E-03  3.6113954E-03
  2.5829072E-03  1.9298758E-03  1.4835647E-03
  0.0000000E+00  2.8553691E-02  1.1840760E-02  6.9357199E-03  4.6530315E-03
  3.3491601E-03  2.5149747E-03  0.0000000E+00
  0.0000000E+00  3.6851719E-02  1.5398102E-02  9.1015343E-03  6.1585102E-03
  4.4682254E-03  3.3754567E-03  0.0000000E+00
  0.0000000E+00  4.8860487E-02  2.0606281E-02  1.2315559E-02  8.4295105E-03
  6.1775022E-03  4.6939375E-03  0.0000000E+00
  0.0000000E+00  6.6968597E-02  2.8582908E-02  1.7355734E-02  1.2059898E-02
  8.9408336E-03  6.7991237E-03  0.0000000E+00
  0.0000000E+00  9.5763333E-02  4.1577797E-02  2.5785245E-02  1.8276116E-02
  1.3696129E-02  1.0043828E-02
  0.0000000E+00  0.1450694      6.4477719E-02  4.1227173E-02  2.9970782E-02
  2.2037985E-02
  0.0000000E+00  0.2379839      0.1097151      7.3484302E-02  5.3915270E-02
  0.0000000E+00  0.4405406      0.2162893      0.1528853    
  0.0000000E+00   1.000000      0.5463112    
  0.0000000E+00   3.401023    
   25.70490    
  1.0000000E+07
  0.0000000E+00  1.6000001E-02  6.4271432E-03  3.6171430E-03  2.3292857E-03
  1.6135714E-03  1.1707143E-03  8.7714288E-04
  0.0000000E+00  1.9114288E-02  7.7357148E-03  4.3978575E-03  2.8585717E-03
  1.9950001E-03  1.4557143E-03  1.0950001E-03
  0.0000000E+00  2.3350000E-02  9.5285717E-03  5.4628570E-03  3.5800000E-03
  2.5157141E-03  1.8450000E-03  1.3928572E-03
  0.0000000E+00  2.9192859E-02  1.2007143E-02  6.9457144E-03  4.5900000E-03
  3.2478573E-03  2.3942858E-03  0.0000000E+00
  0.0000000E+00  3.7450001E-02  1.5528573E-02  9.0714283E-03  6.0492856E-03
  4.3121432E-03  3.1928571E-03  0.0000000E+00
  0.0000000E+00  4.9457144E-02  2.0714287E-02  1.2242857E-02  8.2500000E-03
  5.9250002E-03  4.4014286E-03  0.0000000E+00
  0.0000000E+00  6.7635715E-02  2.8671429E-02  1.7185716E-02  1.1728572E-02
  8.5000005E-03  6.2885717E-03  0.0000000E+00
  0.0000000E+00  9.6642859E-02  4.1607145E-02  2.5428573E-02  1.7635714E-02
  1.2835715E-02  9.0857148E-03
  0.0000000E+00  0.1461429      6.4350002E-02  4.0392861E-02  2.8521428E-02
  2.0150000E-02
  0.0000000E+00  0.2395000      0.1090714      7.1078576E-02  4.9914289E-02
  0.0000000E+00  0.4425714      0.2128571      0.1437857    
  0.0000000E+00   1.000000      0.5230714    
  0.0000000E+00   3.335714    
   28.20714    
  1.0000000E+08
  0.0000000E+00  2.1729840E-02  8.0151623E-03  4.0785666E-03  2.4210890E-03
  1.5747760E-03  1.0889042E-03  7.8635424E-04
  0.0000000E+00  2.4086837E-02  9.1523090E-03  4.7953133E-03  2.9110960E-03
  1.9241902E-03  1.3459683E-03  9.7932457E-04
  0.0000000E+00  2.7525844E-02  1.0716747E-02  5.7760165E-03  3.5816680E-03
  2.4045485E-03  1.6995176E-03  1.2446588E-03
  0.0000000E+00  3.2632668E-02  1.2956582E-02  7.1605789E-03  4.5251553E-03
  3.0792558E-03  2.1957271E-03  0.0000000E+00
  0.0000000E+00  4.0261891E-02  1.6250862E-02  9.1660926E-03  5.8924877E-03
  4.0578912E-03  2.9124741E-03  0.0000000E+00
  0.0000000E+00  5.1805653E-02  2.1226740E-02  1.2184700E-02  7.9462435E-03
  5.5286009E-03  3.9807032E-03  0.0000000E+00
  0.0000000E+00  6.9676086E-02  2.8993798E-02  1.6926259E-02  1.1192281E-02
  7.8428676E-03  5.6106136E-03  0.0000000E+00
  0.0000000E+00  9.8621644E-02  4.1722950E-02  2.4810476E-02  1.6623018E-02
  1.1647140E-02  7.9393517E-03
  0.0000000E+00  0.1484493      6.4107515E-02  3.8980015E-02  2.6409375E-02
  1.7801518E-02
  0.0000000E+00  0.2423846      0.1077877      6.7388006E-02  4.4769123E-02
  0.0000000E+00  0.4462440      0.2072364      0.1314955    
  0.0000000E+00   1.000000      0.4909717    
  0.0000000E+00   3.246727    
   31.93660    
  1.0000000E+09
  0.0000000E+00  3.4382313E-02  1.1027308E-02  4.9440833E-03  2.6573471E-03
  1.6001300E-03  1.0409623E-03  7.1586476E-04
  0.0000000E+00  3.8068920E-02  1.2451236E-02  5.6859558E-03  3.1027307E-03
  1.8914175E-03  1.2425227E-03  8.6150848E-04
  0.0000000E+00  4.2184655E-02  1.4180754E-02  6.6384915E-03  3.6963590E-03
  2.2886866E-03  1.5221067E-03  1.0650195E-03
  0.0000000E+00  4.7054619E-02  1.6384915E-02  7.9193758E-03  4.5214565E-03
  2.8530560E-03  1.9232770E-03  0.0000000E+00
  0.0000000E+00  5.3498052E-02  1.9401820E-02  9.7399224E-03  5.7197660E-03
  3.6820548E-03  2.5149547E-03  0.0000000E+00
  0.0000000E+00  6.3159950E-02  2.3855656E-02  1.2464239E-02  7.5357608E-03
  4.9440833E-03  3.4083223E-03  0.0000000E+00
  0.0000000E+00  7.8998700E-02  3.0890768E-02  1.6775033E-02  1.0409623E-02
  6.9310791E-03  4.7652796E-03  0.0000000E+00
  0.0000000E+00  0.1061118      4.2737324E-02  2.3972692E-02  1.5195059E-02
  1.0143043E-02  6.6514956E-03
  0.0000000E+00  0.1546814      6.4011700E-02  3.6885567E-02  2.3634590E-02
  1.5136541E-02
  0.0000000E+00  0.2482445      0.1056567      6.2230170E-02  3.8758125E-02
  0.0000000E+00  0.4520806      0.1986996      0.1165800    
  0.0000000E+00   1.000000      0.4501951    
  0.0000000E+00   3.133940    
   32.80234    
  1.0000000E+10
  0.0000000E+00  4.6272893E-02  1.4270525E-02  6.1606616E-03  3.2043711E-03
  1.8747785E-03  1.1890136E-03  8.0035446E-04
  0.0000000E+00  5.1405791E-02  1.5906675E-02  6.8871831E-03  3.5924395E-03
  2.1063203E-03  1.3384524E-03  9.0194924E-04
  0.0000000E+00  5.8151212E-02  1.8086238E-02  7.8735976E-03  4.1252216E-03
  2.4276434E-03  1.5469581E-03  1.0437095E-03
  0.0000000E+00  6.6745423E-02  2.0939162E-02  9.1966931E-03  4.8535145E-03
  2.8735974E-03  1.8393386E-03  0.0000000E+00
  0.0000000E+00  7.7436499E-02  2.4660368E-02  1.0986415E-02  5.8688722E-03
  3.5085648E-03  2.2610750E-03  0.0000000E+00
  0.0000000E+00  9.0785593E-02  2.9616067E-02  1.3502659E-02  7.3479032E-03
  4.4554048E-03  2.8948612E-03  0.0000000E+00
  0.0000000E+00  0.1082103      3.6597755E-02  1.7265210E-02  9.6515063E-03
  5.9539280E-03  3.8824573E-03  0.0000000E+00
  0.0000000E+00  0.1337862      4.7442410E-02  2.3408152E-02  1.3496752E-02
  8.4347315E-03  5.2988781E-03
  0.0000000E+00  0.1782044      6.6450089E-02  3.4418192E-02  2.0336680E-02
  1.2315417E-02
  0.0000000E+00  0.2665092      0.1038984      5.5918492E-02  3.2333136E-02
  0.0000000E+00  0.4650916      0.1875960      0.1002363    
  0.0000000E+00   1.000000      0.4033668    
  0.0000000E+00   3.003544    
   32.75251    
  9.9999998E+10
  0.0000000E+00  7.3921666E-02  2.2652455E-02  9.7223604E-03  5.0272685E-03
  2.9241447E-03  1.8458107E-03  1.2364899E-03
  0.0000000E+00  7.9226576E-02  2.4293507E-02  1.0426375E-02  5.3891921E-03
  3.1358453E-03  1.9786812E-03  1.3237481E-03
  0.0000000E+00  8.4184438E-02  2.5820527E-02  1.1085772E-02  5.7312842E-03
  3.3336640E-03  2.1021320E-03  1.4045613E-03
  0.0000000E+00  9.0431340E-02  2.7754091E-02  1.1928608E-02  6.1675757E-03
  3.5880022E-03  2.2602875E-03  0.0000000E+00
  0.0000000E+00  0.1002479      3.0832922E-02  1.3272187E-02  6.8715918E-03
  3.9975210E-03  2.5141300E-03  0.0000000E+00
  0.0000000E+00  0.1157660      3.5741199E-02  1.5438771E-02  8.0118990E-03
  4.6633617E-03  2.9241447E-03  0.0000000E+00
  0.0000000E+00  0.1389688      4.3217652E-02  1.8800199E-02  9.8066432E-03
  5.7114526E-03  3.5508180E-03  0.0000000E+00
  0.0000000E+00  0.1729301      5.4536439E-02  2.4070403E-02  1.2677243E-02
  7.3772930E-03  4.3837382E-03
  0.0000000E+00  0.2243431      7.2682202E-02  3.2895390E-02  1.7555775E-02
  9.8909270E-03
  0.0000000E+00  0.3124938      0.1053545      4.9454637E-02  2.6033713E-02
  0.0000000E+00  0.4987606      0.1753594      8.3044127E-02
  0.0000000E+00   1.000000      0.3506693    
  0.0000000E+00   2.830937    
   32.23104    
  1.0000000E+12
  0.0000000E+00  8.4112152E-02  2.5754852E-02  1.1038821E-02  5.7009347E-03
  3.3141624E-03  2.0898634E-03  1.3986340E-03
  0.0000000E+00  0.1017254      3.1135874E-02  1.3342919E-02  6.8871318E-03
  4.0007192E-03  2.5201293E-03  1.6840402E-03
  0.0000000E+00  0.1215672      3.7203450E-02  1.5934579E-02  8.2207043E-03
  4.7699497E-03  3.0003595E-03  2.0003596E-03
  0.0000000E+00  0.1415528      4.3314163E-02  1.8537024E-02  9.5542772E-03
  5.5355858E-03  3.4759166E-03  0.0000000E+00
  0.0000000E+00  0.1581955      4.8382461E-02  2.0693745E-02  1.0654205E-02
  6.1610350E-03  3.8533427E-03  0.0000000E+00
  0.0000000E+00  0.1698059      5.1905103E-02  2.2192668E-02  1.1409058E-02
  6.5780017E-03  4.0905825E-03  0.0000000E+00
  0.0000000E+00  0.1825665      5.5823147E-02  2.3842558E-02  1.2228612E-02
  7.0129400E-03  4.2918762E-03  0.0000000E+00
  0.0000000E+00  0.2084472      6.3767076E-02  2.7221423E-02  1.3907261E-02
  7.8684399E-03  4.5542773E-03
  0.0000000E+00  0.2591301      7.9439253E-02  3.3928826E-02  1.7171100E-02
  9.2199855E-03
  0.0000000E+00  0.3523364      0.1087347      4.6405461E-02  2.2523364E-02
  0.0000000E+00  0.5373831      0.1671459      6.9698058E-02
  0.0000000E+00   1.000000      0.3004313    
  0.0000000E+00   2.607117    
   30.72250    
  9.9999998E+12
  0.0000000E+00  5.7953067E-02  1.7740114E-02  7.6032160E-03  3.9265538E-03
  2.2816167E-03  1.4387224E-03  9.6262497E-04
  0.0000000E+00  7.4293785E-02  2.2729248E-02  9.7392444E-03  5.0260760E-03
  2.9182963E-03  1.8376793E-03  1.2277270E-03
  0.0000000E+00  9.6892655E-02  2.9639287E-02  1.2687962E-02  6.5406347E-03
  3.7940026E-03  2.3859192E-03  1.5899609E-03
  0.0000000E+00  0.1283138      3.9222077E-02  1.6777487E-02  8.6418949E-03
  5.0043459E-03  3.1399392E-03  0.0000000E+00
  0.0000000E+00  0.1712734      5.2303348E-02  2.2359844E-02  1.1495003E-02
  6.6405912E-03  4.1503697E-03  0.0000000E+00
  0.0000000E+00  0.2262060      6.9013469E-02  2.9443722E-02  1.5110822E-02
  8.6962190E-03  5.3933072E-03  0.0000000E+00
  0.0000000E+00  0.2848761      8.6810082E-02  3.6962193E-02  1.8891785E-02
  1.0795306E-02  6.5840939E-03  0.0000000E+00
  0.0000000E+00  0.3270317      9.9478491E-02  4.2220771E-02  2.1429813E-02
  1.2044763E-02  6.9209039E-03
  0.0000000E+00  0.3526728      0.1069318      4.5110825E-02  2.2555413E-02
  1.1951325E-02
  0.0000000E+00  0.4124294      0.1244676      5.1781837E-02  2.4467625E-02
  0.0000000E+00  0.5749674      0.1715341      6.7774884E-02
  0.0000000E+00   1.000000      0.2824859    
  0.0000000E+00   2.477184    
   29.33507    
  1.0000000E+14
  0.0000000E+00  2.6072105E-02  7.9810238E-03  3.4203036E-03  1.7666034E-03
  1.0265654E-03  6.4715365E-04  4.3301706E-04
  0.0000000E+00  3.3927891E-02  1.0379506E-02  4.4468688E-03  2.2941176E-03
  1.3320682E-03  8.3908916E-04  5.6053128E-04
  0.0000000E+00  4.5332067E-02  1.3861479E-02  5.9345351E-03  3.0597721E-03
  1.7741935E-03  1.1157495E-03  7.4354839E-04
  0.0000000E+00  6.2495254E-02  1.9098671E-02  8.1698289E-03  4.2068306E-03
  2.4364328E-03  1.5275142E-03  0.0000000E+00
  0.0000000E+00  8.9335859E-02  2.7277039E-02  1.1650853E-02  5.9924098E-03
  3.4611004E-03  2.1622390E-03  0.0000000E+00
  0.0000000E+00  0.1329222      4.0540796E-02  1.7296014E-02  8.8690696E-03
  5.1015182E-03  3.1631878E-03  0.0000000E+00
  0.0000000E+00  0.2055028      6.2561668E-02  2.6622390E-02  1.3595825E-02
  7.7618593E-03  4.7296016E-03  0.0000000E+00
  0.0000000E+00  0.3231499      9.8197341E-02  4.1603416E-02  2.1091081E-02
  1.1831119E-02  6.7846300E-03
  0.0000000E+00  0.4828273      0.1461101      6.1442126E-02  3.0616697E-02
  1.6166981E-02
  0.0000000E+00  0.6047438      0.1816888      7.5151801E-02  3.5265654E-02
  0.0000000E+00  0.6871917      0.2031309      7.9222016E-02
  0.0000000E+00   1.000000      0.2786528    
  0.0000000E+00   2.297913    
   26.73624    
