   100.0000    
  0.0000000E+00  1.4862132E-02  5.9834556E-03  3.3943013E-03  2.2132352E-03
  1.5579044E-03  1.1516544E-03  8.8115805E-04
  0.0000000E+00  1.8198529E-02  7.3483451E-03  4.1856617E-03  2.7417277E-03
  1.9374999E-03  1.4374999E-03  1.1047794E-03
  0.0000000E+00  2.2619484E-02  9.1709560E-03  5.2518379E-03  3.4586396E-03
  2.4558823E-03  1.8318015E-03  1.4136030E-03
  0.0000000E+00  2.8630514E-02  1.1663603E-02  6.7251832E-03  4.4577206E-03
  3.1865807E-03  2.3915442E-03  0.0000000E+00
  0.0000000E+00  3.7040439E-02  1.5193013E-02  8.8281250E-03  5.9007355E-03
  4.2536766E-03  3.2169116E-03  0.0000000E+00
  0.0000000E+00  4.9209557E-02  2.0340072E-02  1.1948529E-02  8.0753677E-03
  5.8851098E-03  4.4954042E-03  0.0000000E+00
  0.0000000E+00  6.7555144E-02  2.8235292E-02  1.6819853E-02  1.1544118E-02
  8.5349260E-03  6.5882350E-03  0.0000000E+00
  0.0000000E+00  9.6783087E-02  4.1038603E-02  2.4944853E-02  1.7481618E-02
  1.3180146E-02  1.0018382E-02
  0.0000000E+00  0.1465993      6.3520215E-02  3.9779410E-02  2.8759191E-02
  2.1764705E-02
  0.0000000E+00  0.2402574      0.1077206      7.0735291E-02  5.2766539E-02
  0.0000000E+00  0.4435662      0.2109375      0.1488051    
  0.0000000E+00   1.000000      0.5323529    
  0.0000000E+00   3.365809    
   25.02757    
   1000.000    
  0.0000000E+00  1.4871559E-02  5.9862384E-03  3.3935779E-03  2.2119265E-03
  1.5550458E-03  1.1486238E-03  8.7807333E-04
  0.0000000E+00  1.8201834E-02  7.3504583E-03  4.1853208E-03  2.7394495E-03
  1.9348623E-03  1.4339449E-03  1.1000000E-03
  0.0000000E+00  2.2633027E-02  9.1743115E-03  5.2513760E-03  3.4550459E-03
  2.4522934E-03  1.8266055E-03  1.4073394E-03
  0.0000000E+00  2.8642202E-02  1.1669724E-02  6.7238528E-03  4.4532111E-03
  3.1807339E-03  2.3834861E-03  0.0000000E+00
  0.0000000E+00  3.7055045E-02  1.5192660E-02  8.8247703E-03  5.8944956E-03
  4.2440365E-03  3.2045869E-03  0.0000000E+00
  0.0000000E+00  4.9229357E-02  2.0348623E-02  1.1944954E-02  8.0642197E-03
  5.8688070E-03  4.4724769E-03  0.0000000E+00
  0.0000000E+00  6.7587152E-02  2.8238531E-02  1.6807340E-02  1.1522936E-02
  8.5036689E-03  6.5366966E-03  0.0000000E+00
  0.0000000E+00  9.6788988E-02  4.1036695E-02  2.4926605E-02  1.7440366E-02
  1.3100917E-02  9.8715592E-03
  0.0000000E+00  0.1466055      6.3513756E-02  3.9733946E-02  2.8642202E-02
  2.1495411E-02
  0.0000000E+00  0.2403670      0.1077064      7.0559628E-02  5.2247703E-02
  0.0000000E+00  0.4436697      0.2107340      0.1477064    
  0.0000000E+00   1.000000      0.5298165    
  0.0000000E+00   3.358716    
   24.99083    
   10000.00    
  0.0000000E+00  1.4890310E-02  5.9890309E-03  3.3921390E-03  2.2084096E-03
  1.5502741E-03  1.1425960E-03  8.7166362E-04
  0.0000000E+00  1.8217551E-02  7.3537477E-03  4.1837292E-03  2.7349177E-03
  1.9277879E-03  1.4259598E-03  1.0914076E-03
  0.0000000E+00  2.2641681E-02  9.1773300E-03  5.2477145E-03  3.4488116E-03
  2.4433271E-03  1.8153564E-03  1.3948811E-03
  0.0000000E+00  2.8665446E-02  1.1672760E-02  6.7184642E-03  4.4433270E-03
  3.1672760E-03  2.3674590E-03  0.0000000E+00
  0.0000000E+00  3.7084095E-02  1.5191955E-02  8.8162702E-03  5.8793421E-03
  4.2239483E-03  3.1782449E-03  0.0000000E+00
  0.0000000E+00  4.9250454E-02  2.0347349E-02  1.1928702E-02  8.0411332E-03
  5.8354661E-03  4.4268738E-03  0.0000000E+00
  0.0000000E+00  6.7614257E-02  2.8235832E-02  1.6782450E-02  1.1480805E-02
  8.4405849E-03  6.4424132E-03  0.0000000E+00
  0.0000000E+00  9.6800730E-02  4.1023761E-02  2.4872027E-02  1.7358318E-02
  1.2952467E-02  9.6343691E-03
  0.0000000E+00  0.1467093      6.3482627E-02  3.9616086E-02  2.8418645E-02
  2.1060327E-02
  0.0000000E+00  0.2404022      0.1075868      7.0210233E-02  5.1389396E-02
  0.0000000E+00  0.4436929      0.2101462      0.1458866    
  0.0000000E+00   1.000000      0.5252285    
  0.0000000E+00   3.344607    
   24.92687    
   100000.0    
  0.0000000E+00  1.4936363E-02  6.0027270E-03  3.3936363E-03  2.2036363E-03
  1.5427272E-03  1.1327273E-03  8.6018175E-04
  0.0000000E+00  1.8272726E-02  7.3681814E-03  4.1836365E-03  2.7281819E-03
  1.9172727E-03  1.4127273E-03  1.0754545E-03
  0.0000000E+00  2.2709090E-02  9.1909086E-03  5.2472726E-03  3.4390909E-03
  2.4281819E-03  1.7963635E-03  1.3727272E-03
  0.0000000E+00  2.8736362E-02  1.1690909E-02  6.7154546E-03  4.4290908E-03
  3.1445455E-03  2.3381817E-03  0.0000000E+00
  0.0000000E+00  3.7163634E-02  1.5218181E-02  8.8090906E-03  5.8563636E-03
  4.1881818E-03  3.1327270E-03  0.0000000E+00
  0.0000000E+00  4.9363632E-02  2.0372726E-02  1.1918182E-02  8.0018183E-03
  5.7763634E-03  4.3481817E-03  0.0000000E+00
  0.0000000E+00  6.7754544E-02  2.8254544E-02  1.6754545E-02  1.1409091E-02
  8.3309086E-03  6.2854541E-03  0.0000000E+00
  0.0000000E+00  9.7000003E-02  4.1045453E-02  2.4809090E-02  1.7209090E-02
  1.2709090E-02  9.2727272E-03
  0.0000000E+00  0.1469091      6.3472725E-02  3.9436363E-02  2.8036362E-02
  2.0381816E-02
  0.0000000E+00  0.2408182      0.1074545      6.9627270E-02  5.0036360E-02
  0.0000000E+00  0.4442727      0.2093636      0.1430000    
  0.0000000E+00   1.000000      0.5181818    
  0.0000000E+00   3.325454    
   24.88182    
   1000000.    
  0.0000000E+00  1.5094509E-02  6.0441042E-03  3.4005402E-03  2.1953196E-03
  1.5265526E-03  1.1125113E-03  8.3789381E-04
  0.0000000E+00  1.8415842E-02  7.4059404E-03  4.1863187E-03  2.7146717E-03
  1.8946895E-03  1.3852385E-03  1.0459046E-03
  0.0000000E+00  2.2853287E-02  9.2259226E-03  5.2439240E-03  3.4176416E-03
  2.3960397E-03  1.7578759E-03  1.3303329E-03
  0.0000000E+00  2.8883887E-02  1.1728173E-02  6.7056706E-03  4.3960395E-03
  3.0990101E-03  2.2835282E-03  0.0000000E+00
  0.0000000E+00  3.7335735E-02  1.5247526E-02  8.7884795E-03  5.8055804E-03
  4.1179117E-03  3.0477047E-03  0.0000000E+00
  0.0000000E+00  4.9558956E-02  2.0396039E-02  1.1872187E-02  7.9189921E-03
  5.6615663E-03  4.2061205E-03  0.0000000E+00
  0.0000000E+00  6.8001799E-02  2.8280828E-02  1.6678669E-02  1.1260127E-02
  8.1242127E-03  6.0252026E-03  0.0000000E+00
  0.0000000E+00  9.7299725E-02  4.1053105E-02  2.4644464E-02  1.6912691E-02
  1.2286229E-02  8.7425746E-03
  0.0000000E+00  0.1474347      6.3411340E-02  3.9063908E-02  2.7344735E-02
  1.9351935E-02
  0.0000000E+00  0.2414041      0.1071107      6.8514854E-02  4.7920793E-02
  0.0000000E+00  0.4450945      0.2078308      0.1382538    
  0.0000000E+00   1.000000      0.5063006    
  0.0000000E+00   3.291629    
   25.17552    
  1.0000000E+07
  0.0000000E+00  1.5969886E-02  6.2905229E-03  3.4720991E-03  2.1984058E-03
  1.5004430E-03  1.0744021E-03  7.9654559E-04
  0.0000000E+00  1.9167405E-02  7.6049604E-03  4.2347210E-03  2.7023915E-03
  1.8556244E-03  1.3356954E-03  9.9291408E-04
  0.0000000E+00  2.3489814E-02  9.3888398E-03  5.2701505E-03  3.3870682E-03
  2.3392383E-03  1.6908769E-03  1.2595218E-03
  0.0000000E+00  2.9441984E-02  1.1860054E-02  6.7068199E-03  4.3410095E-03
  3.0159433E-03  2.1877768E-03  0.0000000E+00
  0.0000000E+00  3.7856512E-02  1.5358725E-02  8.7608509E-03  5.7139061E-03
  3.9929142E-03  2.9061118E-03  0.0000000E+00
  0.0000000E+00  5.0079715E-02  2.0487158E-02  1.1806909E-02  7.7670505E-03
  5.4623564E-03  3.9805137E-03  0.0000000E+00
  0.0000000E+00  6.8582818E-02  2.8343666E-02  1.6536757E-02  1.0992029E-02
  7.7803368E-03  5.6368466E-03  0.0000000E+00
  0.0000000E+00  9.8051377E-02  4.1071743E-02  2.4348982E-02  1.6403897E-02
  1.1629761E-02  8.0310013E-03
  0.0000000E+00  0.1483614      6.3303806E-02  3.8387954E-02  2.6217891E-02
  1.7936228E-02
  0.0000000E+00  0.2427812      0.1065545      6.6634193E-02  4.4898137E-02
  0.0000000E+00  0.4468556      0.2050487      0.1312666    
  0.0000000E+00   1.000000      0.4884854    
  0.0000000E+00   3.241807    
   27.66165    
  1.0000000E+08
  0.0000000E+00  2.0811044E-02  7.5867129E-03  3.8257120E-03  2.2545299E-03
  1.4572908E-03  1.0017257E-03  7.1915449E-04
  0.0000000E+00  2.3399483E-02  8.7489216E-03  4.5332182E-03  2.7256256E-03
  1.7868852E-03  1.2398619E-03  8.9646247E-04
  0.0000000E+00  2.7083695E-02  1.0353754E-02  5.4987059E-03  3.3684210E-03
  2.2372736E-03  1.5668680E-03  1.1389129E-03
  0.0000000E+00  3.2433134E-02  1.2622952E-02  6.8524592E-03  4.2691976E-03
  2.8688526E-03  2.0241588E-03  0.0000000E+00
  0.0000000E+00  4.0310614E-02  1.5927523E-02  8.8093188E-03  5.5677309E-03
  3.7791200E-03  2.6790337E-03  0.0000000E+00
  0.0000000E+00  5.2131150E-02  2.0888699E-02  1.1734255E-02  7.5107855E-03
  5.1371874E-03  3.6462469E-03  0.0000000E+00
  0.0000000E+00  7.0379645E-02  2.8593617E-02  1.6298534E-02  1.0552200E-02
  7.2528045E-03  5.1052631E-03  0.0000000E+00
  0.0000000E+00  9.9827439E-02  4.1138913E-02  2.3822263E-02  1.5582399E-02
  1.0690250E-02  7.1466784E-03
  0.0000000E+00  0.1503020      6.3062988E-02  3.7213113E-02  2.4521140E-02
  1.6125971E-02
  0.0000000E+00  0.2452114      0.1054357      6.3632444E-02  4.0888701E-02
  0.0000000E+00  0.4499569      0.2004314      0.1216566    
  0.0000000E+00   1.000000      0.4629853    
  0.0000000E+00   3.171700    
   31.69974    
  1.0000000E+09
  0.0000000E+00  3.1629447E-02  1.0140612E-02  4.5442516E-03  2.4408603E-03
  1.4681555E-03  9.5368072E-04  6.5566582E-04
  0.0000000E+00  3.5351530E-02  1.1546733E-02  5.2655088E-03  2.8701406E-03
  1.7468983E-03  1.1455748E-03  7.9288665E-04
  0.0000000E+00  3.9611250E-02  1.3275434E-02  6.1985110E-03  3.4425145E-03
  2.1265508E-03  1.4102564E-03  9.8428456E-04
  0.0000000E+00  4.4789083E-02  1.5500413E-02  7.4582300E-03  4.2390404E-03
  2.6633579E-03  1.7882547E-03  0.0000000E+00
  0.0000000E+00  5.1728699E-02  1.8560793E-02  9.2473123E-03  5.3928867E-03
  3.4499585E-03  2.3432591E-03  0.0000000E+00
  0.0000000E+00  6.2034737E-02  2.3068652E-02  1.1918942E-02  7.1339952E-03
  4.6393713E-03  3.1728703E-03  0.0000000E+00
  0.0000000E+00  7.8544252E-02  3.0148884E-02  1.6112490E-02  9.8759308E-03
  6.4946231E-03  4.4201822E-03  0.0000000E+00
  0.0000000E+00  0.1063689      4.1943755E-02  2.3076924E-02  1.4392059E-02
  9.4623659E-03  6.1232420E-03
  0.0000000E+00  0.1558313      6.2936306E-02  3.5442516E-02  2.2249792E-02
  1.3995037E-02
  0.0000000E+00  0.2503722      0.1036394      5.9379652E-02  3.6071133E-02
  0.0000000E+00  0.4551696      0.1933002      0.1095947    
  0.0000000E+00   1.000000      0.4299421    
  0.0000000E+00   3.081886    
   32.81224    
  1.0000000E+10
  0.0000000E+00  4.1539647E-02  1.2809854E-02  5.5319481E-03  2.8760585E-03
  1.6820632E-03  1.0669746E-03  7.1801385E-04
  0.0000000E+00  4.6712857E-02  1.4449577E-02  6.2594307E-03  3.2632793E-03
  1.9130100E-03  1.2155505E-03  8.1832183E-04
  0.0000000E+00  5.3418014E-02  1.6612779E-02  7.2324867E-03  3.7875290E-03
  2.2278677E-03  1.4195535E-03  9.5688988E-04
  0.0000000E+00  6.1947655E-02  1.9430330E-02  8.5296379E-03  4.5003849E-03
  2.6628177E-03  1.7028484E-03  0.0000000E+00
  0.0000000E+00  7.2640494E-02  2.3110086E-02  1.0292533E-02  5.4911468E-03
  3.2786760E-03  2.1100848E-03  0.0000000E+00
  0.0000000E+00  8.6143188E-02  2.8044650E-02  1.2763664E-02  6.9330251E-03
  4.1947654E-03  2.7197846E-03  0.0000000E+00
  0.0000000E+00  0.1040801      3.5034645E-02  1.6466513E-02  9.1685914E-03
  5.6343339E-03  3.6597382E-03  0.0000000E+00
  0.0000000E+00  0.1307159      4.5904543E-02  2.2486528E-02  1.2879139E-02
  7.9984600E-03  4.9907621E-03
  0.0000000E+00  0.1765974      6.4849883E-02  3.3194765E-02  1.9407237E-02
  1.1632024E-02
  0.0000000E+00  0.2665127      0.1018476      5.3887609E-02  3.0677443E-02
  0.0000000E+00  0.4664357      0.1835258      9.5765978E-02
  0.0000000E+00   1.000000      0.3901463    
  0.0000000E+00   2.970747    
   32.82525    
  9.9999998E+10
  0.0000000E+00  6.3299663E-02  1.9400673E-02  8.3232317E-03  4.3043769E-03
  2.5043769E-03  1.5804713E-03  1.0585858E-03
  0.0000000E+00  6.8821542E-02  2.1097643E-02  9.0572387E-03  4.6814815E-03
  2.7232321E-03  1.7178451E-03  1.1494949E-03
  0.0000000E+00  7.4410766E-02  2.2828283E-02  9.8047135E-03  5.0673401E-03
  2.9468013E-03  1.8579124E-03  1.2410774E-03
  0.0000000E+00  8.1481479E-02  2.5016833E-02  1.0747475E-02  5.5602691E-03
  3.2329967E-03  2.0363636E-03  0.0000000E+00
  0.0000000E+00  9.2053868E-02  2.8303031E-02  1.2181818E-02  6.3070706E-03
  3.6673399E-03  2.3057237E-03  0.0000000E+00
  0.0000000E+00  0.1080135      3.3333331E-02  1.4397305E-02  7.4680131E-03
  4.3447814E-03  2.7232321E-03  0.0000000E+00
  0.0000000E+00  0.1315151      4.0868685E-02  1.7771043E-02  9.2659928E-03
  5.3925924E-03  3.3488215E-03  0.0000000E+00
  0.0000000E+00  0.1657239      5.2235689E-02  2.3016835E-02  1.2107744E-02
  7.0303027E-03  4.1723903E-03
  0.0000000E+00  0.2178451      7.0370369E-02  3.1771041E-02  1.6902357E-02
  9.4949491E-03
  0.0000000E+00  0.3078114      0.1030303      4.8060607E-02  2.5144780E-02
  0.0000000E+00  0.4971044      0.1723232      8.0673397E-02
  0.0000000E+00   1.000000      0.3436364    
  0.0000000E+00   2.817508    
   32.37710    
  1.0000000E+12
  0.0000000E+00  7.3131211E-02  2.2383692E-02  9.5974915E-03  4.9550445E-03
  2.8802927E-03  1.8165186E-03  1.2153685E-03
  0.0000000E+00  8.8029265E-02  2.6941976E-02  1.1547308E-02  5.9592263E-03
  3.4610559E-03  2.1803451E-03  1.4568740E-03
  0.0000000E+00  0.1050706      3.2148458E-02  1.3768949E-02  7.1040252E-03
  4.1217981E-03  2.5927862E-03  1.7286985E-03
  0.0000000E+00  0.1228960      3.7590172E-02  1.6089911E-02  8.2906429E-03
  4.8055411E-03  3.0167277E-03  0.0000000E+00
  0.0000000E+00  0.1391532      4.2540513E-02  1.8196551E-02  9.3674855E-03
  5.4208054E-03  3.3894407E-03  0.0000000E+00
  0.0000000E+00  0.1526921      4.6675380E-02  1.9952953E-02  1.0256142E-02
  5.9121796E-03  3.6753791E-03  0.0000000E+00
  0.0000000E+00  0.1684266      5.1479351E-02  2.1991637E-02  1.1275484E-02
  6.4662830E-03  3.9566127E-03  0.0000000E+00
  0.0000000E+00  0.1968113      6.0167279E-02  2.5687402E-02  1.3120753E-02
  7.4176686E-03  4.2906427E-03
  0.0000000E+00  0.2493466      7.6424465E-02  3.2608468E-02  1.6492419E-02
  8.8499738E-03
  0.0000000E+00  0.3442237      0.1060638      4.5232620E-02  2.1913225E-02
  0.0000000E+00  0.5321485      0.1648197      6.8478830E-02
  0.0000000E+00   1.000000      0.2976999    
  0.0000000E+00   2.611605    
   30.96707    
  9.9999998E+12
  0.0000000E+00  5.5165146E-02  1.6886858E-02  7.2382293E-03  3.7350669E-03
  2.1714687E-03  1.3692903E-03  9.1602252E-04
  0.0000000E+00  6.9852427E-02  2.1377372E-02  9.1567114E-03  4.7259312E-03
  2.7438509E-03  1.7280394E-03  1.1546030E-03
  0.0000000E+00  8.9880534E-02  2.7494730E-02  1.1770906E-02  6.0681659E-03
  3.5207309E-03  2.2136332E-03  1.4750527E-03
  0.0000000E+00  0.1173577      3.5874911E-02  1.5344342E-02  7.9023195E-03
  4.5748418E-03  2.8706957E-03  0.0000000E+00
  0.0000000E+00  0.1544975      4.7189038E-02  2.0161631E-02  1.0368939E-02
  5.9908642E-03  3.7420939E-03  0.0000000E+00
  0.0000000E+00  0.2020731      6.1665494E-02  2.6307097E-02  1.3496135E-02
  7.7652847E-03  4.8172874E-03  0.0000000E+00
  0.0000000E+00  0.2548489      7.7652842E-02  3.3056922E-02  1.6897401E-02
  9.6521433E-03  5.8854530E-03  0.0000000E+00
  0.0000000E+00  0.2983837      9.0723820E-02  3.8510188E-02  1.9543217E-02
  1.0983837E-02  6.3070976E-03
  0.0000000E+00  0.3318693      0.1006325      4.2445537E-02  2.1201687E-02
  1.1236823E-02
  0.0000000E+00  0.3991567      0.1203443      5.0070275E-02  2.3633169E-02
  0.0000000E+00  0.5674632      0.1691145      6.6760369E-02
  0.0000000E+00   1.000000      0.2817287    
  0.0000000E+00   2.494027    
   29.69079    
  1.0000000E+14
  0.0000000E+00  2.8912421E-02  8.8496050E-03  3.7921753E-03  1.9580044E-03
  1.1380116E-03  7.1751617E-04  4.8007898E-04
  0.0000000E+00  3.7078250E-02  1.1347812E-02  4.8618093E-03  2.5089735E-03
  1.4563891E-03  9.1726490E-04  6.1270641E-04
  0.0000000E+00  4.8707828E-02  1.4897703E-02  6.3783205E-03  3.2878681E-03
  1.9077533E-03  1.1990309E-03  7.9899502E-04
  0.0000000E+00  6.5793253E-02  2.0100502E-02  8.6019384E-03  4.4292891E-03
  2.5646088E-03  1.6085787E-03  0.0000000E+00
  0.0000000E+00  9.1780335E-02  2.8033024E-02  1.1974158E-02  6.1557791E-03
  3.5552764E-03  2.2218234E-03  0.0000000E+00
  0.0000000E+00  0.1326992      4.0470209E-02  1.7263101E-02  8.8531952E-03
  5.0915293E-03  3.1568557E-03  0.0000000E+00
  0.0000000E+00  0.1986719      6.0498923E-02  2.5735823E-02  1.3146088E-02
  7.5053847E-03  4.5728646E-03  0.0000000E+00
  0.0000000E+00  0.3034817      9.2157222E-02  3.9052408E-02  1.9795407E-02
  1.1107323E-02  6.3675526E-03
  0.0000000E+00  0.4474157      0.1353554      5.6927498E-02  2.8356068E-02
  1.4976669E-02
  0.0000000E+00  0.5723259      0.1718593      7.1087584E-02  3.3345297E-02
  0.0000000E+00  0.6715721      0.1984925      7.7368990E-02
  0.0000000E+00   1.000000      0.2783561    
  0.0000000E+00   2.324121    
   27.18952    
