   100.0000    
  0.0000000E+00  1.3636618E-02  6.0302350E-03  3.8703808E-03  2.9031357E-03
  2.3754200E-03  2.0562711E-03  1.8561030E-03
  0.0000000E+00  1.6489360E-02  7.3516238E-03  4.7676368E-03  3.6212206E-03
  3.0025197E-03  2.6399775E-03  2.4258117E-03
  0.0000000E+00  2.0254759E-02  9.1209402E-03  5.9910412E-03  4.6164612E-03
  3.8941770E-03  3.4924410E-03  3.2866742E-03
  0.0000000E+00  2.5363943E-02  1.1552352E-02  7.7099660E-03  6.0526314E-03
  5.2183652E-03  4.8096306E-03  0.0000000E+00
  0.0000000E+00  3.2460805E-02  1.5005600E-02  1.0219765E-02  8.2208840E-03
  7.3068310E-03  7.0002796E-03  0.0000000E+00
  0.0000000E+00  4.2735163E-02  2.0128779E-02  1.4081746E-02  1.1709127E-02
  1.0874860E-02  1.1051231E-02  0.0000000E+00
  0.0000000E+00  5.8258679E-02  2.8149495E-02  2.0408735E-02  1.7833147E-02
  1.7749161E-02  1.9848824E-02  0.0000000E+00
  0.0000000E+00  8.3132699E-02  4.1601341E-02  3.1858902E-02  3.0151177E-02
  3.3748597E-02  4.3309070E-02
  0.0000000E+00  0.1261478      6.6601343E-02  5.5837061E-02  6.1044235E-02
  8.3230682E-02
  0.0000000E+00  0.2092665      0.1211646      0.1208847      0.1739922    
  0.0000000E+00  0.3997760      0.2807951      0.4098544    
  0.0000000E+00   1.000000       1.166433    
  0.0000000E+00   5.146976    
   33.87458    
   1000.000    
  0.0000000E+00  1.3653534E-02  6.0456018E-03  3.8815432E-03  2.9114948E-03
  2.3785753E-03  2.0534268E-03  1.8456557E-03
  0.0000000E+00  1.6513761E-02  7.3704799E-03  4.7814352E-03  3.6292498E-03
  3.0045870E-03  2.6335670E-03  2.4069075E-03
  0.0000000E+00  2.0291420E-02  9.1432808E-03  6.0078250E-03  4.6262820E-03
  3.8936860E-03  3.4794926E-03  3.2528332E-03
  0.0000000E+00  2.5391258E-02  1.1579870E-02  7.7293576E-03  6.0631409E-03
  5.2145170E-03  4.7827843E-03  0.0000000E+00
  0.0000000E+00  3.2514840E-02  1.5043173E-02  1.0245548E-02  8.2312468E-03
  7.2922283E-03  6.9347005E-03  0.0000000E+00
  0.0000000E+00  4.2795468E-02  2.0183485E-02  1.4112250E-02  1.1716136E-02
  1.0825688E-02  1.0868861E-02  0.0000000E+00
  0.0000000E+00  5.8337826E-02  2.8211011E-02  2.0453317E-02  1.7822450E-02
  1.7566109E-02  1.9198596E-02  0.0000000E+00
  0.0000000E+00  8.3243385E-02  4.1689150E-02  3.1894226E-02  3.0018887E-02
  3.2946572E-02  4.0259041E-02
  0.0000000E+00  0.1263357      6.6743121E-02  5.5801403E-02  6.0091745E-02
  7.8116566E-02
  0.0000000E+00  0.2095251      0.1213168      0.1198597      0.1650027    
  0.0000000E+00  0.4002968      0.2799514      0.3923368    
  0.0000000E+00   1.000000       1.127766    
  0.0000000E+00   5.036427    
   33.28386    
   10000.00    
  0.0000000E+00  1.3708349E-02  6.0775368E-03  3.9009249E-03  2.9203091E-03
  2.3780565E-03  2.0410491E-03  1.8167996E-03
  0.0000000E+00  1.6571645E-02  7.4065630E-03  4.8042568E-03  3.6399341E-03
  3.0013938E-03  2.6124413E-03  2.3603193E-03
  0.0000000E+00  2.0359812E-02  9.1866208E-03  6.0344609E-03  4.6370202E-03
  3.8844547E-03  3.4422905E-03  3.1736980E-03
  0.0000000E+00  2.5478270E-02  1.1633092E-02  7.7625741E-03  6.0724691E-03
  5.1932088E-03  4.7105029E-03  0.0000000E+00
  0.0000000E+00  3.2611176E-02  1.5114658E-02  1.0283795E-02  8.2351444E-03
  7.2393259E-03  6.7857597E-03  0.0000000E+00
  0.0000000E+00  4.2936780E-02  2.0271126E-02  1.4151780E-02  1.1701507E-02
  1.0695552E-02  1.0506778E-02  0.0000000E+00
  0.0000000E+00  5.8532879E-02  2.8328899E-02  2.0499175E-02  1.7737236E-02
  1.7192449E-02  1.8104650E-02  0.0000000E+00
  0.0000000E+00  8.3517045E-02  4.1859873E-02  3.1927023E-02  2.9671861E-02
  3.1546939E-02  3.6120612E-02
  0.0000000E+00  0.1266945      6.6970728E-02  5.5606231E-02  5.8355503E-02
  7.1050294E-02
  0.0000000E+00  0.2103129      0.1214874      0.1178513      0.1521601    
  0.0000000E+00  0.4016217      0.2779678      0.3672875    
  0.0000000E+00   1.000000       1.071329    
  0.0000000E+00   4.875206    
   32.44647    
   100000.0    
  0.0000000E+00  1.3855285E-02  6.1458573E-03  3.9385986E-03  2.9342617E-03
  2.3681808E-03  2.0063913E-03  1.7553070E-03
  0.0000000E+00  1.6731340E-02  7.4834512E-03  4.8447843E-03  3.6498515E-03
  2.9810546E-03  2.5576353E-03  2.2654645E-03
  0.0000000E+00  2.0531842E-02  9.2741381E-03  6.0785208E-03  4.6427757E-03
  3.8472954E-03  3.3519743E-03  3.0187173E-03
  0.0000000E+00  2.5690481E-02  1.1732481E-02  7.8110020E-03  6.0682492E-03
  5.1232600E-03  4.5548961E-03  0.0000000E+00
  0.0000000E+00  3.2869209E-02  1.5236247E-02  1.0338963E-02  8.2093133E-03
  7.1045426E-03  6.4893859E-03  0.0000000E+00
  0.0000000E+00  4.3266378E-02  2.0429125E-02  1.4209085E-02  1.1618352E-02
  1.0405159E-02  9.8653268E-03  0.0000000E+00
  0.0000000E+00  5.8970556E-02  2.8543713E-02  2.0543255E-02  1.7518831E-02
  1.6468843E-02  1.6434604E-02  0.0000000E+00
  0.0000000E+00  8.4136039E-02  4.2136498E-02  3.1864870E-02  2.8943164E-02
  2.9285552E-02  3.0734992E-02
  0.0000000E+00  0.1277106      6.7313395E-02  5.5067334E-02  5.5375483E-02
  6.1595529E-02
  0.0000000E+00  0.2117096      0.1216617      0.1142433      0.1346724    
  0.0000000E+00  0.4040174      0.2742524      0.3322301    
  0.0000000E+00   1.000000      0.9917827    
  0.0000000E+00   4.648482    
   31.39694    
   1000000.    
  0.0000000E+00  1.4310511E-02  6.3510127E-03  4.0472513E-03  2.9768564E-03
  2.3548699E-03  1.9431051E-03  1.6460945E-03
  0.0000000E+00  1.7174542E-02  7.6798457E-03  4.9402118E-03  3.6721311E-03
  2.9363548E-03  2.4493732E-03  2.0973962E-03
  0.0000000E+00  2.1002892E-02  9.4734812E-03  6.1639342E-03  4.6383799E-03
  3.7589201E-03  3.1774349E-03  2.7550627E-03
  0.0000000E+00  2.6200579E-02  1.1947927E-02  7.8881392E-03  6.0279653E-03
  4.9633556E-03  4.2632595E-03  0.0000000E+00
  0.0000000E+00  3.3461910E-02  1.5486982E-02  1.0405014E-02  8.1070391E-03
  6.8129217E-03  5.9729991E-03  0.0000000E+00
  0.0000000E+00  4.3992285E-02  2.0723240E-02  1.4252652E-02  1.1398264E-02
  9.8360656E-03  8.8553512E-03  0.0000000E+00
  0.0000000E+00  5.9922855E-02  2.8891033E-02  2.0501448E-02  1.6981678E-02
  1.5226615E-02  1.4156220E-02  0.0000000E+00
  0.0000000E+00  8.5448407E-02  4.2565089E-02  3.1581484E-02  2.7540982E-02
  2.5998071E-02  2.4619093E-02
  0.0000000E+00  0.1296046      6.7743488E-02  5.3809065E-02  5.0752170E-02
  5.0520733E-02
  0.0000000E+00  0.2147541      0.1214079      0.1081003      0.1135005    
  0.0000000E+00  0.4086789      0.2675024      0.2885246    
  0.0000000E+00   1.000000      0.8904532    
  0.0000000E+00   4.360656    
   31.02218    
  1.0000000E+07
  0.0000000E+00  1.6738007E-02  7.4760146E-03  4.6221400E-03  3.2324721E-03
  2.4110700E-03  1.8715867E-03  1.4944649E-03
  0.0000000E+00  1.9143913E-02  8.5756462E-03  5.3881919E-03  3.8428046E-03
  2.9195570E-03  2.3040592E-03  1.8649447E-03
  0.0000000E+00  2.2664206E-02  1.0191882E-02  6.4959405E-03  4.7136531E-03
  3.6428042E-03  2.9202951E-03  2.3948341E-03
  0.0000000E+00  2.7690036E-02  1.2553506E-02  8.1107011E-03  5.9859776E-03
  4.7055348E-03  3.8309963E-03  0.0000000E+00
  0.0000000E+00  3.4922507E-02  1.6022140E-02  1.0523985E-02  7.9040593E-03
  6.3291513E-03  5.2376385E-03  0.0000000E+00
  0.0000000E+00  4.5542438E-02  2.1232473E-02  1.4236162E-02  1.0929889E-02
  8.9372694E-03  7.5276755E-03  0.0000000E+00
  0.0000000E+00  6.1741699E-02  2.9409593E-02  2.0258304E-02  1.6000001E-02
  1.3431733E-02  1.1512915E-02  0.0000000E+00
  0.0000000E+00  8.7822877E-02  4.3070111E-02  3.0797048E-02  2.5276754E-02
  2.1896679E-02  1.8619927E-02
  0.0000000E+00  0.1329151      6.8022139E-02  5.1394835E-02  4.4509228E-02
  3.9247233E-02
  0.0000000E+00  0.2196310      0.1202214      9.9040598E-02  9.0996310E-02
  0.0000000E+00  0.4157196      0.2563837      0.2402214    
  0.0000000E+00   1.000000      0.7749078    
  0.0000000E+00   4.031734    
   32.95941    
  1.0000000E+08
  0.0000000E+00  3.2542620E-02  1.2347784E-02  6.3468097E-03  3.8056504E-03
  2.5080370E-03  1.7608377E-03  1.2942036E-03
  0.0000000E+00  3.2362398E-02  1.2985874E-02  6.9946419E-03  4.3424256E-03
  2.9386263E-03  2.1066731E-03  1.5742816E-03
  0.0000000E+00  3.3122260E-02  1.3989284E-02  7.9055037E-03  5.0949827E-03
  3.5445688E-03  2.5962007E-03  1.9717487E-03
  0.0000000E+00  3.5684362E-02  1.5640525E-02  9.2450064E-03  6.1763274E-03
  4.4223089E-03  3.3097905E-03  0.0000000E+00
  0.0000000E+00  4.1061863E-02  1.8392595E-02  1.1300536E-02  7.8129563E-03
  5.7428149E-03  4.3877251E-03  0.0000000E+00
  0.0000000E+00  5.0560154E-02  2.2985874E-02  1.4568924E-02  1.0384803E-02
  7.8324396E-03  6.0886508E-03  0.0000000E+00
  0.0000000E+00  6.6244520E-02  3.0672187E-02  2.0000000E-02  1.4676084E-02
  1.1329761E-02  8.9040427E-03  0.0000000E+00
  0.0000000E+00  9.2450067E-02  4.3877255E-02  2.9542133E-02  2.2338040E-02
  1.7588895E-02  1.3487579E-02
  0.0000000E+00  0.1384803      6.8095468E-02  4.7783729E-02  3.7384313E-02
  2.9196298E-02
  0.0000000E+00  0.2272284      0.1177789      8.7676570E-02  7.0043840E-02
  0.0000000E+00  0.4259133      0.2410132      0.1930346    
  0.0000000E+00   1.000000      0.6570871    
  0.0000000E+00   3.700925    
   33.77496    
  1.0000000E+09
  0.0000000E+00  5.9347715E-02  1.8939395E-02  8.4514646E-03  4.5300466E-03
  2.7247046E-03  1.7729842E-03  1.2221367E-03
  0.0000000E+00  6.2121212E-02  2.0205446E-02  9.1705192E-03  4.9871597E-03
  3.0380071E-03  1.9989728E-03  1.3906009E-03
  0.0000000E+00  6.4817674E-02  2.1712892E-02  1.0107859E-02  5.6137647E-03
  3.4797126E-03  2.3233180E-03  1.6358501E-03
  0.0000000E+00  6.7360044E-02  2.3564458E-02  1.1371341E-02  6.4997436E-03
  4.1242940E-03  2.8043145E-03  0.0000000E+00
  0.0000000E+00  7.0159227E-02  2.6040062E-02  1.3186955E-02  7.8197224E-03
  5.1027224E-03  3.5439138E-03  0.0000000E+00
  0.0000000E+00  7.4884437E-02  2.9763740E-02  1.5970724E-02  9.8844375E-03
  6.6538267E-03  4.7175144E-03  0.0000000E+00
  0.0000000E+00  8.5105292E-02  3.6004111E-02  2.0523883E-02  1.3281973E-02
  9.2116073E-03  6.6153058E-03  0.0000000E+00
  0.0000000E+00  0.1069081      4.7252186E-02  2.8479712E-02  1.9219311E-02
  1.3618387E-02  9.5095020E-03
  0.0000000E+00  0.1506934      6.8977915E-02  4.3605551E-02  3.0380074E-02
  2.1155626E-02
  0.0000000E+00  0.2393683      0.1142527      7.5449415E-02  5.2516691E-02
  0.0000000E+00  0.4391372      0.2222650      0.1513354    
  0.0000000E+00   1.000000      0.5477659    
  0.0000000E+00   3.394967    
   33.15357    
  1.0000000E+10
  0.0000000E+00  9.1397852E-02  2.8220920E-02  1.2209189E-02  6.3597267E-03
  3.7282505E-03  2.3704791E-03  1.5982406E-03
  0.0000000E+00  9.2150539E-02  2.8553277E-02  1.2385142E-02  6.4731184E-03
  3.8035191E-03  2.4232650E-03  1.6373412E-03
  0.0000000E+00  9.5552303E-02  2.9755622E-02  1.2981428E-02  6.8123168E-03
  4.0195505E-03  2.5689150E-03  1.7399804E-03
  0.0000000E+00  0.1015640      3.1906158E-02  1.4027371E-02  7.4183773E-03
  4.4046920E-03  2.8299121E-03  0.0000000E+00
  0.0000000E+00  0.1102639      3.5122193E-02  1.5659824E-02  8.3773220E-03
  5.0244378E-03  3.2531768E-03  0.0000000E+00
  0.0000000E+00  0.1216031      3.9687198E-02  1.8093841E-02  9.8631484E-03
  6.0087978E-03  3.9305962E-03  0.0000000E+00
  0.0000000E+00  0.1360704      4.6275660E-02  2.1867059E-02  1.2277615E-02
  7.6353867E-03  5.0371457E-03  0.0000000E+00
  0.0000000E+00  0.1562072      5.6598242E-02  2.8211145E-02  1.6461389E-02
  1.0459433E-02  6.7194528E-03
  0.0000000E+00  0.1918866      7.5053766E-02  3.9980449E-02  2.4281524E-02
  1.5200390E-02
  0.0000000E+00  0.2699902      0.1130987      6.4125128E-02  3.8993161E-02
  0.0000000E+00  0.4610948      0.2031281      0.1175953    
  0.0000000E+00   1.000000      0.4535680    
  0.0000000E+00   3.130010    
   32.54155    
