   100.0000    
  0.0000000E+00  1.4500286E-02  6.0879495E-03  3.6242148E-03  2.4842946E-03
  1.8338093E-03  1.4186179E-03  1.1330668E-03
  0.0000000E+00  1.7692747E-02  7.4585951E-03  4.4711595E-03  3.0839520E-03
  2.2912621E-03  1.7829811E-03  1.4340377E-03
  0.0000000E+00  2.1924615E-02  9.2975441E-03  5.6145061E-03  3.9023415E-03
  2.9217589E-03  2.2924044E-03  1.8583667E-03
  0.0000000E+00  2.7664192E-02  1.1821817E-02  7.2015990E-03  5.0542546E-03
  3.8223870E-03  3.0296973E-03  0.0000000E+00
  0.0000000E+00  3.5676755E-02  1.5385494E-02  9.4860084E-03  6.7390059E-03
  5.1621930E-03  4.1473443E-03  0.0000000E+00
  0.0000000E+00  4.7264419E-02  2.0616790E-02  1.2906910E-02  9.3203885E-03
  7.2701313E-03  5.9451740E-03  0.0000000E+00
  0.0000000E+00  6.4762995E-02  2.8680753E-02  1.8320959E-02  1.3540834E-02
  1.0822386E-02  9.0748146E-03  0.0000000E+00
  0.0000000E+00  9.2575669E-02  4.1907482E-02  2.7561394E-02  2.1067962E-02
  1.7458595E-02  1.4762993E-02
  0.0000000E+00  0.1403198      6.5562539E-02  4.5065675E-02  3.6293544E-02
  3.1159338E-02
  0.0000000E+00  0.2308395      0.1134209      8.4009133E-02  7.2815530E-02
  0.0000000E+00  0.4307253      0.2319817      0.1955454    
  0.0000000E+00   1.000000      0.6539120    
  0.0000000E+00   3.700742    
   26.56197    
   1000.000    
  0.0000000E+00  1.4510807E-02  6.0921498E-03  3.6251422E-03  2.4823663E-03
  1.8310579E-03  1.4141069E-03  1.1279864E-03
  0.0000000E+00  1.7707622E-02  7.4630263E-03  4.4715586E-03  3.0813424E-03
  2.2866894E-03  1.7770194E-03  1.4260523E-03
  0.0000000E+00  2.1939704E-02  9.3060294E-03  5.6143347E-03  3.8987487E-03
  2.9158134E-03  2.2838453E-03  1.8464163E-03
  0.0000000E+00  2.7679183E-02  1.1825939E-02  7.2013647E-03  5.0489190E-03
  3.8128553E-03  3.0159273E-03  0.0000000E+00
  0.0000000E+00  3.5699658E-02  1.5392491E-02  9.4823660E-03  6.7292373E-03
  5.1473263E-03  4.1245734E-03  0.0000000E+00
  0.0000000E+00  4.7292378E-02  2.0625710E-02  1.2901024E-02  9.3060294E-03
  7.2411830E-03  5.9044366E-03  0.0000000E+00
  0.0000000E+00  6.4789534E-02  2.8686006E-02  1.8310579E-02  1.3509670E-02
  1.0767918E-02  8.9704208E-03  0.0000000E+00
  0.0000000E+00  9.2662118E-02  4.1911259E-02  2.7536971E-02  2.0995449E-02
  1.7303754E-02  1.4436860E-02
  0.0000000E+00  0.1403868      6.5529011E-02  4.4994310E-02  3.6075085E-02
  3.0580202E-02
  0.0000000E+00  0.2309442      0.1133675      8.3674625E-02  7.1729235E-02
  0.0000000E+00  0.4308305      0.2316268      0.1933447    
  0.0000000E+00   1.000000      0.6490330    
  0.0000000E+00   3.685438    
   26.48464    
   10000.00    
  0.0000000E+00  1.4542372E-02  6.1016949E-03  3.6276835E-03  2.4802261E-03
  1.8254236E-03  1.4062147E-03  1.1175141E-03
  0.0000000E+00  1.7740112E-02  7.4802260E-03  4.4740112E-03  3.0779659E-03
  2.2790958E-03  1.7655367E-03  1.4112995E-03
  0.0000000E+00  2.1977400E-02  9.3163839E-03  5.6163841E-03  3.8932203E-03
  2.9045197E-03  2.2666666E-03  1.8248587E-03
  0.0000000E+00  2.7734464E-02  1.1841808E-02  7.2033899E-03  5.0401129E-03
  3.7954801E-03  2.9903955E-03  0.0000000E+00
  0.0000000E+00  3.5762709E-02  1.5406779E-02  9.4802259E-03  6.7118644E-03
  5.1186439E-03  4.0813559E-03  0.0000000E+00
  0.0000000E+00  4.7367230E-02  2.0649716E-02  1.2892655E-02  9.2768362E-03
  7.1920902E-03  5.8192089E-03  0.0000000E+00
  0.0000000E+00  6.4858757E-02  2.8711865E-02  1.8293785E-02  1.3457627E-02
  1.0661017E-02  8.7853111E-03  0.0000000E+00
  0.0000000E+00  9.2768356E-02  4.1937854E-02  2.7491527E-02  2.0870056E-02
  1.7039547E-02  1.3926554E-02
  0.0000000E+00  0.1405650      6.5536723E-02  4.4858757E-02  3.5689265E-02
  2.9666666E-02
  0.0000000E+00  0.2312429      0.1132768      8.3163835E-02  6.9943503E-02
  0.0000000E+00  0.4312994      0.2309604      0.1896610    
  0.0000000E+00   1.000000      0.6401130    
  0.0000000E+00   3.661582    
   26.36723    
   100000.0    
  0.0000000E+00  1.4617532E-02  6.1250697E-03  3.6337243E-03  2.4762703E-03
  1.8140704E-03  1.3897264E-03  1.0971525E-03
  0.0000000E+00  1.7822444E-02  7.5041875E-03  4.4790618E-03  3.0709100E-03
  2.2629816E-03  1.7431602E-03  1.3830262E-03
  0.0000000E+00  2.2071470E-02  9.3467338E-03  5.6225574E-03  3.8816305E-03
  2.8810720E-03  2.2339474E-03  1.7828029E-03
  0.0000000E+00  2.7839195E-02  1.1876047E-02  7.2026798E-03  5.0206590E-03
  3.7599108E-03  2.9396985E-03  0.0000000E+00
  0.0000000E+00  3.5890564E-02  1.5449469E-02  9.4751539E-03  6.6834171E-03
  5.0608600E-03  3.9983252E-03  0.0000000E+00
  0.0000000E+00  4.7526523E-02  2.0692350E-02  1.2881072E-02  9.2238970E-03
  7.0910105E-03  5.6728087E-03  0.0000000E+00
  0.0000000E+00  6.5103292E-02  2.8766051E-02  1.8263539E-02  1.3344501E-02
  1.0463428E-02  8.4701283E-03  0.0000000E+00
  0.0000000E+00  9.3076490E-02  4.1993301E-02  2.7403686E-02  2.0614183E-02
  1.6560581E-02  1.3165829E-02
  0.0000000E+00  0.1409827      6.5605812E-02  4.4589613E-02  3.4974873E-02
  2.8252373E-02
  0.0000000E+00  0.2318816      0.1131770      8.2132883E-02  6.7169175E-02
  0.0000000E+00  0.4321608      0.2297041      0.1838079    
  0.0000000E+00   1.000000      0.6264657    
  0.0000000E+00   3.621999    
   26.23674    
   1000000.    
  0.0000000E+00  1.4841356E-02  6.1980309E-03  3.6559082E-03  2.4715536E-03
  1.7932167E-03  1.3583151E-03  1.0590809E-03
  0.0000000E+00  1.8036107E-02  7.5711161E-03  4.4945297E-03  3.0574400E-03
  2.2314005E-03  1.6985778E-03  1.3304157E-03
  0.0000000E+00  2.2286652E-02  9.4146617E-03  5.6291032E-03  3.8566741E-03
  2.8336984E-03  2.1701313E-03  1.7073305E-03
  0.0000000E+00  2.8068928E-02  1.1942013E-02  7.2045950E-03  4.9786656E-03
  3.6876369E-03  2.8440922E-03  0.0000000E+00
  0.0000000E+00  3.6148798E-02  1.5514224E-02  9.4638951E-03  6.6137859E-03
  4.9469364E-03  3.8468272E-03  0.0000000E+00
  0.0000000E+00  4.7839172E-02  2.0765865E-02  1.2844640E-02  9.0973750E-03
  6.8927789E-03  5.4097376E-03  0.0000000E+00
  0.0000000E+00  6.5481402E-02  2.8840262E-02  1.8172868E-02  1.3118163E-02
  1.0098469E-02  7.9649892E-03  0.0000000E+00
  0.0000000E+00  9.3599573E-02  4.2056896E-02  2.7193656E-02  2.0131292E-02
  1.5765864E-02  1.2078775E-02
  0.0000000E+00  0.1417396      6.5590814E-02  4.4026259E-02  3.3730857E-02
  2.6187090E-02
  0.0000000E+00  0.2329322      0.1128009      8.0251642E-02  6.3019700E-02
  0.0000000E+00  0.4336981      0.2272429      0.1746718    
  0.0000000E+00   1.000000      0.6039388    
  0.0000000E+00   3.559081    
   26.48797    
  1.0000000E+07
  0.0000000E+00  1.6058201E-02  6.6084657E-03  3.8084658E-03  2.5063492E-03
  1.7693121E-03  1.3052910E-03  9.9312176E-04
  0.0000000E+00  1.9063491E-02  7.9047624E-03  4.6074074E-03  3.0650795E-03
  2.1841270E-03  1.6232805E-03  1.2417990E-03
  0.0000000E+00  2.3169313E-02  9.6878307E-03  5.7037040E-03  3.8322750E-03
  2.7544973E-03  2.0619049E-03  1.5846562E-03
  0.0000000E+00  2.8857144E-02  1.2169312E-02  7.2380956E-03  4.9126986E-03
  3.5624339E-03  2.6846561E-03  0.0000000E+00
  0.0000000E+00  3.6899470E-02  1.5714286E-02  9.4550261E-03  6.4867730E-03
  4.7470899E-03  3.6005292E-03  0.0000000E+00
  0.0000000E+00  4.8613757E-02  2.0936508E-02  1.2772487E-02  8.8730156E-03
  6.5608467E-03  5.0058202E-03  0.0000000E+00
  0.0000000E+00  6.6349208E-02  2.8994707E-02  1.7989419E-02  1.2703704E-02
  9.5026456E-03  7.2486768E-03  0.0000000E+00
  0.0000000E+00  9.4656087E-02  4.2164020E-02  2.6777780E-02  1.9296298E-02
  1.4576720E-02  1.0693122E-02
  0.0000000E+00  0.1432275      6.5502651E-02  4.2989418E-02  3.1761903E-02
  2.3465609E-02
  0.0000000E+00  0.2350794      0.1120635      7.7089943E-02  5.7301588E-02
  0.0000000E+00  0.4366667      0.2229630      0.1618519    
  0.0000000E+00   1.000000      0.5719577    
  0.0000000E+00   3.469841    
   29.01587    
  1.0000000E+08
  0.0000000E+00  2.3186373E-02  8.6623244E-03  4.4463929E-03  2.6598196E-03
  1.7429859E-03  1.2134268E-03  8.8176352E-04
  0.0000000E+00  2.5175352E-02  9.7344695E-03  5.1703406E-03  3.1718437E-03
  2.1177353E-03  1.4944889E-03  1.0966933E-03
  0.0000000E+00  2.8231462E-02  1.1237475E-02  6.1573149E-03  3.8742486E-03
  2.6337674E-03  1.8827654E-03  1.3937876E-03
  0.0000000E+00  3.2965932E-02  1.3411824E-02  7.5651300E-03  4.8677353E-03
  3.3647295E-03  2.4328658E-03  0.0000000E+00
  0.0000000E+00  4.0230460E-02  1.6658315E-02  9.6242484E-03  6.3176351E-03
  4.4318638E-03  3.2344689E-03  0.0000000E+00
  0.0000000E+00  5.1402804E-02  2.1618238E-02  1.2745491E-02  8.5220439E-03
  6.0521038E-03  4.4428860E-03  0.0000000E+00
  0.0000000E+00  6.8837672E-02  2.9443888E-02  1.7705411E-02  1.2029058E-02
  8.6372746E-03  6.3176351E-03  0.0000000E+00
  0.0000000E+00  9.7094186E-02  4.2364731E-02  2.6032064E-02  1.7990982E-02
  1.2965932E-02  9.0781562E-03
  0.0000000E+00  0.1459920      6.5280564E-02  4.1212425E-02  2.8942885E-02
  2.0190381E-02
  0.0000000E+00  0.2386273      0.1105210      7.2294593E-02  5.0200399E-02
  0.0000000E+00  0.4411823      0.2157816      0.1451403    
  0.0000000E+00   1.000000      0.5285571    
  0.0000000E+00   3.348196    
   32.28457    
  1.0000000E+09
  0.0000000E+00  3.8562901E-02  1.2364555E-02  5.5463728E-03  2.9811754E-03
  1.7956842E-03  1.1689623E-03  8.0532598E-04
  0.0000000E+00  4.2190082E-02  1.3806244E-02  6.3085398E-03  3.4449038E-03
  2.1023876E-03  1.3833792E-03  9.6097338E-04
  0.0000000E+00  4.6097338E-02  1.5528007E-02  7.2819102E-03  4.0619834E-03
  2.5211202E-03  1.6813590E-03  1.1799816E-03
  0.0000000E+00  5.0505050E-02  1.7685950E-02  8.5812667E-03  4.9173553E-03
  3.1170798E-03  2.1111111E-03  0.0000000E+00
  0.0000000E+00  5.6244262E-02  2.0619834E-02  1.0431589E-02  6.1707986E-03
  3.9990819E-03  2.7506887E-03  0.0000000E+00
  0.0000000E+00  6.4967863E-02  2.4967860E-02  1.3213958E-02  8.0762161E-03
  5.3535355E-03  3.7258952E-03  0.0000000E+00
  0.0000000E+00  7.9797983E-02  3.1910010E-02  1.7635446E-02  1.1120293E-02
  7.5022955E-03  5.2295686E-03  0.0000000E+00
  0.0000000E+00  0.1058770      4.3760329E-02  2.5119375E-02  1.6244261E-02
  1.1042241E-02  7.3645548E-03
  0.0000000E+00  0.1534435      6.5335169E-02  3.8714416E-02  2.5431590E-02
  1.6671259E-02
  0.0000000E+00  0.2457759      0.1081267      6.5886132E-02  4.2332415E-02
  0.0000000E+00  0.4485767      0.2054178      0.1258035    
  0.0000000E+00   1.000000      0.4765840    
  0.0000000E+00   3.204316    
   32.86501    
  1.0000000E+10
  0.0000000E+00  5.3579953E-02  1.6527446E-02  7.1360380E-03  3.7120129E-03
  2.1714401E-03  1.3778839E-03  9.2760538E-04
  0.0000000E+00  5.8512330E-02  1.8098647E-02  7.8400960E-03  4.0891012E-03
  2.3977724E-03  1.5242641E-03  1.0270486E-03
  0.0000000E+00  6.5115355E-02  2.0254575E-02  8.8186152E-03  4.6221162E-03
  2.7199681E-03  1.7342879E-03  1.1706444E-03
  0.0000000E+00  7.3667467E-02  2.3114558E-02  1.0151153E-02  5.3579952E-03
  3.1746221E-03  2.0334129E-03  0.0000000E+00
  0.0000000E+00  8.4287986E-02  2.6849641E-02  1.1964996E-02  6.3961814E-03
  3.8269691E-03  2.4693715E-03  0.0000000E+00
  0.0000000E+00  9.7374707E-02  3.1801909E-02  1.4514718E-02  7.9116942E-03
  4.8050913E-03  3.1300716E-03  0.0000000E+00
  0.0000000E+00  0.1140414      3.8735084E-02  1.8329356E-02  1.0278440E-02
  6.3683372E-03  4.1726334E-03  0.0000000E+00
  0.0000000E+00  0.1382657      4.9482897E-02  2.4594272E-02  1.4276055E-02
  8.9856805E-03  5.6921239E-03
  0.0000000E+00  0.1806285      6.8456642E-02  3.5918854E-02  2.1475736E-02
  1.3166268E-02
  0.0000000E+00  0.2667462      0.1063246      5.8353219E-02  3.4367543E-02
  0.0000000E+00  0.4638027      0.1923628      0.1056484    
  0.0000000E+00   1.000000      0.4192522    
  0.0000000E+00   3.044153    
   32.69292    
  9.9999998E+10
  0.0000000E+00  9.1288231E-02  2.7982701E-02  1.2011122E-02  6.2094536E-03
  3.6144580E-03  2.2808155E-03  1.5279581E-03
  0.0000000E+00  9.5922150E-02  2.9409949E-02  1.2622800E-02  6.5276492E-03
  3.7967258E-03  2.3957370E-03  1.6033364E-03
  0.0000000E+00  9.9289469E-02  3.0457215E-02  1.3080013E-02  6.7624347E-03
  3.9326539E-03  2.4806922E-03  1.6577078E-03
  0.0000000E+00  0.1037689      3.1850480E-02  1.3691691E-02  7.0837196E-03
  4.1211001E-03  2.5956132E-03  0.0000000E+00
  0.0000000E+00  0.1121409      3.4507263E-02  1.4850170E-02  7.6923082E-03
  4.4763675E-03  2.8155700E-03  0.0000000E+00
  0.0000000E+00  0.1266296      3.9110288E-02  1.6892185E-02  8.7704668E-03
  5.1065804E-03  3.2035839E-03  0.0000000E+00
  0.0000000E+00  0.1491196      4.6370097E-02  2.0185357E-02  1.0537535E-02
  6.1445786E-03  3.8214396E-03  0.0000000E+00
  0.0000000E+00  0.1823911      5.7584185E-02  2.5430957E-02  1.3407477E-02
  7.8127906E-03  4.6524564E-03
  0.0000000E+00  0.2327773      7.5594686E-02  3.4291010E-02  1.8347235E-02
  1.0370715E-02
  0.0000000E+00  0.3188137      0.1082175      5.1065806E-02  2.7052827E-02
  0.0000000E+00  0.5016991      0.1787458      8.5665740E-02
  0.0000000E+00   1.000000      0.3583565    
  0.0000000E+00   2.844609    
   32.06673    
  1.0000000E+12
  0.0000000E+00  0.1005143      3.0781407E-02  1.3192879E-02  6.8130568E-03
  3.9604353E-03  2.4985163E-03  1.6718101E-03
  0.0000000E+00  0.1227102      3.7566766E-02  1.6096935E-02  8.3086053E-03
  4.8269043E-03  3.0405540E-03  2.0316520E-03
  0.0000000E+00  0.1472997      4.5064293E-02  1.9307617E-02  9.9604353E-03
  5.7804156E-03  3.6360042E-03  2.4253216E-03
  0.0000000E+00  0.1706429      5.2205738E-02  2.2354105E-02  1.1519288E-02
  6.6765579E-03  4.1918894E-03  0.0000000E+00
  0.0000000E+00  0.1870623      5.7210684E-02  2.4470821E-02  1.2603363E-02
  7.2898124E-03  4.5618201E-03  0.0000000E+00
  0.0000000E+00  0.1945994      5.9485659E-02  2.5440158E-02  1.3078141E-02
  7.5430269E-03  4.6904059E-03  0.0000000E+00
  0.0000000E+00  0.2021761      6.1780415E-02  2.6409496E-02  1.3545006E-02
  7.7705244E-03  4.7576660E-03  0.0000000E+00
  0.0000000E+00  0.2237389      6.8447083E-02  2.9238379E-02  1.4947577E-02
  8.4609305E-03  4.9000992E-03
  0.0000000E+00  0.2714145      8.3264098E-02  3.5588529E-02  1.8023741E-02
  9.6894167E-03
  0.0000000E+00  0.3620178      0.1118694      4.7814045E-02  2.3244314E-02
  0.0000000E+00  0.5438181      0.1696934      7.0959441E-02
  0.0000000E+00   1.000000      0.3028685    
  0.0000000E+00   2.599407    
   30.42532    
  9.9999998E+12
  0.0000000E+00  5.9136048E-02  1.8103277E-02  7.7586891E-03  4.0059583E-03
  2.3286990E-03  1.4677260E-03  9.8232378E-04
  0.0000000E+00  7.7586889E-02  2.3743793E-02  1.0168819E-02  5.2492553E-03
  3.0476663E-03  1.9195630E-03  1.2830188E-03
  0.0000000E+00  0.1038729      3.1767625E-02  1.3604767E-02  7.0129097E-03
  4.0675271E-03  2.5580933E-03  1.7050646E-03
  0.0000000E+00  0.1414101      4.3217476E-02  1.8490566E-02  9.5233358E-03
  5.5153919E-03  3.4597814E-03  0.0000000E+00
  0.0000000E+00  0.1937438      5.9175771E-02  2.5292948E-02  1.3008937E-02
  7.5143990E-03  4.6961275E-03  0.0000000E+00
  0.0000000E+00  0.2605760      7.9523340E-02  3.3932474E-02  1.7408144E-02
  1.0019861E-02  6.2174778E-03  0.0000000E+00
  0.0000000E+00  0.3278054      9.9900693E-02  4.2542204E-02  2.1747764E-02
  1.2432969E-02  7.5819264E-03  0.0000000E+00
  0.0000000E+00  0.3657398      0.1112215      4.7219463E-02  2.3982126E-02
  1.3485600E-02  7.7487584E-03
  0.0000000E+00  0.3789474      0.1149950      4.8510425E-02  2.4260180E-02
  1.2859980E-02
  0.0000000E+00  0.4287984      0.1294935      5.3902682E-02  2.5481628E-02
  0.0000000E+00  0.5837140      0.1743793      6.8967223E-02
  0.0000000E+00   1.000000      0.2831182    
  0.0000000E+00   2.456802    
   28.94737    
  1.0000000E+14
  0.0000000E+00  2.0575326E-02  6.2986366E-03  2.6993682E-03  1.3937480E-03
  8.0977718E-04  5.1080808E-04  3.4153642E-04
  0.0000000E+00  2.7519124E-02  8.4203528E-03  3.6082475E-03  1.8613237E-03
  1.0808115E-03  6.8074494E-04  4.5460594E-04
  0.0000000E+00  3.8011305E-02  1.1619554E-02  4.9750581E-03  2.5650151E-03
  1.4875291E-03  9.3548390E-04  6.2354509E-04
  0.0000000E+00  5.4472897E-02  1.6647823E-02  7.1200537E-03  3.6681078E-03
  2.1233789E-03  1.3318922E-03  0.0000000E+00
  0.0000000E+00  8.1509814E-02  2.4895243E-02  1.0635184E-02  5.4672435E-03
  3.1589624E-03  1.9733955E-03  0.0000000E+00
  0.0000000E+00  0.1278351      3.9008982E-02  1.6634520E-02  8.5300962E-03
  4.9085468E-03  3.0432327E-03  0.0000000E+00
  0.0000000E+00  0.2090123      6.3651480E-02  2.7083471E-02  1.3834387E-02
  7.8982376E-03  4.8154308E-03  0.0000000E+00
  0.0000000E+00  0.3455271      0.1049551      4.4496179E-02  2.2554040E-02
  1.2657133E-02  7.2597275E-03
  0.0000000E+00  0.5264383      0.1592617      6.7010313E-02  3.3388760E-02
  1.7642168E-02
  0.0000000E+00  0.6415032      0.1927835      7.9780512E-02  3.7445962E-02
  0.0000000E+00  0.7046891      0.2084137      8.1343532E-02
  0.0000000E+00   1.000000      0.2788826    
  0.0000000E+00   2.266046    
   26.21550    
