   100.0000    
  0.0000000E+00  1.5631994E-02  5.3554974E-03  2.6132325E-03  1.4983542E-03
  9.4535883E-04  6.3627388E-04  4.4897961E-04
  0.0000000E+00  1.9236339E-02  6.5898621E-03  3.2185649E-03  1.8469389E-03
  1.1658986E-03  7.8538508E-04  5.5431208E-04
  0.0000000E+00  2.4042133E-02  8.2389731E-03  4.0289662E-03  2.3136933E-03
  1.4621462E-03  9.8518759E-04  6.9519423E-04
  0.0000000E+00  3.0608954E-02  1.0490454E-02  5.1349574E-03  2.9535880E-03
  1.8683344E-03  1.2593812E-03  0.0000000E+00
  0.0000000E+00  3.9828833E-02  1.3653720E-02  6.6919024E-03  3.8545094E-03
  2.4417380E-03  1.6454904E-03  0.0000000E+00
  0.0000000E+00  5.3192891E-02  1.8242264E-02  8.9598419E-03  5.1711653E-03
  3.2774853E-03  2.2047400E-03  0.0000000E+00
  0.0000000E+00  7.3370636E-02  2.5174456E-02  1.2396313E-02  7.1691903E-03
  4.5424621E-03  3.0292957E-03  0.0000000E+00
  0.0000000E+00  0.1053983      3.6175113E-02  1.7873602E-02  1.0355498E-02
  6.5240287E-03  4.1507571E-03
  0.0000000E+00  0.1596116      5.4838710E-02  2.7185649E-02  1.5720868E-02
  9.5128370E-03
  0.0000000E+00  0.2598420      8.9269258E-02  4.4338379E-02  2.4851875E-02
  0.0000000E+00  0.4693878      0.1607307      7.8176439E-02
  0.0000000E+00   1.000000      0.3317972    
  0.0000000E+00   2.849901    
   23.10731    
   1000.000    
  0.0000000E+00  1.5633430E-02  5.3570252E-03  2.6127014E-03  1.4975321E-03
  9.4471860E-04  6.3573546E-04  4.4850277E-04
  0.0000000E+00  1.9233301E-02  6.5909838E-03  3.2178347E-03  1.8460019E-03
  1.1651859E-03  7.8446860E-04  5.5347150E-04
  0.0000000E+00  2.4040803E-02  8.2395524E-03  4.0276404E-03  2.3126029E-03
  1.4610069E-03  9.8420528E-04  6.9430732E-04
  0.0000000E+00  3.0608753E-02  1.0490292E-02  5.1332675E-03  2.9522870E-03
  1.8667325E-03  1.2579795E-03  0.0000000E+00
  0.0000000E+00  3.9815728E-02  1.3652517E-02  6.6897003E-03  3.8532412E-03
  2.4396181E-03  1.6433037E-03  0.0000000E+00
  0.0000000E+00  5.3175386E-02  1.8239552E-02  8.9568933E-03  5.1694633E-03
  3.2741032E-03  2.2007239E-03  0.0000000E+00
  0.0000000E+00  7.3379405E-02  2.5169464E-02  1.2392234E-02  7.1635405E-03
  4.5376769E-03  3.0213885E-03  0.0000000E+00
  0.0000000E+00  0.1053965      3.6163211E-02  1.7867720E-02  1.0345507E-02
  6.5120100E-03  4.1296477E-03
  0.0000000E+00  0.1596249      5.4820664E-02  2.7173411E-02  1.5699243E-02
  9.4702207E-03
  0.0000000E+00  0.2598223      8.9239880E-02  4.4323787E-02  2.4771305E-02
  0.0000000E+00  0.4695624      0.1606779      7.7986173E-02
  0.0000000E+00   1.000000      0.3313590    
  0.0000000E+00   2.848305    
   23.10299    
   10000.00    
  0.0000000E+00  1.5634868E-02  5.3585526E-03  2.6125000E-03  1.4970396E-03
  9.4375003E-04  6.3453952E-04  4.4736842E-04
  0.0000000E+00  1.9240132E-02  6.5921056E-03  3.2174343E-03  1.8450659E-03
  1.1641447E-03  7.8322372E-04  5.5197370E-04
  0.0000000E+00  2.4046052E-02  8.2401317E-03  4.0263156E-03  2.3111841E-03
  1.4592105E-03  9.8223682E-04  6.9210533E-04
  0.0000000E+00  3.0615132E-02  1.0490132E-02  5.1315790E-03  2.9503291E-03
  1.8644737E-03  1.2552631E-03  0.0000000E+00
  0.0000000E+00  3.9835528E-02  1.3654605E-02  6.6907899E-03  3.8519737E-03
  2.4358553E-03  1.6391448E-03  0.0000000E+00
  0.0000000E+00  5.3190794E-02  1.8240131E-02  8.9539476E-03  5.1644738E-03
  3.2684209E-03  2.1934211E-03  0.0000000E+00
  0.0000000E+00  7.3388159E-02  2.5171053E-02  1.2388159E-02  7.1578948E-03
  4.5263162E-03  3.0072369E-03  0.0000000E+00
  0.0000000E+00  0.1054276      3.6184210E-02  1.7858552E-02  1.0332237E-02
  6.4868424E-03  4.0953946E-03
  0.0000000E+00  0.1596711      5.4835528E-02  2.7151316E-02  1.5664475E-02
  9.4078956E-03
  0.0000000E+00  0.2599013      8.9243419E-02  4.4243421E-02  2.4644738E-02
  0.0000000E+00  0.4694079      0.1605921      7.7730268E-02
  0.0000000E+00   1.000000      0.3309211    
  0.0000000E+00   2.846710    
   23.09868    
   100000.0    
  0.0000000E+00  1.5644312E-02  5.3583169E-03  2.6117687E-03  1.4950690E-03
  9.4148581E-04  6.3247862E-04  4.4543060E-04
  0.0000000E+00  1.9247206E-02  6.5943454E-03  3.2163048E-03  1.8428664E-03
  1.1614069E-03  7.8040763E-04  5.4930965E-04
  0.0000000E+00  2.4056541E-02  8.2412884E-03  4.0236684E-03  2.3083496E-03
  1.4556212E-03  9.7863248E-04  6.8836292E-04
  0.0000000E+00  3.0627877E-02  1.0493096E-02  5.1314919E-03  2.9460881E-03
  1.8596319E-03  1.2498356E-03  0.0000000E+00
  0.0000000E+00  3.9842207E-02  1.3655489E-02  6.6863904E-03  3.8461536E-03
  2.4286653E-03  1.6308349E-03  0.0000000E+00
  0.0000000E+00  5.3221561E-02  1.8244576E-02  8.9480598E-03  5.1545035E-03
  3.2570676E-03  2.1801444E-03  0.0000000E+00
  0.0000000E+00  7.3405653E-02  2.5170939E-02  1.2376726E-02  7.1400390E-03
  4.5069032E-03  2.9825771E-03  0.0000000E+00
  0.0000000E+00  0.1054569      3.6160417E-02  1.7836949E-02  1.0302432E-02
  6.4464170E-03  4.0433924E-03
  0.0000000E+00  0.1597304      5.4799475E-02  2.7110454E-02  1.5598290E-02
  9.3063768E-03
  0.0000000E+00  0.2599934      8.9184739E-02  4.4148583E-02  2.4437869E-02
  0.0000000E+00  0.4697567      0.1604208      7.7251807E-02
  0.0000000E+00   1.000000      0.3297173    
  0.0000000E+00   2.843524    
   23.12295    
   1000000.    
  0.0000000E+00  1.5689429E-02  5.3644120E-03  2.6099803E-03  1.4911359E-03
  9.3729486E-04  6.2803680E-04  4.4090609E-04
  0.0000000E+00  1.9284308E-02  6.5988181E-03  3.2133944E-03  1.8378200E-03
  1.1559422E-03  7.7478663E-04  5.4366386E-04
  0.0000000E+00  2.4090610E-02  8.2468810E-03  4.0216679E-03  2.3017072E-03
  1.4484570E-03  9.7110966E-04  6.8089302E-04
  0.0000000E+00  3.0656599E-02  1.0495732E-02  5.1247538E-03  2.9369665E-03
  1.8496389E-03  1.2393303E-03  0.0000000E+00
  0.0000000E+00  3.9888378E-02  1.3657255E-02  6.6776099E-03  3.8312541E-03
  2.4143138E-03  1.6155613E-03  0.0000000E+00
  0.0000000E+00  5.3250164E-02  1.8243598E-02  8.9363102E-03  5.1346025E-03
  3.2347341E-03  2.1559421E-03  0.0000000E+00
  0.0000000E+00  7.3440574E-02  2.5167432E-02  1.2353906E-02  7.1109654E-03
  4.4681551E-03  2.9399213E-03  0.0000000E+00
  0.0000000E+00  0.1055154      3.6178593E-02  1.7797111E-02  1.0242942E-02
  6.3755745E-03  3.9625741E-03
  0.0000000E+00  0.1597833      5.4793172E-02  2.7022325E-02  1.5472750E-02
  9.1464212E-03
  0.0000000E+00  0.2601116      8.9100458E-02  4.3926463E-02  2.4100460E-02
  0.0000000E+00  0.4697964      0.1600460      7.6460928E-02
  0.0000000E+00   1.000000      0.3275771    
  0.0000000E+00   2.837820    
   23.40446    
  1.0000000E+07
  0.0000000E+00  1.6026858E-02  5.4077958E-03  2.6082543E-03  1.4808385E-03
  9.2597445E-04  6.1775302E-04  4.3170655E-04
  0.0000000E+00  1.9561088E-02  6.6295448E-03  3.2086472E-03  1.8257451E-03
  1.1428103E-03  7.6252868E-04  5.3291844E-04
  0.0000000E+00  2.4310516E-02  8.2705533E-03  4.0124469E-03  2.2866034E-03
  1.4326891E-03  9.5578120E-04  6.6688500E-04
  0.0000000E+00  3.0828694E-02  1.0510973E-02  5.1097283E-03  2.9177859E-03
  1.8290207E-03  1.2194563E-03  0.0000000E+00
  0.0000000E+00  4.0026207E-02  1.3665248E-02  6.6590239E-03  3.8060923E-03
  2.3858501E-03  1.5879463E-03  0.0000000E+00
  0.0000000E+00  5.3357355E-02  1.8244350E-02  8.9059938E-03  5.0966260E-03
  3.1929249E-03  2.1143139E-03  0.0000000E+00
  0.0000000E+00  7.3566981E-02  2.5158860E-02  1.2305928E-02  7.0488048E-03
  4.4022277E-03  2.8722568E-03  0.0000000E+00
  0.0000000E+00  0.1056338      3.6128398E-02  1.7713726E-02  1.0134295E-02
  6.2561417E-03  3.8453978E-03
  0.0000000E+00  0.1599410      5.4700296E-02  2.6858829E-02  1.5253848E-02
  8.9092702E-03
  0.0000000E+00  0.2603341      8.8896170E-02  4.3530952E-02  2.3576811E-02
  0.0000000E+00  0.4700295      0.1593842      7.5204715E-02
  0.0000000E+00   1.000000      0.3241729    
  0.0000000E+00   2.828366    
   25.55192    
  1.0000000E+08
  0.0000000E+00  1.7552219E-02  5.7049608E-03  2.6488248E-03  1.4644256E-03
  8.9882506E-04  5.9203658E-04  4.1024803E-04
  0.0000000E+00  2.1015013E-02  6.8798955E-03  3.2294386E-03  1.7992819E-03
  1.1096606E-03  7.3302875E-04  5.0815922E-04
  0.0000000E+00  2.5636422E-02  8.4660575E-03  4.0143603E-03  2.2506528E-03
  1.3936032E-03  9.2167099E-04  6.3870754E-04
  0.0000000E+00  3.1981070E-02  1.0656006E-02  5.0946474E-03  2.8717362E-03
  1.7826371E-03  1.1791775E-03  0.0000000E+00
  0.0000000E+00  4.0959530E-02  1.3759791E-02  6.6220625E-03  3.7467363E-03
  2.3286554E-03  1.5372062E-03  0.0000000E+00
  0.0000000E+00  5.4112270E-02  1.8293079E-02  8.8479109E-03  5.0163181E-03
  3.1161881E-03  2.0456919E-03  0.0000000E+00
  0.0000000E+00  7.4118793E-02  2.5166448E-02  1.2212793E-02  6.9321147E-03
  4.2885118E-03  2.7705613E-03  0.0000000E+00
  0.0000000E+00  0.1060705      3.6096606E-02  1.7555485E-02  9.9477815E-03
  6.0704960E-03  3.6879897E-03
  0.0000000E+00  0.1603786      5.4569192E-02  2.6556788E-02  1.4902089E-02
  8.5802870E-03
  0.0000000E+00  0.2608029      8.8544384E-02  4.2852480E-02  2.2826370E-02
  0.0000000E+00  0.4706266      0.1582245      7.3335506E-02
  0.0000000E+00   1.000000      0.3189948    
  0.0000000E+00   2.814621    
   31.18146    
  1.0000000E+09
  0.0000000E+00  2.0473871E-02  6.4135022E-03  2.8244078E-03  1.4946447E-03
  8.8704965E-04  5.6962023E-04  3.8721194E-04
  0.0000000E+00  2.4271341E-02  7.6501137E-03  3.3982473E-03  1.8101266E-03
  1.0804933E-03  6.9652707E-04  4.7484585E-04
  0.0000000E+00  2.9182084E-02  9.2567345E-03  4.1544954E-03  2.2327169E-03
  1.3414475E-03  8.6854916E-04  5.9331389E-04
  0.0000000E+00  3.5735149E-02  1.1411879E-02  5.1833824E-03  2.8146706E-03
  1.7023694E-03  1.1067835E-03  0.0000000E+00
  0.0000000E+00  4.4758193E-02  1.4414151E-02  6.6374554E-03  3.6416748E-03
  2.2168127E-03  1.4436871E-03  0.0000000E+00
  0.0000000E+00  5.7773452E-02  1.8779617E-02  8.7763714E-03  4.8588119E-03
  2.9685167E-03  1.9272963E-03  0.0000000E+00
  0.0000000E+00  7.7345014E-02  2.5446283E-02  1.2041545E-02  6.7088609E-03
  4.0928270E-03  2.6170074E-03  0.0000000E+00
  0.0000000E+00  0.1086985      3.6157094E-02  1.7254138E-02  9.6202530E-03
  5.7903277E-03  3.4826354E-03
  0.0000000E+00  0.1623499      5.4365464E-02  2.6033755E-02  1.4362220E-02
  8.1434594E-03
  0.0000000E+00  0.2623174      8.7893538E-02  4.1772150E-02  2.1814346E-02
  0.0000000E+00  0.4719247      0.1562804      7.0723787E-02
  0.0000000E+00   1.000000      0.3114898    
  0.0000000E+00   2.795196    
   33.85265    
  1.0000000E+10
  0.0000000E+00  2.3129821E-02  7.1111824E-03  3.0639460E-03  1.5896528E-03
  9.2769921E-04  5.8708224E-04  3.9428018E-04
  0.0000000E+00  2.7512852E-02  8.4736496E-03  3.6568125E-03  1.8997430E-03
  1.1098972E-03  7.0276344E-04  4.7172236E-04
  0.0000000E+00  3.3226222E-02  1.0253856E-02  4.4376603E-03  2.3107326E-03
  1.3521852E-03  8.5700513E-04  5.7519274E-04
  0.0000000E+00  4.0745500E-02  1.2615681E-02  5.4852180E-03  2.8663238E-03
  1.6815553E-03  1.0671593E-03  0.0000000E+00
  0.0000000E+00  5.0835475E-02  1.5822623E-02  6.9215936E-03  3.6375320E-03
  2.1426736E-03  1.3615038E-03  0.0000000E+00
  0.0000000E+00  6.4942159E-02  2.0318123E-02  8.9717219E-03  4.7525708E-03
  2.8110538E-03  1.7856683E-03  0.0000000E+00
  0.0000000E+00  8.5571975E-02  2.6915167E-02  1.2037274E-02  6.4331619E-03
  3.8174808E-03  2.4032777E-03  0.0000000E+00
  0.0000000E+00  0.1175450      3.7210796E-02  1.6899100E-02  9.1098966E-03
  5.3727501E-03  3.2024421E-03
  0.0000000E+00  0.1708869      5.4627251E-02  2.5163881E-02  1.3531490E-02
  7.5610536E-03
  0.0000000E+00  0.2692159      8.6953722E-02  4.0102828E-02  2.0469151E-02
  0.0000000E+00  0.4762211      0.1531812      6.7191519E-02
  0.0000000E+00   1.000000      0.3011247    
  0.0000000E+00   2.767995    
   34.28663    
  9.9999998E+10
  0.0000000E+00  2.7496086E-02  8.4225349E-03  3.6150233E-03  1.8676056E-03
  1.0860719E-03  6.8544596E-04  4.5884191E-04
  0.0000000E+00  3.2081377E-02  9.8278560E-03  4.2159623E-03  2.1780906E-03
  1.2663538E-03  7.9843501E-04  5.3395925E-04
  0.0000000E+00  3.7840374E-02  1.1596244E-02  4.9733962E-03  2.5690140E-03
  1.4926448E-03  9.4021909E-04  6.2754302E-04
  0.0000000E+00  4.5508604E-02  1.3940532E-02  5.9812204E-03  3.0885758E-03
  1.7931141E-03  1.1273866E-03  0.0000000E+00
  0.0000000E+00  5.6150232E-02  1.7208137E-02  7.3865415E-03  3.8153364E-03
  2.2118934E-03  1.3871675E-03  0.0000000E+00
  0.0000000E+00  7.1361504E-02  2.1896712E-02  9.4084507E-03  4.8607197E-03
  2.8137714E-03  1.7552425E-03  0.0000000E+00
  0.0000000E+00  9.3708917E-02  2.8801251E-02  1.2403755E-02  6.4100157E-03
  3.6995304E-03  2.2779342E-03  0.0000000E+00
  0.0000000E+00  0.1278873      3.9374024E-02  1.7023474E-02  8.8012516E-03
  5.0328639E-03  2.9361502E-03
  0.0000000E+00  0.1837559      5.6525823E-02  2.4585288E-02  1.2660407E-02
  6.8920185E-03
  0.0000000E+00  0.2845696      8.7042250E-02  3.7934270E-02  1.8729264E-02
  0.0000000E+00  0.4901409      0.1483568      6.2316116E-02
  0.0000000E+00   1.000000      0.2853208    
  0.0000000E+00   2.711424    
   34.11581    
  1.0000000E+12
  0.0000000E+00  3.0859834E-02  9.4493516E-03  4.0488807E-03  2.0915782E-03
  1.2155477E-03  7.6649000E-04  5.1295641E-04
  0.0000000E+00  3.7190810E-02  1.1381037E-02  4.8763249E-03  2.5167842E-03
  1.4614252E-03  9.2049467E-04  6.1513542E-04
  0.0000000E+00  4.5023557E-02  1.3769140E-02  5.8981152E-03  3.0418138E-03
  1.7641343E-03  1.1095406E-03  7.3969376E-04
  0.0000000E+00  5.4623086E-02  1.6704947E-02  7.1495879E-03  3.6837454E-03
  2.1339811E-03  1.3392225E-03  0.0000000E+00
  0.0000000E+00  6.6519439E-02  2.0323910E-02  8.6896354E-03  4.4729095E-03
  2.5851002E-03  1.6163134E-03  0.0000000E+00
  0.0000000E+00  8.1684336E-02  2.4944050E-02  1.0653710E-02  5.4711420E-03
  3.1507656E-03  1.9570081E-03  0.0000000E+00
  0.0000000E+00  0.1029741      3.1419314E-02  1.3398116E-02  6.8580681E-03
  3.9252061E-03  2.3975265E-03  0.0000000E+00
  0.0000000E+00  0.1363074      4.1519433E-02  1.7664900E-02  8.9899879E-03
  5.0647818E-03  2.9169610E-03
  0.0000000E+00  0.1920495      5.8362778E-02  2.4720259E-02  1.2411661E-02
  6.6048289E-03
  0.0000000E+00  0.2921672      8.8162541E-02  3.6925796E-02  1.7570671E-02
  0.0000000E+00  0.4964665      0.1458186      5.7979975E-02
  0.0000000E+00   1.000000      0.2669611    
  0.0000000E+00   2.619258    
   33.30389    
  9.9999998E+12
  0.0000000E+00  3.0496845E-02  9.3329679E-03  3.9994512E-03  2.0653307E-03
  1.2001098E-03  7.5679383E-04  5.0617621E-04
  0.0000000E+00  3.7551470E-02  1.1490530E-02  4.9217679E-03  2.5399397E-03
  1.4748834E-03  9.2890474E-04  6.2036788E-04
  0.0000000E+00  4.6884436E-02  1.4337085E-02  6.1377990E-03  3.1649740E-03
  1.8353006E-03  1.1539940E-03  7.6887186E-04
  0.0000000E+00  5.9319243E-02  1.8130662E-02  7.7545978E-03  3.9939610E-03
  2.3126544E-03  1.4504530E-03  0.0000000E+00
  0.0000000E+00  7.6036237E-02  2.3222620E-02  9.9231405E-03  5.1001920E-03
  2.9453747E-03  1.8407907E-03  0.0000000E+00
  0.0000000E+00  9.8462813E-02  3.0030195E-02  1.2813616E-02  6.5715071E-03
  3.7798518E-03  2.3444963E-03  0.0000000E+00
  0.0000000E+00  0.1280538      3.9006315E-02  1.6598957E-02  8.4792757E-03
  4.8421635E-03  2.9508648E-03  0.0000000E+00
  0.0000000E+00  0.1665660      5.0617624E-02  2.1463081E-02  1.0886632E-02
  6.1130938E-03  3.5080977E-03
  0.0000000E+00  0.2205874      6.6785619E-02  2.8108703E-02  1.4029646E-02
  7.4197096E-03
  0.0000000E+00  0.3151249      9.4674721E-02  3.9225914E-02  1.8443592E-02
  0.0000000E+00  0.5116662      0.1508921      5.8934949E-02
  0.0000000E+00   1.000000      0.2712600    
  0.0000000E+00   2.629701    
   33.18694    
  1.0000000E+14
  0.0000000E+00  2.6470587E-02  8.1035299E-03  3.4729412E-03  1.7929412E-03
  1.0418823E-03  6.5694121E-04  4.3952942E-04
  0.0000000E+00  3.2800000E-02  1.0035294E-02  4.2988234E-03  2.2181177E-03
  1.2877646E-03  8.1105885E-04  5.4188236E-04
  0.0000000E+00  4.1317649E-02  1.2635294E-02  5.4094116E-03  2.7882352E-03
  1.6171765E-03  1.0167059E-03  6.7741179E-04
  0.0000000E+00  5.3035293E-02  1.6209412E-02  6.9341180E-03  3.5694118E-03
  2.0670588E-03  1.2964706E-03  0.0000000E+00
  0.0000000E+00  6.9600001E-02  2.1251764E-02  9.0800002E-03  4.6682353E-03
  2.6964706E-03  1.6837647E-03  0.0000000E+00
  0.0000000E+00  9.3623534E-02  2.8541176E-02  1.2176472E-02  6.2447055E-03
  3.5905882E-03  2.2263529E-03  0.0000000E+00
  0.0000000E+00  0.1293412      3.9388236E-02  1.6750589E-02  8.5552949E-03
  4.8823529E-03  2.9741176E-03  0.0000000E+00
  0.0000000E+00  0.1833176      5.5670589E-02  2.3576472E-02  1.1950588E-02
  6.7035300E-03  3.8423529E-03
  0.0000000E+00  0.2640000      7.9835296E-02  3.3552941E-02  1.6715294E-02
  8.8211773E-03
  0.0000000E+00  0.3785883      0.1136471      4.6964705E-02  2.2011764E-02
  0.0000000E+00  0.5590588      0.1648471      6.4117648E-02
  0.0000000E+00   1.000000      0.2764706    
  0.0000000E+00   2.578824    
   32.07059    
