   100.0000    
  4.0527239E-02  1.4309314E-02  7.3391912E-03  4.6010544E-03  3.2024605E-03
  2.3718805E-03  1.8316344E-03  1.4586995E-03
  4.9244288E-02  1.7458700E-02  9.0087866E-03  5.6836559E-03  3.9753951E-03
  2.9627415E-03  2.3015817E-03  1.8435852E-03
  6.0702983E-02  2.1630932E-02  1.1240773E-02  7.1423552E-03  5.0333920E-03
  3.7785587E-03  2.9567662E-03  2.3862917E-03
  7.6098420E-02  2.7293498E-02  1.4302284E-02  9.1704745E-03  6.5237256E-03
  4.9384884E-03  3.9015817E-03  0.0000000E+00
  9.7398944E-02  3.5184532E-02  1.8643234E-02  1.2084358E-02  8.6959573E-03
  6.6678380E-03  5.3356765E-03  0.0000000E+00
  0.1276977      4.6608087E-02  2.5026362E-02  1.6460456E-02  1.2031634E-02
  9.3743410E-03  7.6309312E-03  0.0000000E+00
  0.1725483      6.3831285E-02  3.4885764E-02  2.3402460E-02  1.7469244E-02
  1.3929701E-02  1.1592267E-02  0.0000000E+00
  0.2421793      9.1282949E-02  5.1107205E-02  3.5254832E-02  2.7142355E-02
  2.2372583E-02  1.8748682E-02
  0.3574693      0.1383480      8.0210894E-02  5.7680141E-02  4.6608087E-02
  3.9648507E-02
  0.5648506      0.2278032      0.1395431      0.1075220      9.2864677E-02
  0.9869947      0.4263620      0.2876274      0.2493146    
   2.024605       1.000000      0.8189806    
   5.627417       3.824253    
   34.20387    
   1000.000    
  4.0540542E-02  1.4320815E-02  7.3464378E-03  4.6051252E-03  3.2018253E-03
  2.3699545E-03  1.8290629E-03  1.4548965E-03
  4.9245350E-02  1.7472800E-02  9.0136901E-03  5.6826957E-03  3.9768340E-03
  2.9603371E-03  2.2979993E-03  1.8385400E-03
  6.0723063E-02  2.1646192E-02  1.1246052E-02  7.1428572E-03  5.0333450E-03
  3.7732539E-03  2.9512111E-03  2.3783785E-03
  7.6131985E-02  2.7311338E-02  1.4310285E-02  9.1716396E-03  6.5215868E-03
  4.9350653E-03  3.8961042E-03  0.0000000E+00
  9.7437702E-02  3.5205334E-02  1.8652158E-02  1.2084942E-02  8.6942790E-03
  6.6584768E-03  5.3176554E-03  0.0000000E+00
  0.1277290      4.6647947E-02  2.5036857E-02  1.6461916E-02  1.2021763E-02
  9.3576703E-03  7.5991577E-03  0.0000000E+00
  0.1725869      6.3882068E-02  3.4899965E-02  2.3397684E-02  1.7451739E-02
  1.3892594E-02  1.1516321E-02  0.0000000E+00
  0.2422604      9.1330290E-02  5.1140752E-02  3.5240438E-02  2.7097227E-02
  2.2263953E-02  1.8469639E-02
  0.3576694      0.1384345      8.0238685E-02  5.7634261E-02  4.6472449E-02
  3.9171644E-02
  0.5651106      0.2279396      0.1395226      0.1073008      9.1962092E-02
  0.9873641      0.4264655      0.2873991      0.2474903    
   2.025623       1.000000      0.8146718    
   5.630046       3.811864    
   34.14532    
   10000.00    
  4.0532026E-02  1.4340217E-02  7.3538683E-03  4.6062302E-03  3.2005601E-03
  2.3661184E-03  1.8232414E-03  1.4476724E-03
  4.9282465E-02  1.7493876E-02  9.0234512E-03  5.6842845E-03  3.9726989E-03
  2.9548479E-03  2.2898146E-03  1.8281415E-03
  6.0728040E-02  2.1673085E-02  1.1256563E-02  7.1438574E-03  5.0297519E-03
  3.7661884E-03  2.9394471E-03  2.3626182E-03
  7.6163813E-02  2.7343368E-02  1.4322717E-02  9.1704596E-03  6.5138261E-03
  4.9212463E-03  3.8746940E-03  0.0000000E+00
  9.7479880E-02  3.5246763E-02  1.8662935E-02  1.2086105E-02  8.6839348E-03
  6.6363318E-03  5.2887644E-03  0.0000000E+00
  0.1277914      4.6692338E-02  2.5054254E-02  1.6457824E-02  1.2002101E-02
  9.3209660E-03  7.5393771E-03  0.0000000E+00
  0.1726636      6.3948207E-02  3.4917749E-02  2.3388170E-02  1.7413372E-02
  1.3815192E-02  1.1372069E-02  0.0000000E+00
  0.2423871      9.1424569E-02  5.1137559E-02  3.5211761E-02  2.7007351E-02
  2.2061605E-02  1.8032901E-02
  0.3577179      0.1385369      8.0259018E-02  5.7542879E-02  4.6167310E-02
  3.8396921E-02
  0.5656283      0.2281064      0.1394820      0.1068953      9.0514533E-02
  0.9880995      0.4266714      0.2869444      0.2445222    
   2.026952       1.000000      0.8078404    
   5.631782       3.794190    
   34.04620    
   100000.0    
  4.0627178E-02  1.4383275E-02  7.3693376E-03  4.6097562E-03  3.1986064E-03
  2.3592336E-03  1.8125436E-03  1.4337979E-03
  4.9337979E-02  1.7543554E-02  9.0418123E-03  5.6898957E-03  3.9721257E-03
  2.9449477E-03  2.2749128E-03  1.8083623E-03
  6.0836237E-02  2.1731708E-02  1.1278746E-02  7.1498258E-03  5.0243903E-03
  3.7526132E-03  2.9170732E-03  2.3331011E-03
  7.6306619E-02  2.7414635E-02  1.4351916E-02  9.1776997E-03  6.5052263E-03
  4.8989546E-03  3.8432055E-03  0.0000000E+00
  9.7630665E-02  3.5331011E-02  1.8700348E-02  1.2090593E-02  8.6655058E-03
  6.5993033E-03  5.2299653E-03  0.0000000E+00
  0.1279791      4.6794426E-02  2.5097562E-02  1.6459931E-02  1.1968641E-02
  9.2543559E-03  7.4285711E-03  0.0000000E+00
  0.1729617      6.4076655E-02  3.4982581E-02  2.3376307E-02  1.7344948E-02
  1.3675959E-02  1.1128920E-02  0.0000000E+00
  0.2427875      9.1637626E-02  5.1219512E-02  3.5156798E-02  2.6839722E-02
  2.1703834E-02  1.7379791E-02
  0.3581882      0.1388502      8.0313593E-02  5.7386760E-02  4.5644600E-02
  3.7212543E-02
  0.5665505      0.2285714      0.1394774      0.1062021      8.8222995E-02
  0.9898955      0.4275261      0.2861672      0.2397909    
   2.031010       1.000000      0.7968642    
   5.641115       3.763067    
   33.89896    
   1000000.    
  4.0843125E-02  1.4464410E-02  7.4015204E-03  4.6199034E-03  3.1924674E-03
  2.3434693E-03  1.7899103E-03  1.4056669E-03
  4.9550798E-02  1.7636489E-02  9.0774018E-03  5.6979959E-03  3.9599175E-03
  2.9229440E-03  2.2432618E-03  1.7691776E-03
  6.1057359E-02  2.1841742E-02  1.1319973E-02  7.1561853E-03  5.0069112E-03
  3.7180374E-03  2.8718037E-03  2.2760886E-03
  7.6537661E-02  2.7546648E-02  1.4398756E-02  9.1810636E-03  6.4789220E-03
  4.8514167E-03  3.7733244E-03  0.0000000E+00
  9.7892195E-02  3.5521772E-02  1.8756047E-02  1.2087077E-02  8.6212847E-03
  6.5203873E-03  5.1174844E-03  0.0000000E+00
  0.1283345      4.6993781E-02  2.5162406E-02  1.6444368E-02  1.1893573E-02
  9.1154110E-03  7.2252941E-03  0.0000000E+00
  0.1734278      6.4340018E-02  3.5038013E-02  2.3334485E-02  1.7194195E-02
  1.3403594E-02  1.0711818E-02  0.0000000E+00
  0.2434692      9.1983415E-02  5.1278509E-02  3.5038013E-02  2.6499655E-02
  2.1071181E-02  1.6395992E-02
  0.3593642      0.1393573      8.0373183E-02  5.7014514E-02  4.4713199E-02
  3.5383552E-02
  0.5680719      0.2293020      0.1393227      0.1048376      8.4623359E-02
  0.9930892      0.4284727      0.2844851      0.2321009    
   2.037664       1.000000      0.7785073    
   5.656531       3.707671    
   33.67312    
  1.0000000E+07
  4.2257845E-02  1.4675989E-02  7.4965889E-03  4.6521146E-03  3.1875852E-03
  2.3161664E-03  1.7482947E-03  1.3550477E-03
  5.0750341E-02  1.7861528E-02  9.1712140E-03  5.7230559E-03  3.9461115E-03
  2.8816506E-03  2.1851978E-03  1.6998636E-03
  6.2073667E-02  2.2090724E-02  1.1415416E-02  7.1759890E-03  4.9795359E-03
  3.6596179E-03  2.7881991E-03  2.1773532E-03
  7.7455662E-02  2.7834242E-02  1.4502047E-02  9.1916779E-03  6.4290585E-03
  4.7578444E-03  3.6493859E-03  0.0000000E+00
  9.8806277E-02  3.5845838E-02  1.8871076E-02  1.2083901E-02  8.5368343E-03
  6.3744881E-03  4.9215551E-03  0.0000000E+00
  0.1293315      4.7442019E-02  2.5296725E-02  1.6415417E-02  1.1742838E-02
  8.8642566E-03  6.8894951E-03  0.0000000E+00
  0.1746248      6.4904496E-02  3.5197817E-02  2.3243519E-02  1.6906548E-02
  1.2933151E-02  1.0068213E-02  0.0000000E+00
  0.2451228      9.2735335E-02  5.1466577E-02  3.4788541E-02  2.5879944E-02
  2.0047748E-02  1.5044338E-02
  0.3618690      0.1404502      8.0491133E-02  5.6343790E-02  4.3110505E-02
  3.2800138E-02
  0.5723056      0.2309004      0.1390177      0.1024557      7.9365619E-02
   1.000341      0.4307640      0.2815484      0.2206003    
   2.052865       1.000000      0.7506821    
   5.688950       3.628922    
   33.50614    
  1.0000000E+08
  5.0367400E-02  1.5788242E-02  7.9659317E-03  4.8329993E-03  3.2211088E-03
  2.2748830E-03  1.6713426E-03  1.2638610E-03
  5.7915833E-02  1.8750835E-02  9.5524378E-03  5.8583836E-03  3.9478955E-03
  2.8122913E-03  2.0808282E-03  1.5811622E-03
  6.8236470E-02  2.2852371E-02  1.1733467E-02  7.2645289E-03  4.9398798E-03
  3.5504343E-03  2.6429526E-03  2.0160321E-03
  8.2598530E-02  2.8550433E-02  1.4776219E-02  9.2384769E-03  6.3393451E-03
  4.5891781E-03  3.4368737E-03  0.0000000E+00
  0.1030394      3.6606543E-02  1.9128256E-02  1.2080828E-02  8.3734132E-03
  6.1122244E-03  4.6025384E-03  0.0000000E+00
  0.1329993      4.8296593E-02  2.5547761E-02  1.6339345E-02  1.1452906E-02
  8.4335338E-03  6.3694054E-03  0.0000000E+00
  0.1780895      6.5965265E-02  3.5470940E-02  2.3036072E-02  1.6376084E-02
  1.2167669E-02  9.1583161E-03  0.0000000E+00
  0.2489646      9.4154976E-02  5.1670007E-02  3.4301937E-02  2.4809619E-02
  1.8533733E-02  1.3336672E-02
  0.3667335      0.1423514      8.0561124E-02  5.5043422E-02  4.0614560E-02
  2.9425515E-02
  0.5801603      0.2336673      0.1382765      9.8463595E-02  7.2277889E-02
   1.014362      0.4345357      0.2763193      0.2045424    
   2.081162       1.000000      0.7104208    
   5.751503       3.513694    
   34.13494    
  1.0000000E+09
  9.2626132E-02  2.3434671E-02  1.0080853E-02  5.4107378E-03  3.2891333E-03
  2.1672058E-03  1.5093791E-03  1.0950841E-03
  9.2205688E-02  2.5391333E-02  1.1529754E-02  6.4068562E-03  3.9877100E-03
  2.6691463E-03  1.8803363E-03  1.3748383E-03
  9.6701168E-02  2.8263262E-02  1.3467011E-02  7.7360934E-03  4.9256147E-03
  3.3505824E-03  2.3868047E-03  1.7571152E-03
  0.1073092      3.2729626E-02  1.6193401E-02  9.5827943E-03  6.2354463E-03
  4.3046572E-03  3.0967013E-03  0.0000000E+00
  0.1250647      3.9747737E-02  2.0206986E-02  1.2254205E-02  8.1274258E-03
  5.6888745E-03  4.1235448E-03  0.0000000E+00
  0.1522962      5.0808541E-02  2.6338939E-02  1.6293662E-02  1.0986417E-02
  7.7749034E-03  5.6565329E-03  0.0000000E+00
  0.1944373      6.8337649E-02  3.6028460E-02  2.2687580E-02  1.5520698E-02
  1.1073738E-02  8.0077620E-03  0.0000000E+00
  0.2629043      9.6765846E-02  5.2037518E-02  3.3408798E-02  2.3175938E-02
  1.6539456E-02  1.1384217E-02
  0.3803363      0.1457309      8.0465719E-02  5.2910738E-02  3.7095733E-02
  2.5456017E-02
  0.5963778      0.2382924      0.1367400      9.2561446E-02  6.3615784E-02
   1.040427      0.4404916      0.2679496      0.1841526    
   2.132924       1.000000      0.6578267    
   5.863519       3.366753    
   35.57568    
  1.0000000E+10
  0.2474024      3.9194588E-02  1.3190900E-02  6.0743927E-03  3.3200122E-03
  2.0230555E-03  1.3276974E-03  9.1976632E-04
  0.2496157      4.2453118E-02  1.4863202E-02  7.0242849E-03  3.9133108E-03
  2.4186904E-03  1.6046725E-03  1.1211189E-03
  0.2451890      4.6203502E-02  1.7033506E-02  8.3184745E-03  4.7433134E-03
  2.9803258E-03  2.0021519E-03  1.4110052E-03
  0.2359360      5.0691668E-02  1.9935444E-02  1.0126037E-02  5.9268363E-03
  3.7934212E-03  2.5800797E-03  0.0000000E+00
  0.2285275      5.6624655E-02  2.3947125E-02  1.2702120E-02  7.6452503E-03
  4.9861660E-03  3.4306794E-03  0.0000000E+00
  0.2338457      6.5293565E-02  2.9720258E-02  1.6489394E-02  1.0215186E-02
  6.7814323E-03  4.7064247E-03  0.0000000E+00
  0.2627113      7.9465106E-02  3.8610511E-02  2.2363970E-02  1.4239163E-02
  9.5880721E-03  6.6338759E-03  0.0000000E+00
  0.3243160      0.1048878      5.3458348E-02  3.2124192E-02  2.0916076E-02
  1.4125422E-02  9.3114050E-03
  0.4355979      0.1524131      8.0448806E-02  4.9738698E-02  3.2739010E-02
  2.1198893E-02
  0.6464801      0.2455272      0.1339994      8.4721789E-02  5.4103900E-02
   1.095604      0.4491239      0.2558561      0.1608361    
   2.221949       1.000000      0.5951429    
   6.049800       3.187826    
   35.90532    
