   100.0000    
  3.9532870E-02  1.4068628E-02  7.3154555E-03  4.6655131E-03  3.3044983E-03
  2.4939445E-03  1.9619376E-03  1.5905421E-03
  4.7952712E-02  1.7142445E-02  8.9734718E-03  5.7583619E-03  4.1089961E-03
  3.1199539E-03  2.4723182E-03  2.0190312E-03
  5.9025373E-02  2.1213956E-02  1.1188004E-02  7.2404840E-03  5.2076126E-03
  3.9907726E-03  3.1891579E-03  2.6277392E-03
  7.3875427E-02  2.6732987E-02  1.4232987E-02  9.3021914E-03  6.7618219E-03
  5.2364473E-03  4.2329873E-03  0.0000000E+00
  9.4348326E-02  3.4429066E-02  1.8549595E-02  1.2277970E-02  9.0426756E-03
  7.1020760E-03  5.8304495E-03  0.0000000E+00
  0.1235006      4.5559399E-02  2.4910612E-02  1.6761823E-02  1.2563437E-02
  1.0063437E-02  8.4342565E-03  0.0000000E+00
  0.1665802      6.2370241E-02  3.4775086E-02  2.3912918E-02  1.8373702E-02
  1.5129757E-02  1.3056517E-02  0.0000000E+00
  0.2335064      8.9158013E-02  5.1038060E-02  3.6245674E-02  2.8863898E-02
  2.4783738E-02  2.1805074E-02
  0.3442906      0.1352076      8.0478661E-02  5.9919260E-02  5.0605536E-02
  4.5559399E-02
  0.5435410      0.2231545      0.1412053      0.1139850      0.1049885    
  0.9498270      0.4201269      0.2967128      0.2765571    
   1.952999       1.000000      0.8869665    
   5.478662       4.016724    
   34.91926    
   1000.000    
  3.9539564E-02  1.4080575E-02  7.3208632E-03  4.6676258E-03  3.3064745E-03
  2.4920863E-03  1.9588489E-03  1.5864748E-03
  4.7971219E-02  1.7156834E-02  8.9784171E-03  5.7611512E-03  4.1093524E-03
  3.1194245E-03  2.4682013E-03  2.0129494E-03
  5.9021585E-02  2.1231655E-02  1.1197122E-02  7.2431653E-03  5.2057551E-03
  3.9856113E-03  3.1827337E-03  2.6184171E-03
  7.3899277E-02  2.6753956E-02  1.4241727E-02  9.3064746E-03  6.7597120E-03
  5.2287765E-03  4.2215828E-03  0.0000000E+00
  9.4388485E-02  3.4474816E-02  1.8561151E-02  1.2279136E-02  9.0388488E-03
  7.0906468E-03  5.8100717E-03  0.0000000E+00
  0.1235396      4.5582730E-02  2.4923738E-02  1.6762590E-02  1.2555394E-02
  1.0043165E-02  8.3971219E-03  0.0000000E+00
  0.1666475      6.2388487E-02  3.4791365E-02  2.3910791E-02  1.8353956E-02
  1.5082014E-02  1.2958273E-02  0.0000000E+00
  0.2335827      8.9208625E-02  5.1079132E-02  3.6230214E-02  2.8834531E-02
  2.4644604E-02  2.1430215E-02
  0.3441727      0.1353093      8.0517985E-02  5.9884891E-02  5.0417263E-02
  4.4920862E-02
  0.5438849      0.2232806      0.1412086      0.1137554      0.1038273    
  0.9502158      0.4201438      0.2964029      0.2741870    
   1.953957       1.000000      0.8814388    
   5.479136       4.002877    
   34.84892    
   10000.00    
  3.9564222E-02  1.4105505E-02  7.3337159E-03  4.6702982E-03  3.3056191E-03
  2.4888190E-03  1.9526950E-03  1.5779817E-03
  4.7993116E-02  1.7184634E-02  8.9908261E-03  5.7654819E-03  4.1083717E-03
  3.1135322E-03  2.4592890E-03  2.0005733E-03
  5.9088308E-02  2.1264335E-02  1.1209862E-02  7.2477064E-03  5.2035549E-03
  3.9793579E-03  3.1680046E-03  2.5994841E-03
  7.3939227E-02  2.6794726E-02  1.4260322E-02  9.3119266E-03  6.7545869E-03
  5.2178898E-03  4.2001149E-03  0.0000000E+00
  9.4466746E-02  3.4518350E-02  1.8580850E-02  1.2284978E-02  9.0309633E-03
  7.0699542E-03  5.7740826E-03  0.0000000E+00
  0.1236239      4.5670871E-02  2.4951262E-02  1.6766055E-02  1.2540138E-02
  1.0002867E-02  8.3228210E-03  0.0000000E+00
  0.1667718      6.2471334E-02  3.4805048E-02  2.3910552E-02  1.8317087E-02
  1.4994266E-02  1.2775230E-02  0.0000000E+00
  0.2337729      8.9334860E-02  5.1118121E-02  3.6209863E-02  2.8727064E-02
  2.4392202E-02  2.0854359E-02
  0.3446101      0.1354644      8.0561928E-02  5.9805050E-02  5.0086007E-02
  4.3893352E-02
  0.5441514      0.2235379      0.1411984      0.1133028      0.1019209    
  0.9509748      0.4205849      0.2958716      0.2703555    
   1.955849       1.000000      0.8727064    
   5.484518       3.976491    
   34.71904    
   100000.0    
  3.9635535E-02  1.4148633E-02  7.3519363E-03  4.6782461E-03  3.3029614E-03
  2.4806377E-03  1.9399204E-03  1.5606493E-03
  4.8063785E-02  1.7238041E-02  9.0148067E-03  5.7716402E-03  4.1030752E-03
  3.1007975E-03  2.4410593E-03  1.9757973E-03
  5.9168566E-02  2.1324033E-02  1.1235763E-02  7.2551253E-03  5.1993169E-03
  3.9607063E-03  3.1406607E-03  2.5623576E-03
  7.4060366E-02  2.6867883E-02  1.4291002E-02  9.3166288E-03  6.7425966E-03
  5.1907748E-03  4.1571753E-03  0.0000000E+00
  9.4589986E-02  3.4595672E-02  1.8619021E-02  1.2289294E-02  9.0091117E-03
  7.0244875E-03  5.7004560E-03  0.0000000E+00
  0.1238041      4.5785878E-02  2.4997154E-02  1.6765377E-02  1.2500000E-02
  9.9174269E-03  8.1833713E-03  0.0000000E+00
  0.1670273      6.2642366E-02  3.4880411E-02  2.3898063E-02  1.8231777E-02
  1.4817768E-02  1.2457290E-02  0.0000000E+00
  0.2341116      8.9550115E-02  5.1167428E-02  3.6161732E-02  2.8530752E-02
  2.3929387E-02  1.9971527E-02
  0.3451025      0.1357631      8.0609336E-02  5.9595674E-02  4.9430527E-02
  4.2312074E-02
  0.5452734      0.2239750      0.1411731      0.1124146      9.8889522E-02
  0.9527335      0.4211276      0.2949886      0.2640661    
   1.959567       1.000000      0.8582004    
   5.492597       3.935080    
   34.51025    
   1000000.    
  3.9893020E-02  1.4248312E-02  7.3958337E-03  4.6931310E-03  3.2995497E-03
  2.4650900E-03  1.9146960E-03  1.5275901E-03
  4.8338965E-02  1.7350789E-02  9.0624997E-03  5.7882885E-03  4.0962836E-03
  3.0799550E-03  2.4051240E-03  1.9290542E-03
  5.9431311E-02  2.1458335E-02  1.1292230E-02  7.2691441E-03  5.1858108E-03
  3.9273649E-03  3.0884009E-03  2.4929617E-03
  7.4352480E-02  2.7027030E-02  1.4355293E-02  9.3299551E-03  6.7201578E-03
  5.1379506E-03  4.0765768E-03  0.0000000E+00
  9.4932437E-02  3.4797300E-02  1.8696509E-02  1.2300113E-02  8.9667793E-03
  6.9369366E-03  5.5658789E-03  0.0000000E+00
  0.1242399      4.6030406E-02  2.5090091E-02  1.6765203E-02  1.2418357E-02
  9.7578829E-03  7.9335589E-03  0.0000000E+00
  0.1676239      6.2978610E-02  3.4994371E-02  2.3868242E-02  1.8065879E-02
  1.4490428E-02  1.1928491E-02  0.0000000E+00
  0.2349662      8.9977480E-02  5.1323198E-02  3.6036037E-02  2.8125001E-02
  2.3139076E-02  1.8679619E-02
  0.3462838      0.1364302      8.0743246E-02  5.9206083E-02  4.8254509E-02
  3.9921172E-02
  0.5472973      0.2249719      0.1411036      0.1107827      9.4228603E-02
  0.9566442      0.4225788      0.2930743      0.2542512    
   1.967905       1.000000      0.8350225    
   5.509572       3.871058    
   34.20608    
  1.0000000E+07
  4.1408841E-02  1.4486188E-02  7.5055244E-03  4.7348067E-03  3.2983427E-03
  2.4359117E-03  1.8665745E-03  1.4668509E-03
  4.9585633E-02  1.7602209E-02  9.1712708E-03  5.8232043E-03  4.0828730E-03
  3.0331491E-03  2.3367403E-03  1.8444752E-03
  6.0524862E-02  2.1734806E-02  1.1406077E-02  7.2955801E-03  5.1546963E-03
  3.8563537E-03  2.9889503E-03  2.3709945E-03
  7.5359114E-02  2.7345305E-02  1.4477900E-02  9.3480665E-03  6.6657458E-03
  5.0276243E-03  3.9254143E-03  0.0000000E+00
  9.5911607E-02  3.5193369E-02  1.8834254E-02  1.2301105E-02  8.8729281E-03
  6.7624310E-03  5.3232042E-03  0.0000000E+00
  0.1253315      4.6491712E-02  2.5251381E-02  1.6740331E-02  1.2245856E-02
  9.4558010E-03  7.5110495E-03  0.0000000E+00
  0.1689226      6.3591160E-02  3.5165746E-02  2.3776243E-02  1.7729281E-02
  1.3911601E-02  1.1107735E-02  0.0000000E+00
  0.2367403      9.0828732E-02  5.1519334E-02  3.5773478E-02  2.7381215E-02
  2.1856353E-02  1.6914364E-02
  0.3491713      0.1375967      8.0883980E-02  5.8425415E-02  4.6270717E-02
  3.6574584E-02
  0.5516574      0.2267127      0.1408011      0.1079005      8.7458558E-02
  0.9646409      0.4251381      0.2895027      0.2396132    
   1.983978       1.000000      0.7997237    
   5.546961       3.767956    
   33.95028    
  1.0000000E+08
  4.9879387E-02  1.5789332E-02  8.0916649E-03  4.9798982E-03  3.3637097E-03
  2.4025731E-03  1.7837042E-03  1.3618333E-03
  5.7116058E-02  1.8635754E-02  9.6435277E-03  6.0091126E-03  4.1061379E-03
  2.9643527E-03  2.2195121E-03  1.7046368E-03
  6.7032970E-02  2.2613239E-02  1.1795765E-02  7.4269632E-03  5.1299920E-03
  3.7389442E-03  2.8222997E-03  2.1777004E-03
  8.0809437E-02  2.8169392E-02  1.4819083E-02  9.4264271E-03  6.5800054E-03
  4.8405253E-03  3.6772981E-03  0.0000000E+00
  0.1005092      3.6022514E-02  1.9150361E-02  1.2321094E-02  8.6973999E-03
  6.4593940E-03  4.9396944E-03  0.0000000E+00
  0.1292951      4.7467168E-02  2.5564192E-02  1.6673815E-02  1.1921737E-02
  8.9466637E-03  6.8801930E-03  0.0000000E+00
  0.1727419      6.4781561E-02  3.5486463E-02  2.3562048E-02  1.7118735E-02
  1.2993835E-02  9.9785579E-03  0.0000000E+00
  0.2409810      9.2414908E-02  5.1809166E-02  3.5218440E-02  2.6119003E-02
  1.9997319E-02  1.4746717E-02
  0.3545966      0.1398017      8.1023857E-02  5.6928433E-02  4.3232378E-02
  3.2296970E-02
  0.5601715      0.2298847      0.1400161      0.1031627      7.8584827E-02
  0.9798981      0.4293755      0.2835701      0.2196998    
   2.015545       1.000000      0.7504690    
   5.615117       3.629054    
   34.49477    
  1.0000000E+09
  9.6675195E-02  2.4662403E-02  1.0634270E-02  5.7237851E-03  3.4910487E-03
  2.3081840E-03  1.6132991E-03  1.1749360E-03
  9.4322249E-02  2.6342710E-02  1.2038362E-02  6.7237848E-03  4.2071613E-03
  2.8312020E-03  2.0038362E-03  1.4723785E-03
  9.7212277E-02  2.8900255E-02  1.3913043E-02  8.0588236E-03  5.1687979E-03
  3.5396419E-03  2.5383630E-03  1.8805626E-03
  0.1065985      3.3017900E-02  1.6560102E-02  9.9104857E-03  6.5115090E-03
  4.5370841E-03  3.2915599E-03  0.0000000E+00
  0.1233760      3.9667521E-02  2.0493606E-02  1.2603580E-02  8.4603578E-03
  5.9872121E-03  4.3861889E-03  0.0000000E+00
  0.1494885      5.0383631E-02  2.6572891E-02  1.6698210E-02  1.1424552E-02
  8.1943730E-03  6.0358052E-03  0.0000000E+00
  0.1900512      6.7468025E-02  3.6214832E-02  2.3227621E-02  1.6161125E-02
  1.1710997E-02  8.5933497E-03  0.0000000E+00
  0.2560102      9.5396414E-02  5.2301791E-02  3.4271099E-02  2.4235295E-02
  1.7613810E-02  1.2342711E-02
  0.3693094      0.1436317      8.1048593E-02  5.4526851E-02  3.9130434E-02
  2.7442455E-02
  0.5785166      0.2351662      0.1383887      9.6291557E-02  6.8107411E-02
   1.009207      0.4363171      0.2739130      0.1951662    
   2.072890       1.000000      0.6877238    
   5.739130       3.450128    
   35.67775    
  1.0000000E+10
  0.2689295      4.2440064E-02  1.4251128E-02  6.5535251E-03  3.5793970E-03
  2.1811060E-03  1.4317589E-03  9.9240453E-04
  0.2691669      4.5596961E-02  1.5917398E-02  7.5124614E-03  4.1846666E-03
  2.5872302E-03  1.7175409E-03  1.2008070E-03
  0.2618087      4.9133632E-02  1.8077379E-02  8.8226916E-03  5.0320439E-03
  3.1640162E-03  2.1288868E-03  1.5027297E-03
  0.2482791      5.3358652E-02  2.0961311E-02  1.0650367E-02  6.2425821E-03
  4.0018987E-03  2.7296462E-03  0.0000000E+00
  0.2357465      5.8841679E-02  2.4922857E-02  1.3256587E-02  8.0037974E-03
  5.2385475E-03  3.6197484E-03  0.0000000E+00
  0.2361263      6.6888206E-02  3.0643245E-02  1.7089959E-02  1.0645621E-02
  7.1065747E-03  4.9584620E-03  0.0000000E+00
  0.2610966      8.0227867E-02  3.9401852E-02  2.3038214E-02  1.4792310E-02
  1.0040351E-02  7.0045097E-03  0.0000000E+00
  0.3197247      0.1046997      5.4165680E-02  3.2993115E-02  2.1720866E-02
  1.4832661E-02  9.8884404E-03
  0.4274864      0.1512461      8.1248514E-02  5.1079988E-02  3.4132447E-02
  2.2430573E-02
  0.6320912      0.2432946      0.1355329      8.7419890E-02  5.6942794E-02
   1.069072      0.4460005      0.2603845      0.1680275    
   2.170900       1.000000      0.6152385    
   5.943508       3.244719    
   35.84144    
