   100.0000    
  3.6872946E-02  1.3340004E-02  7.1630701E-03  4.7706161E-03  3.5615263E-03
  2.8469344E-03  2.3838789E-03  2.0623126E-03
  4.4476204E-02  1.6178362E-02  8.7608974E-03  5.8882381E-03  4.4390452E-03
  3.5858224E-03  3.0370159E-03  2.6625698E-03
  5.4423325E-02  1.9937117E-02  1.0898957E-02  7.4074604E-03  5.6509934E-03
  4.6262685E-03  3.9759898E-03  3.5443762E-03
  6.7743324E-02  2.5010718E-02  1.3843075E-02  9.5369443E-03  7.3860222E-03
  6.1512077E-03  5.3908820E-03  0.0000000E+00
  8.6051166E-02  3.2099470E-02  1.8036300E-02  1.2636844E-02  9.9799922E-03
  8.5050734E-03  7.6618553E-03  0.0000000E+00
  0.1120337      4.2332426E-02  2.4238961E-02  1.7364586E-02  1.4090325E-02
  1.2402459E-02  1.1633557E-02  0.0000000E+00
  0.1503502      5.7824783E-02  3.3928826E-02  2.5082178E-02  2.1137631E-02
  1.9536944E-02  1.9508362E-02  0.0000000E+00
  0.2098042      8.2621120E-02  5.0178651E-02  3.8788054E-02  3.4686293E-02
  3.4743462E-02  3.7601829E-02
  0.3082750      0.1255681      8.0234386E-02  6.6614263E-02  6.5985426E-02
  7.4832074E-02
  0.4860654      0.2086608      0.1449192      0.1369158      0.1627841    
  0.8499357      0.3995999      0.3257110      0.4003144    
   1.759326       1.000000       1.184222    
   5.077890       4.866372    
   38.58797    
   1000.000    
  3.6861520E-02  1.3351305E-02  7.1708285E-03  4.7758226E-03  3.5641317E-03
  2.8476163E-03  2.3808172E-03  2.0559025E-03
  4.4466514E-02  1.6188990E-02  8.7684449E-03  5.8938707E-03  4.4409758E-03
  3.5854143E-03  3.0320659E-03  2.6518160E-03
  5.4426786E-02  1.9948922E-02  1.0909478E-02  7.4134506E-03  5.6526675E-03
  4.6240068E-03  3.9670826E-03  3.5272418E-03
  6.7735530E-02  2.5028378E-02  1.3854994E-02  9.5445514E-03  7.3879114E-03
  6.1450060E-03  5.3745746E-03  0.0000000E+00
  8.6038589E-02  3.2122590E-02  1.8047674E-02  1.2644722E-02  9.9801365E-03
  8.4917704E-03  7.6291147E-03  0.0000000E+00
  0.1120176      4.2366628E-02  2.4262201E-02  1.7380817E-02  1.4086265E-02
  1.2373723E-02  1.1555050E-02  0.0000000E+00
  0.1503973      5.7860382E-02  3.3952896E-02  2.5085131E-02  2.1112373E-02
  1.9452326E-02  1.9253688E-02  0.0000000E+00
  0.2098467      8.2675934E-02  5.0212827E-02  3.8791146E-02  3.4619749E-02
  3.4421112E-02  3.6478434E-02
  0.3083144      0.1256527      8.0292277E-02  6.6572078E-02  6.5593071E-02
  7.2928488E-02
  0.4860953      0.2087117      0.1450057      0.1364642      0.1593360    
  0.8500283      0.3998297      0.3253405      0.3937287    
   1.759364       1.000000       1.169552    
   5.078036       4.824064    
   38.36549    
   10000.00    
  3.6890756E-02  1.3379551E-02  7.1876752E-03  4.7857142E-03  3.5672267E-03
  2.8459383E-03  2.3739496E-03  2.0434172E-03
  4.4495799E-02  1.6232492E-02  8.7899156E-03  5.9047616E-03  4.4453782E-03
  3.5812324E-03  3.0210086E-03  2.6302519E-03
  5.4453779E-02  1.9985992E-02  1.0934173E-02  7.4271709E-03  5.6568622E-03
  4.6176468E-03  3.9481791E-03  3.4929970E-03
  6.7773111E-02  2.5084034E-02  1.3885153E-02  9.5602237E-03  7.3907562E-03
  6.1330530E-03  5.3417366E-03  0.0000000E+00
  8.6078428E-02  3.2184873E-02  1.8081231E-02  1.2663865E-02  9.9803917E-03
  8.4649855E-03  7.5630248E-03  0.0000000E+00
  0.1120728      4.2450979E-02  2.4299718E-02  1.7408963E-02  1.4075630E-02
  1.2312325E-02  1.1400560E-02  0.0000000E+00
  0.1504202      5.7969186E-02  3.4019604E-02  2.5112044E-02  2.1078430E-02
  1.9285714E-02  1.8809523E-02  0.0000000E+00
  0.2099440      8.2829125E-02  5.0308123E-02  3.8795520E-02  3.4453779E-02
  3.3837534E-02  3.4775909E-02
  0.3085434      0.1258684      8.0406159E-02  6.6470586E-02  6.4845942E-02
  7.0028007E-02
  0.4864145      0.2091036      0.1450980      0.1356022      0.1540616    
  0.8508403      0.4004202      0.3245098      0.3833333    
   1.761905       1.000000       1.146219    
   5.082633       4.757703    
   38.01120    
   100000.0    
  3.6966044E-02  1.3440581E-02  7.2220699E-03  4.8042168E-03  3.5733846E-03
  2.8395401E-03  2.3562431E-03  2.0139650E-03
  4.4578314E-02  1.6292443E-02  8.8294083E-03  5.9255203E-03  4.4496167E-03
  3.5720153E-03  2.9942498E-03  2.5862542E-03
  5.4545455E-02  2.0071194E-02  1.0980285E-02  7.4507119E-03  5.6599122E-03
  4.5988499E-03  3.9060789E-03  3.4214128E-03
  6.7880608E-02  2.5177985E-02  1.3937567E-02  9.5865279E-03  7.3891017E-03
  6.0993973E-03  5.2697151E-03  0.0000000E+00
  8.6226724E-02  3.2311063E-02  1.8154437E-02  1.2694414E-02  9.9698799E-03
  8.4022451E-03  7.4260677E-03  0.0000000E+00
  0.1122536      4.2606793E-02  2.4397589E-02  1.7442496E-02  1.4047097E-02
  1.2178259E-02  1.1107612E-02  0.0000000E+00
  0.1507393      5.8187295E-02  3.4145672E-02  2.5136910E-02  2.0974809E-02
  1.8962214E-02  1.8044908E-02  0.0000000E+00
  0.2102957      8.3132528E-02  5.0465498E-02  3.8786966E-02  3.4131981E-02
  3.2803942E-02  3.2311063E-02
  0.3090087      0.1263280      8.0599673E-02  6.6237673E-02  6.3485764E-02
  6.5690033E-02
  0.4874041      0.2098850      0.1451260      0.1339266      0.1460843    
  0.8528203      0.4015608      0.3228368      0.3671961    
   1.766155       1.000000       1.109666    
   5.093100       4.652246    
   37.48631    
   1000000.    
  3.7295729E-02  1.3574065E-02  7.2944122E-03  4.8392201E-03  3.5819716E-03
  2.8241961E-03  2.3181338E-03  1.9544016E-03
  4.4899840E-02  1.6447023E-02  8.9101214E-03  5.9633628E-03  4.4544018E-03
  3.5450710E-03  2.9375330E-03  2.4999999E-03
  5.4876119E-02  2.0255666E-02  1.1075383E-02  7.4920929E-03  5.6576170E-03
  4.5545599E-03  3.8178703E-03  3.2854506E-03
  6.8239324E-02  2.5395362E-02  1.4048497E-02  9.6309967E-03  7.3748021E-03
  6.0239849E-03  5.1238798E-03  0.0000000E+00
  8.6649969E-02  3.2577753E-02  1.8292040E-02  1.2742488E-02  9.9301534E-03
  8.2643647E-03  7.1652606E-03  0.0000000E+00
  0.1127833      4.2949393E-02  2.4565103E-02  1.7474961E-02  1.3943069E-02
  1.1903005E-02  1.0585134E-02  0.0000000E+00
  0.1514233      5.8645226E-02  3.4370057E-02  2.5158145E-02  2.0730101E-02
  1.8331576E-02  1.6816026E-02  0.0000000E+00
  0.2113864      8.3763838E-02  5.0751187E-02  3.8705852E-02  3.3447549E-02
  3.1062204E-02  2.8874539E-02
  0.3106220      0.1272667      8.0930419E-02  6.5695830E-02  6.1096467E-02
  5.9541382E-02
  0.4899842      0.2112546      0.1452293      0.1308777      0.1344228    
  0.8576700      0.4037955      0.3197154      0.3434370    
   1.776489       1.000000       1.054955    
   5.115973       4.496573    
   36.72905    
  1.0000000E+07
  3.9214958E-02  1.3930162E-02  7.4925702E-03  4.9430411E-03  3.6144131E-03
  2.8021298E-03  2.2511142E-03  1.8524021E-03
  4.6545319E-02  1.6815254E-02  9.1059925E-03  6.0562161E-03  4.4675581E-03
  3.4943041E-03  2.8318474E-03  2.3476968E-03
  5.6315009E-02  2.0653790E-02  1.1277860E-02  7.5742942E-03  5.6463596E-03
  4.4626053E-03  3.6527985E-03  3.0559681E-03
  6.9576517E-02  2.5854383E-02  1.4276870E-02  9.7065382E-03  7.3266467E-03
  5.8642891E-03  4.8588407E-03  0.0000000E+00
  8.7989099E-02  3.3135217E-02  1.8548787E-02  1.2803368E-02  9.8204557E-03
  7.9866266E-03  6.7137191E-03  0.0000000E+00
  0.1142645      4.3647844E-02  2.4876175E-02  1.7508669E-02  1.3719663E-02
  1.1384349E-02  9.7449226E-03  0.0000000E+00
  0.1531699      5.9559189E-02  3.4732539E-02  2.5111442E-02  2.0232789E-02
  1.7248638E-02  1.5056958E-02  0.0000000E+00
  0.2138435      8.5029721E-02  5.1201086E-02  3.8410105E-02  3.2181773E-02
  2.8429914E-02  2.4628527E-02
  0.3142645      0.1291481      8.1389301E-02  6.4536899E-02  5.7256069E-02
  5.1659238E-02
  0.4959138      0.2140911      0.1451214      0.1256810      0.1190565    
  0.8684993      0.4079990      0.3140168      0.3111689    
   1.799158       1.000000      0.9791976    
   5.164685       4.279346    
   35.93363    
  1.0000000E+08
  4.8952382E-02  1.6022408E-02  8.5792718E-03  5.4868348E-03  3.8341735E-03
  2.8280111E-03  2.1624649E-03  1.6974789E-03
  5.5260506E-02  1.8442577E-02  9.9753505E-03  6.4862748E-03  4.6128849E-03
  3.4554622E-03  2.6767505E-03  2.1232492E-03
  6.4022407E-02  2.1994399E-02  1.1988795E-02  7.9014003E-03  5.7042018E-03
  4.3350141E-03  3.4005602E-03  2.7238096E-03
  7.6268911E-02  2.7081233E-02  1.4890756E-02  9.9372556E-03  7.2784312E-03
  5.6078429E-03  4.4537815E-03  0.0000000E+00
  9.3759105E-02  3.4375351E-02  1.9114846E-02  1.2941177E-02  9.6246498E-03
  7.5249299E-03  6.0481792E-03  0.0000000E+00
  0.1194398      4.5064423E-02  2.5445377E-02  1.7535014E-02  1.3277311E-02
  1.0552381E-02  8.5837534E-03  0.0000000E+00
  0.1584314      6.1299719E-02  3.5350140E-02  2.4918769E-02  1.9305322E-02
  1.5641456E-02  1.2840336E-02  0.0000000E+00
  0.2197199      8.7338932E-02  5.1843140E-02  3.7714288E-02  3.0117646E-02
  2.4918769E-02  1.9966386E-02
  0.3222409      0.1323249      8.1882358E-02  6.2341738E-02  5.1798318E-02
  4.2756300E-02
  0.5081233      0.2189356      0.1443137      0.1176471      0.1009860    
  0.8899720      0.4147899      0.3044258      0.2717087    
   1.843137       1.000000      0.8841457    
   5.259384       4.006722    
   35.95518    
  1.0000000E+09
  0.1142584      2.9894738E-02  1.2861243E-02  6.9186604E-03  4.2315791E-03
  2.8105262E-03  1.9779904E-03  1.4516746E-03
  0.1040191      3.0526316E-02  1.4066986E-02  7.9043061E-03  4.9818181E-03
  3.3837319E-03  2.4210527E-03  1.8000000E-03
  0.1006699      3.1837322E-02  1.5665071E-02  9.2066983E-03  5.9913876E-03
  4.1655502E-03  3.0334929E-03  2.2842104E-03
  0.1056459      3.4593303E-02  1.7961724E-02  1.1023924E-02  7.4047847E-03
  5.2717701E-03  3.9062200E-03  0.0000000E+00
  0.1194258      3.9942581E-02  2.1521531E-02  1.3703349E-02  9.4832536E-03
  6.9071767E-03  5.2000000E-03  0.0000000E+00
  0.1425837      4.9387559E-02  2.7263157E-02  1.7875597E-02  1.2708134E-02
  9.4478475E-03  7.2047845E-03  0.0000000E+00
  0.1791388      6.5196179E-02  3.6727272E-02  2.4698565E-02  1.7990431E-02
  1.3617224E-02  1.0430622E-02  0.0000000E+00
  0.2386603      9.1598086E-02  5.2870814E-02  3.6545452E-02  2.7272727E-02
  2.0899523E-02  1.5473684E-02
  0.3416268      0.1377990      8.2306221E-02  5.8918659E-02  4.5090906E-02
  3.3856459E-02
  0.5328230      0.2265072      0.1424880      0.1069857      8.2200959E-02
  0.9296651      0.4250718      0.2903349      0.2289952    
   1.921531       1.000000      0.7772249    
   5.426795       3.702392    
   36.21053    
  1.0000000E+10
  0.3519316      5.5014860E-02  1.8328380E-02  8.3878152E-03  4.5683505E-03
  2.7793462E-03  1.8246657E-03  1.2652302E-03
  0.3427192      5.7451706E-02  1.9858841E-02  9.3164928E-03  5.1731053E-03
  3.1946506E-03  2.1225854E-03  1.4866270E-03
  0.3228826      6.0163449E-02  2.1894502E-02  1.0624071E-02  6.0423478E-03
  3.8008916E-03  2.5616642E-03  1.8135214E-03
  0.2933878      6.3306093E-02  2.4650816E-02  1.2466568E-02  7.3023769E-03
  4.6931650E-03  3.2139670E-03  0.0000000E+00
  0.2626300      6.7310542E-02  2.8439822E-02  1.5111441E-02  9.1530457E-03
  6.0245171E-03  4.1953935E-03  0.0000000E+00
  0.2457652      7.3224366E-02  3.3841010E-02  1.9004457E-02  1.1946508E-02
  8.0609210E-03  5.7005943E-03  0.0000000E+00
  0.2580238      8.3803862E-02  4.2154532E-02  2.5074294E-02  1.6374443E-02
  1.1322437E-02  8.0609210E-03  0.0000000E+00
  0.3083209      0.1050520      5.6426447E-02  3.5371471E-02  2.3930162E-02
  1.6797919E-02  1.1537890E-02
  0.4080981      0.1485884      8.3432391E-02  5.4576520E-02  3.7867755E-02
  2.5884099E-02
  0.5981426      0.2377415      0.1393016      9.4427928E-02  6.4754829E-02
   1.005944      0.4384101      0.2720654      0.1874443    
   2.047548       1.000000      0.6685736    
   5.688707       3.393759    
   35.79494    
