   100.0000    
  4.2182501E-02  1.4675447E-02  7.3518339E-03  4.4830670E-03  3.0324555E-03
  2.1848541E-03  1.6434619E-03  1.2761053E-03
  5.1364064E-02  1.7935090E-02  9.0263411E-03  5.5315141E-03  3.7605832E-03
  2.7220130E-03  2.0569144E-03  1.6044214E-03
  6.3499525E-02  2.2262463E-02  1.1269991E-02  6.9520227E-03  4.7507053E-03
  3.4586077E-03  2.6284100E-03  2.0616180E-03
  7.9821259E-02  2.8137347E-02  1.4350893E-02  8.9134518E-03  6.1382880E-03
  4.5004706E-03  3.4444968E-03  0.0000000E+00
  0.1023989      3.6340546E-02  1.8701786E-02  1.1726246E-02  8.1514576E-03
  6.0301037E-03  4.6594543E-03  0.0000000E+00
  0.1346190      4.8212606E-02  2.5089368E-02  1.5921919E-02  1.1204139E-02
  8.3960490E-03  6.5616183E-03  0.0000000E+00
  0.1823142      6.6039510E-02  3.4910630E-02  2.2516461E-02  1.6110066E-02
  1.2281279E-02  9.7365947E-03  0.0000000E+00
  0.2565381      9.4496705E-02  5.0987769E-02  3.3621825E-02  2.4642520E-02
  1.9223895E-02  1.5117591E-02
  0.3793509      0.1430386      7.9492003E-02  5.4233301E-02  4.1185323E-02
  3.2525871E-02
  0.6001881      0.2347601      0.1365475      9.8306678E-02  7.7798687E-02
   1.048448      0.4357009      0.2740828      0.2147225    
   2.143462       1.000000      0.7304798    
   5.874882       3.574318    
   33.40546    
   1000.000    
  4.2185154E-02  1.4685151E-02  7.3543233E-03  4.4830828E-03  3.0310149E-03
  2.1828008E-03  1.6409775E-03  1.2734963E-03
  5.1362783E-02  1.7946428E-02  9.0319552E-03  5.5357143E-03  3.7593986E-03
  2.7194549E-03  2.0535716E-03  1.6005640E-03
  6.3486844E-02  2.2269737E-02  1.1273497E-02  6.9501884E-03  4.7509400E-03
  3.4553574E-03  2.6235902E-03  2.0554513E-03
  7.9840221E-02  2.8148497E-02  1.4351505E-02  8.9144735E-03  6.1325189E-03
  4.4953008E-03  3.4375000E-03  0.0000000E+00
  0.1023966      3.6353383E-02  1.8703008E-02  1.1724624E-02  8.1437966E-03
  6.0244366E-03  4.6475562E-03  0.0000000E+00
  0.1346335      4.8214287E-02  2.5093986E-02  1.5916353E-02  1.1193610E-02
  8.3787600E-03  6.5413537E-03  0.0000000E+00
  0.1823308      6.6071428E-02  3.4915414E-02  2.2509398E-02  1.6094925E-02
  1.2250939E-02  9.6804518E-03  0.0000000E+00
  0.2565790      9.4501875E-02  5.0986841E-02  3.3609021E-02  2.4605265E-02
  1.9144736E-02  1.4929512E-02
  0.3794173      0.1430921      7.9464294E-02  5.4182332E-02  4.1071430E-02
  3.2199249E-02
  0.6005639      0.2348214      0.1365132      9.8120302E-02  7.7208646E-02
   1.048872      0.4357613      0.2738722      0.2134399    
   2.143797       1.000000      0.7274436    
   5.874060       3.565790    
   33.35996    
   10000.00    
  4.2214923E-02  1.4702018E-02  7.3580476E-03  4.4852183E-03  3.0300331E-03
  2.1797279E-03  1.6367902E-03  1.2679492E-03
  5.1431250E-02  1.7968090E-02  9.0380106E-03  5.5373064E-03  3.7573909E-03
  2.7156265E-03  2.0478650E-03  1.5931488E-03
  6.3538246E-02  2.2299390E-02  1.1285782E-02  6.9497884E-03  4.7442517E-03
  3.4490849E-03  2.6152041E-03  2.0445799E-03
  7.9868607E-02  2.8179258E-02  1.4364148E-02  8.9160018E-03  6.1285784E-03
  4.4861566E-03  3.4242140E-03  0.0000000E+00
  0.1024871      3.6391366E-02  1.8718911E-02  1.1726889E-02  8.1370249E-03
  6.0065701E-03  4.6255281E-03  0.0000000E+00
  0.1347255      4.8240267E-02  2.5110276E-02  1.5917411E-02  1.1177851E-02
  8.3528860E-03  6.4992961E-03  0.0000000E+00
  0.1824495      6.6166118E-02  3.4936652E-02  2.2505866E-02  1.6067574E-02
  1.2196152E-02  9.5870486E-03  0.0000000E+00
  0.2567339      9.4603471E-02  5.1008917E-02  3.3589866E-02  2.4537776E-02
  1.9005163E-02  1.4650400E-02
  0.3796809      0.1432192      7.9493195E-02  5.4106053E-02  4.0868137E-02
  3.1694040E-02
  0.6006570      0.2350070      0.1365087      9.7841389E-02  7.6208353E-02
   1.049742      0.4360394      0.2735336      0.2114970    
   2.145472       1.000000      0.7231347    
   5.879869       3.553262    
   33.29892    
   100000.0    
  4.2260177E-02  1.4735611E-02  7.3701451E-03  4.4871313E-03  3.0266729E-03
  2.1731399E-03  1.6279831E-03  1.2573702E-03
  5.1474027E-02  1.8006550E-02  9.0500703E-03  5.5357977E-03  3.7529245E-03
  2.7065980E-03  2.0355638E-03  1.5779129E-03
  6.3593820E-02  2.2344409E-02  1.1300889E-02  6.9536730E-03  4.7402899E-03
  3.4361253E-03  2.5975665E-03  2.0224613E-03
  7.9971924E-02  2.8235843E-02  1.4384651E-02  8.9143654E-03  6.1207302E-03
  4.4670100E-03  3.3977537E-03  0.0000000E+00
  0.1025737      3.6462329E-02  1.8741226E-02  1.1722039E-02  8.1188576E-03
  5.9803464E-03  4.5821243E-03  0.0000000E+00
  0.1348152      4.8338793E-02  2.5133364E-02  1.5910154E-02  1.1146467E-02
  8.3013568E-03  6.4202147E-03  0.0000000E+00
  0.1826392      6.6261113E-02  3.4969583E-02  2.2484792E-02  1.6003743E-02
  1.2091717E-02  9.4150677E-03  0.0000000E+00
  0.2570426      9.4759010E-02  5.1052876E-02  3.3537667E-02  2.4403369E-02
  1.8750584E-02  1.4211511E-02
  0.3801123      0.1434254      7.9550773E-02  5.3954139E-02  4.0491343E-02
  3.0898456E-02
  0.6017782      0.2353299      0.1364062      9.7285911E-02  7.4684136E-02
   1.051006      0.4364998      0.2728591      0.2081890    
   2.148807       1.000000      0.7150211    
   5.886757       3.530650    
   33.19607    
   1000000.    
  4.2454589E-02  1.4806707E-02  7.3963674E-03  4.4923150E-03  3.0204938E-03
  2.1602237E-03  1.6106196E-03  1.2366093E-03
  5.1653471E-02  1.8085701E-02  9.0824403E-03  5.5426178E-03  3.7433628E-03
  2.6884023E-03  2.0116442E-03  1.5496041E-03
  6.3809969E-02  2.2440616E-02  1.1332092E-02  6.9538890E-03  4.7228695E-03
  3.4108059E-03  2.5635771E-03  1.9818351E-03
  8.0158368E-02  2.8351190E-02  1.4420121E-02  8.9147650E-03  6.0968795E-03
  4.4289706E-03  3.3465300E-03  0.0000000E+00
  0.1028412      3.6604565E-02  1.8784352E-02  1.1718678E-02  8.0810431E-03
  5.9198881E-03  4.5006988E-03  0.0000000E+00
  0.1351653      4.8532836E-02  2.5183978E-02  1.5891941E-02  1.1085236E-02
  8.1974845E-03  6.2738704E-03  0.0000000E+00
  0.1830927      6.6511407E-02  3.5025619E-02  2.2445273E-02  1.5887285E-02
  1.1895669E-02  9.1290176E-03  0.0000000E+00
  0.2576618      9.5062882E-02  5.1094554E-02  3.3437356E-02  2.4149977E-02
  1.8304611E-02  1.3563111E-02
  0.3810899      0.1438752      7.9552867E-02  5.3702842E-02  3.9809037E-02
  2.9673964E-02
  0.6031672      0.2360037      0.1362832      9.6273869E-02  7.2240338E-02
   1.054029      0.4374010      0.2716348      0.2029343    
   2.154634       1.000000      0.7023755    
   5.896600       3.494644    
   33.05543    
  1.0000000E+07
  4.3712437E-02  1.4974573E-02  7.4618589E-03  4.5090155E-03  3.0110958E-03
  2.1354600E-03  1.5769765E-03  1.1987980E-03
  5.2704576E-02  1.8266298E-02  9.1447067E-03  5.5524739E-03  3.7258437E-03
  2.6532596E-03  1.9662506E-03  1.4979196E-03
  6.4678691E-02  2.2639852E-02  1.1400832E-02  6.9625522E-03  4.6971799E-03
  3.3606105E-03  2.4997687E-03  1.9093851E-03
  8.0952384E-02  2.8585300E-02  1.4493759E-02  8.9135459E-03  6.0517802E-03
  4.3550627E-03  3.2533519E-03  0.0000000E+00
  0.1035599      3.6888581E-02  1.8867314E-02  1.1705964E-02  8.0073969E-03
  5.8021271E-03  4.3550627E-03  0.0000000E+00
  0.1359686      4.8867311E-02  2.5284328E-02  1.5857605E-02  1.0961628E-02
  8.0073969E-03  6.0332874E-03  0.0000000E+00
  0.1840962      6.6944063E-02  3.5131764E-02  2.2357836E-02  1.5658807E-02
  1.1544151E-02  8.6777620E-03  0.0000000E+00
  0.2590384      9.5700420E-02  5.1178921E-02  3.3227000E-02  2.3675451E-02
  1.7577440E-02  1.2644475E-02
  0.3831253      0.1447527      7.9611652E-02  5.3120665E-02  3.8636155E-02
  2.7896442E-02
  0.6065650      0.2372631      0.1360148      9.4498381E-02  6.8608418E-02
   1.060102      0.4391586      0.2693481      0.1948683    
   2.167823       1.000000      0.6828479    
   5.926953       3.438280    
   32.98659    
  1.0000000E+08
  5.1301964E-02  1.5833713E-02  7.7889445E-03  4.6139788E-03  3.0118774E-03
  2.0886250E-03  1.5098217E-03  1.1256281E-03
  5.9387848E-02  1.8958429E-02  9.4061214E-03  5.6281402E-03  3.7044312E-03
  2.5865692E-03  1.8793970E-03  1.4056647E-03
  7.0351757E-02  2.3234354E-02  1.1617177E-02  7.0031979E-03  4.6459567E-03
  3.2654179E-03  2.3837369E-03  1.7871174E-03
  8.5609868E-02  2.9150298E-02  1.4682503E-02  8.9218821E-03  5.9661944E-03
  4.2165369E-03  3.0904522E-03  0.0000000E+00
  0.1073550      3.7482869E-02  1.9045226E-02  1.1676565E-02  7.8666061E-03
  5.5961628E-03  4.1137505E-03  0.0000000E+00
  0.1391503      4.9566012E-02  2.5454545E-02  1.5769757E-02  1.0721791E-02
  7.6747369E-03  5.6509818E-03  0.0000000E+00
  0.1870260      6.7793511E-02  3.5299223E-02  2.2160804E-02  1.5230699E-02
  1.0968478E-02  8.0173593E-03  0.0000000E+00
  0.2622202      9.6802190E-02  5.1347647E-02  3.2795798E-02  2.2846049E-02
  1.6464138E-02  1.1443581E-02
  0.3873001      0.1463225      7.9579711E-02  5.2078571E-02  3.6756508E-02
  2.5509365E-02
  0.6130654      0.2394701      0.1353129      9.1411598E-02  6.3499317E-02
   1.071722      0.4420283      0.2651439      0.1831887    
   2.191411       1.000000      0.6532663    
   5.979899       3.353586    
   33.73230    
  1.0000000E+09
  8.7746859E-02  2.1885099E-02  9.3447035E-03  4.9865348E-03  3.0107719E-03
  1.9699282E-03  1.3631058E-03  9.8294439E-04
  8.9901261E-02  2.4192100E-02  1.0848294E-02  5.9649907E-03  3.6763912E-03
  2.4389587E-03  1.7037701E-03  1.2360861E-03
  9.6543983E-02  2.7486535E-02  1.2863554E-02  7.2800713E-03  4.5736083E-03
  3.0754041E-03  2.1669660E-03  1.5794435E-03
  0.1088420      3.2410234E-02  1.5677737E-02  9.0978453E-03  5.8213645E-03
  3.9614001E-03  2.8119390E-03  0.0000000E+00
  0.1281418      3.9941650E-02  1.9784559E-02  1.1723519E-02  7.6166964E-03
  5.2378816E-03  3.7356373E-03  0.0000000E+00
  0.1571365      5.1570915E-02  2.5978455E-02  1.5650807E-02  1.0305205E-02
  7.1409331E-03  5.0987434E-03  0.0000000E+00
  0.2019300      6.9703765E-02  3.5659783E-02  2.1804309E-02  1.4524236E-02
  1.0112208E-02  7.1588866E-03  0.0000000E+00
  0.2745960      9.8967679E-02  5.1526032E-02  3.2010771E-02  2.1543985E-02
  1.4950627E-02  1.0022441E-02
  0.3989228      0.1490574      7.9398565E-02  5.0314184E-02  3.4061939E-02
  2.2594254E-02
  0.6270197      0.2432226      0.1338869      8.6759418E-02  5.7091564E-02
   1.093806      0.4469479      0.2583034      0.1678635    
   2.235188       1.000000      0.6131060    
   6.077199       3.240126    
   35.47576    
  1.0000000E+10
  0.2191871      3.4916956E-02  1.1791958E-02  5.4370631E-03  2.9733393E-03
  1.8107517E-03  1.1875000E-03  8.2211540E-04
  0.2237762      3.8299825E-02  1.3448426E-02  6.3636359E-03  3.5437061E-03
  2.1879370E-03  1.4493007E-03  1.0109266E-03
  0.2233829      4.2255245E-02  1.5611888E-02  7.6267482E-03  4.3400349E-03
  2.7211539E-03  1.8229896E-03  1.2810315E-03
  0.2199301      4.7159091E-02  1.8527096E-02  9.3881115E-03  5.4720282E-03
  3.4890734E-03  2.3631994E-03  0.0000000E+00
  0.2195804      5.3715035E-02  2.2578672E-02  1.1905595E-02  7.1197553E-03
  4.6110139E-03  3.1529719E-03  0.0000000E+00
  0.2318619      6.3243002E-02  2.8430942E-02  1.5607517E-02  9.5716780E-03
  6.2937061E-03  4.3243007E-03  0.0000000E+00
  0.2665210      7.8583911E-02  3.7430070E-02  2.1333041E-02  1.3382867E-02
  8.8898595E-03  6.0708043E-03  0.0000000E+00
  0.3329982      0.1054196      5.2360136E-02  3.0777972E-02  1.9645978E-02
  1.3028846E-02  8.4396852E-03
  0.4501748      0.1544580      7.9108387E-02  4.7596153E-02  3.0550698E-02
  1.9326923E-02
  0.6717657      0.2492133      0.1314248      8.0375873E-02  4.9737763E-02
   1.142045      0.4541084      0.2482518      0.1496504    
   2.312937       1.000000      0.5638112    
   6.241259       3.101399    
   36.07954    
