   100.0000    
  3.7679031E-02  1.3576938E-02  7.2254869E-03  4.7521116E-03  3.4906354E-03
  2.7396255E-03  2.2456851E-03  1.9004776E-03
  4.5538012E-02  1.6492840E-02  8.8468604E-03  5.8666915E-03  4.3481458E-03
  3.4428940E-03  2.8497982E-03  2.4366509E-03
  5.5839151E-02  2.0345209E-02  1.1015425E-02  7.3778923E-03  5.5269930E-03
  4.4271029E-03  3.7109808E-03  3.2170403E-03
  6.9629088E-02  2.5578408E-02  1.3999267E-02  9.4932066E-03  7.2071250E-03
  5.8593466E-03  4.9944916E-03  0.0000000E+00
  8.8597141E-02  3.2849800E-02  1.8237241E-02  1.2563351E-02  9.7043701E-03
  8.0481088E-03  7.0161587E-03  0.0000000E+00
  0.1155527      4.3389644E-02  2.4513405E-02  1.7232833E-02  1.3626516E-02
  1.1614029E-02  1.0460890E-02  0.0000000E+00
  0.1553250      5.9291225E-02  3.4282044E-02  2.4788836E-02  2.0253398E-02
  1.7987514E-02  1.7012486E-02  0.0000000E+00
  0.2170400      8.4722735E-02  5.0569229E-02  3.8064636E-02  3.2739628E-02
  3.1013587E-02  3.0995227E-02
  0.3191333      0.1286816      8.0499448E-02  6.4524420E-02  6.0411315E-02
  6.2798388E-02
  0.5034888      0.2133676      0.1439772      0.1289570      0.1394602    
  0.8800955      0.4063533      0.3160118      0.3512670    
   1.818215       1.000000       1.068307    
   5.198311       4.535439    
   37.07309    
   1000.000    
  3.7689634E-02  1.3589837E-02  7.2345086E-03  4.7559859E-03  3.4929628E-03
  2.7380735E-03  2.2427344E-03  1.8936209E-03
  4.5549255E-02  1.6508864E-02  8.8557843E-03  5.8709555E-03  4.3483819E-03
  3.4417838E-03  2.8459148E-03  2.4291719E-03
  5.5839878E-02  2.0361908E-02  1.1025405E-02  7.3843901E-03  5.5273254E-03
  4.4251508E-03  3.7031621E-03  3.2041674E-03
  6.9639921E-02  2.5589472E-02  1.4010235E-02  9.4991764E-03  7.2070914E-03
  5.8545056E-03  4.9808077E-03  0.0000000E+00
  8.8630959E-02  3.2882471E-02  1.8252604E-02  1.2569914E-02  9.7038923E-03
  8.0350935E-03  6.9877529E-03  0.0000000E+00
  0.1155730      4.3410711E-02  2.4529336E-02  1.7239992E-02  1.3620910E-02
  1.1588375E-02  1.0400292E-02  0.0000000E+00
  0.1553646      5.9331015E-02  3.4308169E-02  2.4785230E-02  2.0233961E-02
  1.7918112E-02  1.6832389E-02  0.0000000E+00
  0.2171449      8.4792539E-02  5.0612316E-02  3.8055196E-02  3.2681409E-02
  3.0762199E-02  3.0250410E-02
  0.3193200      0.1287881      8.0551997E-02  6.4467184E-02  6.0116976E-02
  6.1506122E-02
  0.5035642      0.2134893      0.1440139      0.1285871      0.1371596    
  0.8804606      0.4066898      0.3156644      0.3467373    
   1.819046       1.000000       1.058125    
   5.200146       4.505575    
   36.92195    
   10000.00    
  3.7719779E-02  1.3617909E-02  7.2485050E-03  4.7634584E-03  3.4946529E-03
  2.7351822E-03  2.2349104E-03  1.8832699E-03
  4.5586370E-02  1.6541600E-02  8.8725770E-03  5.8800075E-03  4.3501905E-03
  3.4366504E-03  2.8348740E-03  2.4107306E-03
  5.5881821E-02  2.0409646E-02  1.1045858E-02  7.3935115E-03  5.5283671E-03
  4.4172560E-03  3.6867864E-03  3.1756391E-03
  6.9693677E-02  2.5648000E-02  1.4036614E-02  9.5106037E-03  7.2068158E-03
  5.8401311E-03  4.9501541E-03  0.0000000E+00
  8.8689514E-02  3.2934569E-02  1.8288927E-02  1.2584738E-02  9.6991118E-03
  8.0097886E-03  6.9331159E-03  0.0000000E+00
  0.1156607      4.3501906E-02  2.4560452E-02  1.7253943E-02  1.3607034E-02
  1.1533443E-02  1.0280951E-02  0.0000000E+00
  0.1554831      5.9434477E-02  3.4348380E-02  2.4796085E-02  2.0192133E-02
  1.7783217E-02  1.6507160E-02  0.0000000E+00
  0.2173283      8.4937468E-02  5.0679717E-02  3.8064167E-02  3.2535799E-02
  3.0324453E-02  2.9091900E-02
  0.3195578      0.1290013      8.0623530E-02  6.4382821E-02  5.9543233E-02
  5.9506983E-02
  0.5040783      0.2138844      0.1440638      0.1278956      0.1334965    
  0.8814573      0.4071053      0.3150263      0.3394961    
   1.821642       1.000000       1.041689    
   5.205728       4.458945    
   36.68661    
   100000.0    
  3.7785716E-02  1.3673214E-02  7.2767860E-03  4.7767856E-03  3.4964287E-03
  2.7285716E-03  2.2196430E-03  1.8571428E-03
  4.5660716E-02  1.6605357E-02  8.9053577E-03  5.8946433E-03  4.3500001E-03
  3.4250002E-03  2.8107143E-03  2.3732143E-03
  5.5982146E-02  2.0482143E-02  1.1085714E-02  7.4107144E-03  5.5267862E-03
  4.3982146E-03  3.6500001E-03  3.1178573E-03
  6.9803573E-02  2.5732143E-02  1.4082143E-02  9.5285717E-03  7.2000003E-03
  5.8071427E-03  4.8892857E-03  0.0000000E+00
  8.8821426E-02  3.3053573E-02  1.8339286E-02  1.2603572E-02  9.6821431E-03
  7.9517858E-03  6.8214289E-03  0.0000000E+00
  0.1158393      4.3642856E-02  2.4642859E-02  1.7271429E-02  1.3566072E-02
  1.1417857E-02  1.0050000E-02  0.0000000E+00
  0.1557322      5.9625003E-02  3.4446429E-02  2.4803571E-02  2.0089285E-02
  1.7512500E-02  1.5937500E-02  0.0000000E+00
  0.2176786      8.5214287E-02  5.0803572E-02  3.8017862E-02  3.2250002E-02
  2.9535715E-02  2.7375001E-02
  0.3201786      0.1293929      8.0767855E-02  6.4142860E-02  5.8482144E-02
  5.6464288E-02
  0.5050001      0.2144643      0.1440893      0.1265357      0.1277857    
  0.8832143      0.4080357      0.3137500      0.3278572    
   1.825000       1.000000       1.015357    
   5.214286       4.383929    
   36.30357    
   1000000.    
  3.8105190E-02  1.3794846E-02  7.3371646E-03  4.8032044E-03  3.4987810E-03
  2.7115988E-03  2.1856497E-03  1.8094740E-03
  4.5977011E-02  1.6745036E-02  8.9742253E-03  5.9230234E-03  4.3504005E-03
  3.3995123E-03  2.7621039E-03  2.3023337E-03
  5.6304425E-02  2.0637410E-02  1.1165099E-02  7.4399160E-03  5.5189831E-03
  4.3556252E-03  3.5736677E-03  3.0076629E-03
  7.0149772E-02  2.5931731E-02  1.4176245E-02  9.5611289E-03  7.1804249E-03
  5.7384190E-03  4.7683734E-03  0.0000000E+00
  8.9237198E-02  3.3298504E-02  1.8460467E-02  1.2633230E-02  9.6377563E-03
  7.8300247E-03  6.6109370E-03  0.0000000E+00
  0.1163532      4.3956809E-02  2.4782306E-02  1.7295366E-02  1.3472658E-02
  1.1185998E-02  9.6412404E-03  0.0000000E+00
  0.1564089      6.0031347E-02  3.4622084E-02  2.4799723E-02  1.9888541E-02
  1.7006269E-02  1.5017416E-02  0.0000000E+00
  0.2185650      8.5771509E-02  5.1027518E-02  3.7913617E-02  3.1678859E-02
  2.8213168E-02  2.4921630E-02
  0.3216649      0.1302160      8.1017070E-02  6.3653782E-02  5.6600489E-02
  5.2037619E-02
  0.5074887      0.2157785      0.1441136      0.1240683      0.1192964    
  0.8878440      0.4099617      0.3110414      0.3103448    
   1.835597       1.000000      0.9747475    
   5.236851       4.266806    
   35.75409    
  1.0000000E+07
  3.9872997E-02  1.4107621E-02  7.5016716E-03  4.8830216E-03  3.5177139E-03
  2.6854947E-03  2.1239973E-03  1.7212569E-03
  4.7476605E-02  1.7062167E-02  9.1360295E-03  5.9909765E-03  4.3516047E-03
  3.3472597E-03  2.6687835E-03  2.1774734E-03
  5.7603613E-02  2.1006016E-02  1.1333557E-02  7.4999998E-03  5.4979953E-03
  4.2697191E-03  3.4324869E-03  2.8208557E-03
  7.1356952E-02  2.6336901E-02  1.4359960E-02  9.6106287E-03  7.1273404E-03
  5.5965912E-03  4.5471257E-03  0.0000000E+00
  9.0424471E-02  3.3790108E-02  1.8666444E-02  1.2668785E-02  9.5304148E-03
  7.5885695E-03  6.2416447E-03  0.0000000E+00
  0.1176638      4.4568855E-02  2.5033424E-02  1.7296124E-02  1.3258691E-02
  1.0748664E-02  8.9722602E-03  0.0000000E+00
  0.1580381      6.0845595E-02  3.4926474E-02  2.4732621E-02  1.9435162E-02
  1.6126338E-02  1.3649733E-02  0.0000000E+00
  0.2207554      8.6864978E-02  5.1370323E-02  3.7616979E-02  3.0614976E-02
  2.6136365E-02  2.1758024E-02
  0.3248663      0.1317848      8.1333563E-02  6.2616982E-02  5.3526070E-02
  4.6139706E-02
  0.5128677      0.2180816      0.1438837      0.1197694      0.1076370    
  0.8973931      0.4134358      0.3061497      0.2857620    
   1.854947       1.000000      0.9161097    
   5.279078       4.099265    
   35.19385    
  1.0000000E+08
  4.9194179E-02  1.5897356E-02  8.3961822E-03  5.3090281E-03  3.6739164E-03
  2.6850258E-03  2.0356751E-03  1.5834768E-03
  5.5797212E-02  1.8479111E-02  9.8560471E-03  6.3260831E-03  4.4468786E-03
  3.2936940E-03  2.5254264E-03  1.9840400E-03
  6.4903766E-02  2.2171803E-02  1.1924581E-02  7.7499603E-03  5.5218274E-03
  4.1433265E-03  3.2107651E-03  2.5426380E-03
  7.7624783E-02  2.7413549E-02  1.4872476E-02  9.7825062E-03  7.0614922E-03
  5.3637926E-03  4.1996553E-03  0.0000000E+00
  9.5790952E-02  3.4892816E-02  1.9136284E-02  1.2760131E-02  9.3396958E-03
  7.1866689E-03  5.6845564E-03  0.0000000E+00
  0.1224378      4.5814425E-02  2.5504615E-02  1.7289938E-02  1.2860271E-02
  1.0039117E-02  8.0190888E-03  0.0000000E+00
  0.1627288      6.2384602E-02  3.5424817E-02  2.4534501E-02  1.8635580E-02
  1.4784853E-02  1.1872945E-02  0.0000000E+00
  0.2260992      8.8921919E-02  5.1885463E-02  3.6973868E-02  2.8853074E-02
  2.3282740E-02  1.8150525E-02
  0.3318729      0.1346738      8.1693009E-02  6.0694724E-02  4.9006414E-02
  3.9148800E-02
  0.5237052      0.2223439      0.1431231      0.1130496      9.3350023E-02
  0.9167579      0.4193397      0.2979189      0.2542638    
   1.894852       1.000000      0.8396181    
   5.365357       3.880457    
   35.42482    
  1.0000000E+09
  0.1077259      2.7914846E-02  1.2037220E-02  6.4880871E-03  3.9701113E-03
  2.6364021E-03  1.8525306E-03  1.3575356E-03
  0.1003948      2.8929930E-02  1.3317355E-02  7.4834344E-03  4.7116876E-03
  3.1946991E-03  2.2811221E-03  1.6903990E-03
  9.9309184E-02  3.0692231E-02  1.5014803E-02  8.8016354E-03  5.7112644E-03
  3.9574229E-03  2.8704356E-03  2.1514168E-03
  0.1058367      3.3948965E-02  1.7453829E-02  1.0638658E-02  7.1070073E-03
  5.0317217E-03  3.7064713E-03  0.0000000E+00
  0.1205273      3.9757509E-02  2.1147611E-02  1.3335683E-02  9.1540962E-03
  6.6149728E-03  4.9400819E-03  0.0000000E+00
  0.1446497      4.9626391E-02  2.7012547E-02  1.7496122E-02  1.2305090E-02
  9.0539968E-03  6.8334979E-03  0.0000000E+00
  0.1822924      6.5853663E-02  3.6571268E-02  2.4249259E-02  1.7425630E-02
  1.3024108E-02  9.8477369E-03  0.0000000E+00
  0.2436205      9.2725225E-02  5.2713942E-02  3.5866350E-02  2.6349923E-02
  1.9864656E-02  1.4464965E-02
  0.3496405      0.1395319      8.1954040E-02  5.7606094E-02  4.3239817E-02
  3.1791907E-02
  0.5460313      0.2290991      0.1412660      0.1037079      7.7710420E-02
  0.9524884      0.4284506      0.2854927      0.2183843    
   1.965318       1.000000      0.7491893    
   5.515297       3.623291    
   36.02143    
  1.0000000E+10
  0.3223190      5.0506976E-02  1.6867470E-02  7.7287364E-03  4.2144819E-03
  2.5659073E-03  1.6843611E-03  1.1680782E-03
  0.3169509      5.3250626E-02  1.8465942E-02  8.6830491E-03  4.8264344E-03
  2.9822260E-03  1.9813909E-03  1.3873315E-03
  0.3018013      5.6280565E-02  2.0565432E-02  9.9988068E-03  5.6948583E-03
  3.5834427E-03  2.4144100E-03  1.7094119E-03
  0.2780627      5.9787665E-02  2.3368722E-02  1.1847788E-02  6.9450075E-03
  4.4637956E-03  3.0549921E-03  0.0000000E+00
  0.2536085      6.4296789E-02  2.7221758E-02  1.4493618E-02  8.7749017E-03
  5.7712034E-03  4.0116902E-03  0.0000000E+00
  0.2425146      7.0917331E-02  3.2720983E-02  1.8370511E-02  1.1529285E-02
  7.7645229E-03  5.4717879E-03  0.0000000E+00
  0.2588572      8.2404859E-02  4.1202430E-02  2.4418466E-02  1.5889300E-02
  1.0934032E-02  7.7406657E-03  0.0000000E+00
  0.3115830      0.1047835      5.5672195E-02  3.4629606E-02  2.3273289E-02
  1.6211379E-02  1.1043779E-02
  0.4134558      0.1492306      8.2738876E-02  5.3548846E-02  3.6776807E-02
  2.4859834E-02
  0.6074198      0.2392938      0.1382560      9.2425145E-02  6.2447812E-02
   1.023500      0.4405344      0.2687582      0.1817965    
   2.081594       1.000000      0.6531075    
   5.759274       3.349636    
   35.79864    
