   100.0000    
  3.6034517E-02  1.3081457E-02  7.0816670E-03  4.7716275E-03  3.6171332E-03
  2.9467479E-03  2.5215745E-03  2.2374238E-03
  4.3380342E-02  1.5838770E-02  8.6508105E-03  5.8882339E-03  4.5116819E-03
  3.7202695E-03  3.2266893E-03  2.9078091E-03
  5.2988846E-02  1.9480109E-02  1.0755630E-02  7.4068620E-03  5.7524731E-03
  4.8147757E-03  4.2506838E-03  3.9118081E-03
  6.5828249E-02  2.4415914E-02  1.3649758E-02  9.5411493E-03  7.5363084E-03
  6.4344346E-03  5.8166701E-03  0.0000000E+00
  8.3466642E-02  3.1298675E-02  1.7775204E-02  1.2660492E-02  1.0222059E-02
  8.9644287E-03  8.3792889E-03  0.0000000E+00
  0.1085035      4.1233424E-02  2.3889707E-02  1.7448958E-02  1.4523258E-02
  1.3228794E-02  1.3007788E-02  0.0000000E+00
  0.1454431      5.6282889E-02  3.3487689E-02  2.5289414E-02  2.1995369E-02
  2.1279730E-02  2.2689961E-02  0.0000000E+00
  0.2026942      8.0414645E-02  4.9642183E-02  3.9402232E-02  3.6750160E-02
  3.9328564E-02  4.7105871E-02
  0.2975163      0.1222900      7.9751626E-02  6.8659231E-02  7.2511055E-02
  9.1759630E-02
  0.4688487      0.2036413      0.1454431      0.1458640      0.1948011    
  0.8202484      0.3922332      0.3360345      0.4661124    
   1.701747       1.000000       1.336561    
   4.956851       5.302042    
   40.67565    
   1000.000    
  3.6026202E-02  1.3100437E-02  7.0908712E-03  4.7795800E-03  3.6213351E-03
  2.9486381E-03  2.5192350E-03  2.2312331E-03
  4.3366604E-02  1.5855687E-02  8.6618848E-03  5.8962363E-03  4.5165317E-03
  3.7211480E-03  3.2231235E-03  2.8976919E-03
  5.2963194E-02  1.9505095E-02  1.0771470E-02  7.4173426E-03  5.7579540E-03
  4.8159701E-03  4.2441254E-03  3.8937409E-03
  6.5803699E-02  2.4433356E-02  1.3661884E-02  9.5539615E-03  7.5431485E-03
  6.4327307E-03  5.8016223E-03  0.0000000E+00
  8.3437309E-02  3.1316280E-02  1.7789563E-02  1.2674153E-02  1.0228737E-02
  8.9571644E-03  8.3447704E-03  0.0000000E+00
  0.1084425      4.1266374E-02  2.3923893E-02  1.7467249E-02  1.4524849E-02
  1.3204409E-02  1.2913288E-02  0.0000000E+00
  0.1453525      5.6331880E-02  3.3530880E-02  2.5317114E-02  2.1990020E-02
  2.1189438E-02  2.2343524E-02  0.0000000E+00
  0.2026409      8.0484509E-02  4.9698483E-02  3.9436471E-02  3.6681224E-02
  3.8895823E-02  4.5290083E-02
  0.2974631      0.1223747      7.9839885E-02  6.8642132E-02  7.2010815E-02
  8.8739865E-02
  0.4688085      0.2037846      0.1455604      0.1452485      0.1895404    
  0.8202329      0.3925972      0.3356207      0.4559160    
   1.702017       1.000000       1.314203    
   4.958412       5.238095    
   40.33063    
   10000.00    
  3.6028888E-02  1.3121758E-02  7.1101617E-03  4.7919843E-03  3.6283187E-03
  2.9488353E-03  2.5134778E-03  2.2164581E-03
  4.3373004E-02  1.5888516E-02  8.6847730E-03  5.9119114E-03  4.5244638E-03
  3.7208830E-03  3.2122878E-03  2.8745804E-03
  5.2965108E-02  1.9540230E-02  1.0792391E-02  7.4356627E-03  5.7664532E-03
  4.8123286E-03  4.2243926E-03  3.8510836E-03
  6.5802053E-02  2.4483776E-02  1.3701556E-02  9.5768487E-03  7.5516226E-03
  6.4235586E-03  5.7644192E-03  0.0000000E+00
  8.3440140E-02  3.1380326E-02  1.7841524E-02  1.2704710E-02  1.0232937E-02
  8.9319497E-03  8.2646729E-03  0.0000000E+00
  0.1084325      4.1348793E-02  2.3985352E-02  1.7495677E-02  1.4525481E-02
  1.3142102E-02  1.2714881E-02  0.0000000E+00
  0.1453565      5.6433730E-02  3.3607975E-02  2.5358561E-02  2.1950971E-02
  2.0984642E-02  2.1696674E-02  0.0000000E+00
  0.2027261      8.0622524E-02  4.9811821E-02  3.9466996E-02  3.6506969E-02
  3.8083617E-02  4.2620283E-02
  0.2975282      0.1226732      7.9991862E-02  6.8558641E-02  7.1020238E-02
  8.4213205E-02
  0.4690265      0.2041501      0.1457634      0.1441359      0.1813651    
  0.8206693      0.3932459      0.3345540      0.4400366    
   1.702777       1.000000       1.279626    
   4.961855       5.136813    
   39.79250    
   100000.0    
  3.6092065E-02  1.3183154E-02  7.1488735E-03  4.8148874E-03  3.6385895E-03
  2.9461314E-03  2.4955925E-03  2.1821745E-03
  4.3437805E-02  1.5964741E-02  8.7296767E-03  5.9382957E-03  4.5347698E-03
  3.7130264E-03  3.1841332E-03  2.8207640E-03
  5.3036239E-02  1.9627815E-02  1.0852106E-02  7.4671889E-03  5.7766894E-03
  4.7972575E-03  4.1772774E-03  3.7619979E-03
  6.5886386E-02  2.4583740E-02  1.3761018E-02  9.6141044E-03  7.5582759E-03
  6.3907932E-03  5.6787464E-03  0.0000000E+00
  8.3535746E-02  3.1508327E-02  1.7923603E-02  1.2742409E-02  1.0235064E-02
  8.8648377E-03  8.0950046E-03  0.0000000E+00
  0.1086190      4.1518118E-02  2.4094025E-02  1.7551420E-02  1.4495593E-02
  1.2987267E-02  1.2321254E-02  0.0000000E+00
  0.1455436      5.6660134E-02  3.3751223E-02  2.5406465E-02  2.1851126E-02
  2.0558275E-02  2.0617042E-02  0.0000000E+00
  0.2029383      8.0950044E-02  5.0009795E-02  3.9480899E-02  3.6111657E-02
  3.6650341E-02  3.8863856E-02
  0.2980411      0.1231146      8.0254652E-02  6.8315379E-02  6.9196858E-02
  7.7698335E-02
  0.4698335      0.2049951      0.1459354      0.1420176      0.1694417    
  0.8224290      0.3946131      0.3325171      0.4164545    
   1.707150       1.000000       1.226249    
   4.970617       4.984329    
   39.00098    
   1000000.    
  3.6458146E-02  1.3339466E-02  7.2355107E-03  4.8638457E-03  3.6559338E-03
  2.9346826E-03  2.4553819E-03  2.1122354E-03
  4.3781050E-02  1.6136156E-02  8.8279666E-03  5.9898808E-03  4.5482982E-03
  3.6890528E-03  3.1205153E-03  2.7138917E-03
  5.3394664E-02  1.9825207E-02  1.0965962E-02  7.5243795E-03  5.7838089E-03
  4.7525303E-03  4.0745172E-03  3.5915363E-03
  6.6274151E-02  2.4829809E-02  1.3900644E-02  9.6780127E-03  7.5547383E-03
  6.3100280E-03  5.5041402E-03  0.0000000E+00
  8.3992645E-02  3.1812329E-02  1.8086476E-02  1.2815087E-02  1.0202392E-02
  8.7092919E-03  7.7709295E-03  0.0000000E+00
  0.1091996      4.1904327E-02  2.4305429E-02  1.7626496E-02  1.4406624E-02
  1.2658694E-02  1.1646735E-02  0.0000000E+00
  0.1463662      5.7175715E-02  3.4029439E-02  2.5464581E-02  2.1591537E-02
  1.9779209E-02  1.8942043E-02  0.0000000E+00
  0.2040478      8.1683539E-02  5.0377186E-02  3.9429624E-02  3.5308190E-02
  3.4342226E-02  3.3854645E-02
  0.2996320      0.1241950      8.0708377E-02  6.7736886E-02  6.6099361E-02
  6.8813249E-02
  0.4726771      0.2067157      0.1461821      0.1381785      0.1528059    
  0.8276910      0.3973321      0.3287949      0.3828887    
   1.719411       1.000000       1.149954    
   4.996320       4.765409    
   37.92089    
  1.0000000E+07
  3.8529899E-02  1.3737542E-02  7.4725910E-03  4.9975081E-03  3.7084718E-03
  2.9186045E-03  2.3820598E-03  1.9900333E-03
  4.5564782E-02  1.6544851E-02  9.0614613E-03  6.1096344E-03  4.5772423E-03
  3.6387043E-03  2.9991693E-03  2.5290695E-03
  5.4958470E-02  2.0274086E-02  1.1204318E-02  7.6345508E-03  5.7840529E-03
  4.6528238E-03  3.8787373E-03  3.3056478E-03
  6.7732558E-02  2.5348837E-02  1.4169435E-02  9.7840531E-03  7.5141196E-03
  6.1295680E-03  5.1818932E-03  0.0000000E+00
  8.5465118E-02  3.2433555E-02  1.8397009E-02  1.2906976E-02  1.0091362E-02
  8.3803991E-03  7.2101327E-03  0.0000000E+00
  0.1107973      4.2691030E-02  2.4676079E-02  1.7691029E-02  1.4152823E-02
  1.2034884E-02  1.0573090E-02  0.0000000E+00
  0.1483389      5.8214284E-02  3.4493353E-02  2.5448505E-02  2.1004982E-02
  1.8430233E-02  1.6611295E-02  0.0000000E+00
  0.2068106      8.3139539E-02  5.0946843E-02  3.9136212E-02  3.3779070E-02
  3.0921925E-02  2.7948506E-02
  0.3037376      0.1263289      8.1320599E-02  6.6395350E-02  6.1229233E-02
  5.8014944E-02
  0.4792359      0.2099668      0.1461794      0.1317276      0.1319767    
  0.8397009      0.4021595      0.3217608      0.3394518    
   1.744186       1.000000       1.048173    
   5.049834       4.475914    
   36.78571    
  1.0000000E+08
  4.8680309E-02  1.6196189E-02  8.8073397E-03  5.6930133E-03  4.0134084E-03
  2.9823568E-03  2.2978121E-03  1.8172194E-03
  5.4693010E-02  1.8426253E-02  1.0119972E-02  6.6654901E-03  4.7911080E-03
  3.6238530E-03  2.8341566E-03  2.2695835E-03
  6.3133374E-02  2.1813691E-02  1.2067748E-02  8.0592800E-03  5.8920253E-03
  4.5299930E-03  3.5942129E-03  2.9117854E-03
  7.4947067E-02  2.6739590E-02  1.4904727E-02  1.0091743E-02  7.4947067E-03
  5.8525051E-03  4.7092447E-03  0.0000000E+00
  9.1743119E-02  3.3853211E-02  1.9082569E-02  1.3112208E-02  9.9011995E-03
  7.8616794E-03  6.4135497E-03  0.0000000E+00
  0.1165138      4.4297811E-02  2.5370501E-02  1.7755821E-02  1.3676781E-02
  1.1058575E-02  9.1601973E-03  0.0000000E+00
  0.1541284      6.0204655E-02  3.5243470E-02  2.5278758E-02  1.9957656E-02
  1.6506704E-02  1.3839096E-02  0.0000000E+00
  0.2134792      8.5744530E-02  5.1757235E-02  3.8405079E-02  3.1354975E-02
  2.6591390E-02  2.1912489E-02
  0.3127029      0.1300635      8.2004234E-02  6.3916720E-02  5.4594211E-02
  4.6556104E-02
  0.4931545      0.2155257      0.1454481      0.1221595      0.1089626    
  0.8645024      0.4102329      0.3105857      0.2898377    
   1.793931       1.000000      0.9294283    
   5.158080       4.136203    
   36.52787    
  1.0000000E+09
  0.1212766      3.2253139E-02  1.3829787E-02  7.4140751E-03  4.5231860E-03
  3.0021823E-03  2.1129295E-03  1.5526460E-03
  0.1077469      3.2438625E-02  1.4942717E-02  8.3851609E-03  5.2787783E-03
  3.5859249E-03  2.5690126E-03  1.9132569E-03
  0.1019094      3.3218767E-02  1.6421167E-02  9.6617574E-03  6.2956898E-03
  4.3829787E-03  3.1996726E-03  2.4168030E-03
  0.1052919      3.5400983E-02  1.8565195E-02  1.1445718E-02  7.7141300E-03
  5.5155484E-03  4.1031097E-03  0.0000000E+00
  0.1180578      4.0196400E-02  2.1953082E-02  1.4091653E-02  9.8145120E-03
  7.1958536E-03  5.4511731E-03  0.0000000E+00
  0.1405892      4.9165301E-02  2.7534097E-02  1.8248774E-02  1.3093290E-02
  9.8199667E-03  7.5559197E-03  0.0000000E+00
  0.1761047      6.4539008E-02  3.6879431E-02  2.5122751E-02  1.8510638E-02
  1.4173486E-02  1.0987452E-02  0.0000000E+00
  0.2338789      9.0507366E-02  5.2989636E-02  3.7163120E-02  2.8123297E-02
  2.1871250E-02  1.6453901E-02
  0.3339335      0.1361157      8.2596838E-02  6.0120024E-02  4.6792142E-02
  3.5821058E-02
  0.5202401      0.2240589      0.1434806      0.1099291      8.6415716E-02
  0.9078014      0.4218222      0.2947627      0.2390071    
   1.879978       1.000000      0.8030552    
   5.341517       3.775778    
   36.38298    
  1.0000000E+10
  0.3836113      5.9970990E-02  1.9945612E-02  9.1153001E-03  4.9637416E-03
  3.0184917E-03  1.9815082E-03  1.3745467E-03
  0.3691081      6.2001452E-02  2.1374185E-02  1.0010877E-02  5.5511240E-03
  3.4267586E-03  2.2762872E-03  1.5946338E-03
  0.3437999      6.4321972E-02  2.3339376E-02  1.1294415E-02  6.4140684E-03
  4.0319073E-03  2.7171862E-03  1.9249455E-03
  0.3078318      6.7077592E-02  2.6040610E-02  1.3132704E-02  7.6794778E-03
  4.9311095E-03  3.3781726E-03  0.0000000E+00
  0.2703046      7.0594631E-02  2.9771572E-02  1.5779549E-02  9.5431469E-03
  6.2799123E-03  4.3763593E-03  0.0000000E+00
  0.2476432      7.5815804E-02  3.5068892E-02  1.9673675E-02  1.2360406E-02
  8.3538797E-03  5.9173312E-03  0.0000000E+00
  0.2560914      8.5315444E-02  4.3183465E-02  2.5750544E-02  1.6849166E-02
  1.1682378E-02  8.3502531E-03  0.0000000E+00
  0.3045685      0.1054387      5.7215370E-02  3.6084119E-02  2.4535896E-02
  1.7316896E-02  1.1983321E-02
  0.4028281      0.1478970      8.4082671E-02  5.5511236E-02  3.8832486E-02
  2.6791152E-02
  0.5895576      0.2362944      0.1402828      9.6229151E-02  6.6751271E-02
  0.9898477      0.4365482      0.2749093      0.1923495    
   2.015591       1.000000      0.6820159    
   5.623640       3.430747    
   35.77230    
