   100.0000    
  4.4829741E-02  1.5177207E-02  7.3106326E-03  4.2814454E-03  2.7859625E-03
  1.9367617E-03  1.4107019E-03  1.0632384E-03
  5.4746352E-02  1.8582350E-02  8.9854067E-03  5.2821408E-03  3.4489229E-03
  2.4058374E-03  1.7574704E-03  1.3287005E-03
  6.7852676E-02  2.3106324E-02  1.1230022E-02  6.6289087E-03  4.3467688E-03
  3.0444753E-03  2.2321057E-03  1.6935371E-03
  8.5545518E-02  2.9263379E-02  1.4294649E-02  8.4920088E-03  5.5962475E-03
  3.9388468E-03  2.9013206E-03  0.0000000E+00
  0.1100764      3.7859626E-02  1.8630994E-02  1.1139681E-02  7.3940242E-03
  5.2362755E-03  3.8797774E-03  0.0000000E+00
  0.1452398      5.0284922E-02  2.4961779E-02  1.5059069E-02  1.0083391E-02
  7.1994443E-03  5.3724810E-03  0.0000000E+00
  0.1973593      6.9006249E-02  3.4656014E-02  2.1160528E-02  1.4336345E-02
  1.0347463E-02  7.7623352E-03  0.0000000E+00
  0.2785268      9.8679639E-02  5.0375260E-02  3.1271715E-02  2.1535788E-02
  1.5740098E-02  1.1542738E-02
  0.4129951      0.1492703      7.7901326E-02  4.9548298E-02  3.4892287E-02
  2.5323141E-02
  0.6547602      0.2438499      0.1317582      8.6935371E-02  6.2147323E-02
   1.143155      0.4476025      0.2560806      0.1774149    
   2.325921       1.000000      0.6320361    
   6.253649       3.298124    
   32.75191    
   1000.000    
  4.4850592E-02  1.5184156E-02  7.3175817E-03  4.2835302E-03  2.7859625E-03
  1.9360668E-03  1.4093121E-03  1.0618485E-03
  5.4774147E-02  1.8596249E-02  8.9923553E-03  5.2842251E-03  3.4496179E-03
  2.4051424E-03  1.7560807E-03  1.3266157E-03
  6.7887425E-02  2.3127172E-02  1.1236970E-02  6.6316887E-03  4.3467688E-03
  3.0430853E-03  2.2300207E-03  1.6900625E-03
  8.5615009E-02  2.9284224E-02  1.4301599E-02  8.4920088E-03  5.5955527E-03
  3.9367615E-03  2.8978458E-03  0.0000000E+00
  0.1101459      3.7887424E-02  1.8637944E-02  1.1139681E-02  7.3940242E-03
  5.2328007E-03  3.8735233E-03  0.0000000E+00
  0.1453093      5.0326616E-02  2.4975678E-02  1.5066018E-02  1.0083391E-02
  7.1924953E-03  5.3606671E-03  0.0000000E+00
  0.1974288      6.9054902E-02  3.4676857E-02  2.1167478E-02  1.4329395E-02
  1.0333565E-02  7.7345381E-03  0.0000000E+00
  0.2786658      9.8749131E-02  5.0403059E-02  3.1278666E-02  2.1514941E-02
  1.5698403E-02  1.1438498E-02
  0.4132036      0.1493398      7.7970818E-02  4.9534399E-02  3.4829743E-02
  2.5135512E-02
  0.6551772      0.2439889      0.1317582      8.6865880E-02  6.1806813E-02
   1.143850      0.4478110      0.2560111      0.1767894    
   2.327311       1.000000      0.6305073    
   6.257123       3.293954    
   32.74496    
   10000.00    
  4.4861116E-02  1.5201390E-02  7.3194448E-03  4.2833332E-03  2.7847223E-03
  1.9340279E-03  1.4062501E-03  1.0583334E-03
  5.4791667E-02  1.8611113E-02  9.0000005E-03  5.2847224E-03  3.4472223E-03
  2.4013889E-03  1.7513890E-03  1.3215278E-03
  6.7909725E-02  2.3145834E-02  1.1236111E-02  6.6312500E-03  4.3437504E-03
  3.0381945E-03  2.2236111E-03  1.6826389E-03
  8.5625008E-02  2.9305557E-02  1.4312500E-02  8.4930556E-03  5.5909720E-03
  3.9298609E-03  2.8888891E-03  0.0000000E+00
  0.1102083      3.7916668E-02  1.8645834E-02  1.1138889E-02  7.3819449E-03
  5.2215280E-03  3.8583332E-03  0.0000000E+00
  0.1453472      5.0361112E-02  2.4986112E-02  1.5062500E-02  1.0069445E-02
  7.1736113E-03  5.3340280E-03  0.0000000E+00
  0.1975000      6.9097228E-02  3.4687504E-02  2.1159722E-02  1.4305556E-02
  1.0298612E-02  7.6736114E-03  0.0000000E+00
  0.2788194      9.8819442E-02  5.0409723E-02  3.1256948E-02  2.1472223E-02
  1.5611111E-02  1.1263889E-02
  0.4134028      0.1494444      7.7916674E-02  4.9486112E-02  3.4701388E-02
  2.4833333E-02
  0.6554861      0.2440972      0.1317361      8.6666673E-02  6.1222222E-02
   1.144444      0.4479861      0.2557639      0.1755556    
   2.328472       1.000000      0.6275694    
   6.259722       3.286111    
   32.70834    
   100000.0    
  4.4889044E-02  1.5221914E-02  7.3300973E-03  4.2836340E-03  2.7815532E-03
  1.9285714E-03  1.4001386E-03  1.0513177E-03
  5.4819696E-02  1.8640775E-02  9.0083219E-03  5.2843271E-03  3.4424409E-03
  2.3945908E-03  1.7427185E-03  1.3113731E-03
  6.7940354E-02  2.3176145E-02  1.1248265E-02  6.6296807E-03  4.3370319E-03
  3.0284326E-03  2.2115118E-03  1.6685160E-03
  8.5644938E-02  2.9348128E-02  1.4320388E-02  8.4882108E-03  5.5811373E-03
  3.9153951E-03  2.8703189E-03  0.0000000E+00
  0.1102635      3.7968099E-02  1.8654644E-02  1.1137309E-02  7.3717064E-03
  5.1990291E-03  3.8294033E-03  0.0000000E+00
  0.1454230      5.0423022E-02  2.4999999E-02  1.5048544E-02  1.0041609E-02
  7.1428572E-03  5.2829403E-03  0.0000000E+00
  0.1976422      6.9181688E-02  3.4701802E-02  2.1137308E-02  1.4264910E-02
  1.0228849E-02  7.5728158E-03  0.0000000E+00
  0.2789875      9.8959774E-02  5.0416090E-02  3.1206656E-02  2.1373091E-02
  1.5450763E-02  1.1005548E-02
  0.4137309      0.1495839      7.7947296E-02  4.9368929E-02  3.4445215E-02
  2.4355063E-02
  0.6559639      0.2443134      0.1316227      8.6269073E-02  6.0270455E-02
   1.145631      0.4482663      0.2552705      0.1735090    
   2.330791       1.000000      0.6226768    
   6.264910       3.271845    
   32.64216    
   1000000.    
  4.5031141E-02  1.5273357E-02  7.3425607E-03  4.2844289E-03  2.7750863E-03
  1.9183389E-03  1.3875432E-03  1.0373702E-03
  5.4948095E-02  1.8698961E-02  9.0242215E-03  5.2844286E-03  3.4339100E-03
  2.3806228E-03  1.7259514E-03  1.2927335E-03
  6.8076119E-02  2.3245674E-02  1.1266435E-02  6.6283736E-03  4.3245670E-03
  3.0096886E-03  2.1882353E-03  1.6422145E-03
  8.5813142E-02  2.9432526E-02  1.4346020E-02  8.4844287E-03  5.5626296E-03
  3.8878890E-03  2.8366782E-03  0.0000000E+00
  0.1104498      3.8069203E-02  1.8685119E-02  1.1128027E-02  7.3425607E-03
  5.1570931E-03  3.7757782E-03  0.0000000E+00
  0.1456055      5.0553631E-02  2.5031140E-02  1.5031141E-02  9.9999998E-03
  7.0726639E-03  5.1910030E-03  0.0000000E+00
  0.1979239      6.9342554E-02  3.4733560E-02  2.1100344E-02  1.4179930E-02
  1.0096885E-02  7.3910030E-03  0.0000000E+00
  0.2794463      9.9169545E-02  5.0449826E-02  3.1128027E-02  2.1197231E-02
  1.5169549E-02  1.0615917E-02
  0.4144636      0.1498962      7.7923872E-02  4.9155708E-02  3.4006920E-02
  2.3619376E-02
  0.6572318      0.2447751      0.1315571      8.5605532E-02  5.8788922E-02
   1.148097      0.4489273      0.2543944      0.1702422    
   2.335640       1.000000      0.6147404    
   6.276124       3.249135    
   32.56747    
  1.0000000E+07
  4.6096552E-02  1.5393103E-02  7.3793097E-03  4.2875861E-03  2.7620690E-03
  1.8972412E-03  1.3627586E-03  1.0110345E-03
  5.5800002E-02  1.8827587E-02  9.0620685E-03  5.2834479E-03  3.4151725E-03
  2.3531034E-03  1.6937930E-03  1.2579310E-03
  6.8765514E-02  2.3386206E-02  1.1303448E-02  6.6234483E-03  4.2979307E-03
  2.9710343E-03  2.1441379E-03  1.5937932E-03
  8.6413793E-02  2.9593103E-02  1.4386206E-02  8.4689660E-03  5.5234479E-03
  3.8331035E-03  2.7724139E-03  0.0000000E+00
  0.1109655      3.8268965E-02  1.8731033E-02  1.1103448E-02  7.2827586E-03
  5.0751721E-03  3.6793102E-03  0.0000000E+00
  0.1462069      5.0806895E-02  2.5082760E-02  1.4993104E-02  9.9034477E-03
  6.9379308E-03  5.0324136E-03  0.0000000E+00
  0.1986207      6.9655173E-02  3.4786206E-02  2.1013793E-02  1.4006897E-02
  9.8620681E-03  7.1034483E-03  0.0000000E+00
  0.2803448      9.9655174E-02  5.0489653E-02  3.0951722E-02  2.0868964E-02
  1.4696551E-02  1.0062069E-02
  0.4158621      0.1505517      7.7931032E-02  4.8737932E-02  3.3227585E-02
  2.2524137E-02
  0.6596552      0.2456552      0.1312414      8.4344827E-02  5.6503445E-02
   1.152414      0.4500690      0.2526207      0.1651035    
   2.344827       1.000000      0.6018621    
   6.296551       3.211724    
   32.56552    
  1.0000000E+08
  5.3102262E-02  1.5964309E-02  7.5566228E-03  4.3225805E-03  2.7391899E-03
  1.8517502E-03  1.3102264E-03  9.5881941E-04
  6.1908029E-02  1.9286204E-02  9.1969799E-03  5.3006173E-03  3.3795470E-03
  2.2951267E-03  1.6293754E-03  1.1942347E-03
  7.3850371E-02  2.3795469E-02  1.1420727E-02  6.6231978E-03  4.2450237E-03
  2.8956761E-03  2.0610844E-03  1.5113245E-03
  9.0528481E-02  2.9993135E-02  1.4488674E-02  8.4557300E-03  5.4468084E-03
  3.7302678E-03  2.6602608E-03  0.0000000E+00
  0.1142073      3.8702812E-02  1.8826354E-02  1.1056966E-02  7.1654078E-03
  4.9258745E-03  3.5168154E-03  0.0000000E+00
  0.1487989      5.1317774E-02  2.5175016E-02  1.4900479E-02  9.7185997E-03
  6.7069321E-03  4.7803707E-03  0.0000000E+00
  0.2009609      7.0350029E-02  3.4873024E-02  2.0851063E-02  1.3699382E-02
  9.4783800E-03  6.6835959E-03  0.0000000E+00
  0.2827728      0.1004804      5.0542206E-02  3.0610844E-02  2.0288264E-02
  1.3973918E-02  9.3136579E-03
  0.4190117      0.1516815      7.7831157E-02  4.7968425E-02  3.1969797E-02
  2.1022648E-02
  0.6645848      0.2472889      0.1306108      8.2223743E-02  5.3273845E-02
   1.161290      0.4522306      0.2496225      0.1575841    
   2.363761       1.000000      0.5824296    
   6.339053       3.157172    
   33.41112    
  1.0000000E+09
  8.3424278E-02  2.0272851E-02  8.5266028E-03  4.4877217E-03  2.6780353E-03
  1.7332878E-03  1.1875853E-03  8.4856752E-04
  8.8403814E-02  2.2980900E-02  1.0075035E-02  5.4358798E-03  3.2967259E-03
  2.1562073E-03  1.4877217E-03  1.0668485E-03
  9.7544335E-02  2.6759891E-02  1.2148704E-02  6.7094131E-03  4.1309688E-03
  2.7285130E-03  1.8929059E-03  1.3615279E-03
  0.1120737      3.2237381E-02  1.5040928E-02  8.4720328E-03  5.2858116E-03
  3.5211460E-03  2.4536152E-03  0.0000000E+00
  0.1334925      4.0381990E-02  1.9215552E-02  1.0995908E-02  6.9372440E-03
  4.6507502E-03  3.2476124E-03  0.0000000E+00
  0.1652797      5.2687585E-02  2.5429741E-02  1.4733970E-02  9.3792630E-03
  6.3185538E-03  4.4024559E-03  0.0000000E+00
  0.2141883      7.1691677E-02  3.5034109E-02  2.0525238E-02  1.3165074E-02
  8.8813100E-03  6.1077764E-03  0.0000000E+00
  0.2933833      0.1020464      5.0593451E-02  2.9986355E-02  1.9351978E-02
  1.2946794E-02  8.3969980E-03
  0.4285130      0.1538199      7.7626191E-02  4.6643931E-02  3.0109141E-02
  1.9126875E-02
  0.6756480      0.2502047      0.1295362      7.8922234E-02  4.9038198E-02
   1.178718      0.4560027      0.2446112      0.1472715    
   2.399045       1.000000      0.5552524    
   6.418827       3.080491    
   35.56617    
  1.0000000E+10
  0.1881677      3.0169033E-02  1.0216363E-02  4.7139963E-03  2.5767412E-03
  1.5672751E-03  1.0263692E-03  7.0858689E-04
  0.1953347      3.3630833E-02  1.1832319E-02  5.5949967E-03  3.1108859E-03
  1.9154835E-03  1.2650440E-03  8.7964843E-04
  0.1995943      3.7816092E-02  1.3962137E-02  6.8018930E-03  3.8546314E-03
  2.4056796E-03  1.6044625E-03  1.1217039E-03
  0.2029750      4.3164302E-02  1.6862746E-02  8.4854634E-03  4.9121026E-03
  3.1075052E-03  2.0899256E-03  0.0000000E+00
  0.2110886      5.0446250E-02  2.0919541E-02  1.0892496E-02  6.4408388E-03
  4.1277893E-03  2.7931035E-03  0.0000000E+00
  0.2319135      6.1068289E-02  2.6822178E-02  1.4442191E-02  8.7085869E-03
  5.6402977E-03  3.8228536E-03  0.0000000E+00
  0.2740365      7.7890471E-02  3.5882354E-02  1.9912103E-02  1.2210954E-02
  7.9513183E-03  5.3306287E-03  0.0000000E+00
  0.3475997      0.1064233      5.0764032E-02  2.8830290E-02  1.7876944E-02
  1.1555105E-02  7.3157540E-03
  0.4746450      0.1574713      7.7011496E-02  4.4442192E-02  2.7532116E-02
  1.6869506E-02
  0.7139959      0.2544287      0.1272482      7.4104123E-02  4.3901287E-02
   1.217715      0.4611900      0.2367816      0.1344151    
   2.459770       1.000000      0.5196755    
   6.549696       2.981068    
   36.49763    
