   100.0000    
  3.8983915E-02  1.3931580E-02  7.2989529E-03  4.6974723E-03  3.3622668E-03
  2.5657390E-03  2.0421240E-03  1.6747511E-03
  4.7230020E-02  1.6961960E-02  8.9456216E-03  5.7978039E-03  4.1817715E-03
  3.2141942E-03  2.5785039E-03  2.1314782E-03
  5.8080159E-02  2.0972682E-02  1.1151391E-02  7.2912937E-03  5.3076334E-03
  4.1179475E-03  3.3341842E-03  2.7852948E-03
  7.2632112E-02  2.6397754E-02  1.4181772E-02  9.3719680E-03  6.8981359E-03
  5.4148580E-03  4.4396222E-03  0.0000000E+00
  9.2672959E-02  3.4005616E-02  1.8480979E-02  1.2379371E-02  9.2417663E-03
  7.3704361E-03  6.1475616E-03  0.0000000E+00
  0.1211641      4.4957876E-02  2.4825122E-02  1.6921112E-02  1.2879754E-02
  1.0492723E-02  8.9634918E-03  0.0000000E+00
  0.1632882      6.1501145E-02  3.4669388E-02  2.4194537E-02  1.8917538E-02
  1.5897369E-02  1.4049017E-02  0.0000000E+00
  0.2286444      8.7898895E-02  5.0982893E-02  3.6788356E-02  2.9946385E-02
  2.6372224E-02  2.3972426E-02
  0.3367373      0.1333929      8.0571860E-02  6.1271381E-02  5.3203978E-02
  4.9680874E-02
  0.5317845      0.2204238      0.1421241      0.1180751      0.1134031    
  0.9290273      0.4163901      0.3022721      0.2951238    
   1.913199       1.000000      0.9326015    
   5.394434       4.148583    
   35.43528    
   1000.000    
  3.8986504E-02  1.3944486E-02  7.3032849E-03  4.6982425E-03  3.3638908E-03
  2.5642985E-03  2.0387063E-03  1.6699770E-03
  4.7262542E-02  1.6974790E-02  8.9533990E-03  5.8008656E-03  4.1838554E-03
  3.2136489E-03  2.5744843E-03  2.1245223E-03
  5.8085050E-02  2.0988030E-02  1.1158645E-02  7.2956458E-03  5.3068497E-03
  4.1125542E-03  3.3256940E-03  2.7731094E-03
  7.2650880E-02  2.6432391E-02  1.4191494E-02  9.3761133E-03  6.8958490E-03
  5.4087089E-03  4.4283168E-03  0.0000000E+00
  9.2691615E-02  3.4020882E-02  1.8492488E-02  1.2383499E-02  9.2386045E-03
  7.3593073E-03  6.1268145E-03  0.0000000E+00
  0.1212121      4.4996176E-02  2.4840845E-02  1.6923860E-02  1.2869875E-02
  1.0468551E-02  8.9202952E-03  0.0000000E+00
  0.1633308      6.1548255E-02  3.4682963E-02  2.4196588E-02  1.8897377E-02
  1.5844155E-02  1.3931754E-02  0.0000000E+00
  0.2287242      8.7980650E-02  5.1005859E-02  3.6796536E-02  2.9895592E-02
  2.6228674E-02  2.3521772E-02
  0.3368984      0.1334607      8.0595873E-02  6.1217211E-02  5.2992105E-02
  4.8892286E-02
  0.5319582      0.2205500      0.1421441      0.1177998      0.1119684    
  0.9294627      0.4163484      0.3017571      0.2923351    
   1.914184       1.000000      0.9261522    
   5.398523       4.130379    
   35.34505    
   10000.00    
  3.9026864E-02  1.3966042E-02  7.3137358E-03  4.7034975E-03  3.3628992E-03
  2.5595541E-03  2.0319312E-03  1.6601622E-03
  4.7288392E-02  1.7002027E-02  8.9660417E-03  5.8058794E-03  4.1814493E-03
  3.2083122E-03  2.5646226E-03  2.1104917E-03
  5.8134820E-02  2.1021286E-02  1.1173340E-02  7.2985301E-03  5.3041056E-03
  4.1054231E-03  3.3122150E-03  2.7521541E-03
  7.2681196E-02  2.6457172E-02  1.4209326E-02  9.3816528E-03  6.8905219E-03
  5.3953370E-03  4.4044601E-03  0.0000000E+00
  9.2752151E-02  3.4059808E-02  1.8514952E-02  1.2387228E-02  9.2295995E-03
  7.3340093E-03  6.0846428E-03  0.0000000E+00
  0.1212620      4.5032945E-02  2.4865687E-02  1.6928537E-02  1.2850989E-02
  1.0423213E-02  8.8342624E-03  0.0000000E+00
  0.1634313      6.1606690E-02  3.4718703E-02  2.4191586E-02  1.8854536E-02
  1.5739990E-02  1.3715154E-02  0.0000000E+00
  0.2288647      8.8089205E-02  5.1039025E-02  3.6771413E-02  2.9776990E-02
  2.5924988E-02  2.2823112E-02
  0.3370502      0.1336290      8.0638625E-02  6.1125193E-02  5.2584898E-02
  4.7668524E-02
  0.5321845      0.2207805      0.1421186      0.1172580      0.1096807    
  0.9303092      0.4168778      0.3013178      0.2876330    
   1.915864       1.000000      0.9156107    
   5.400406       4.100355    
   35.17486    
   100000.0    
  3.9080169E-02  1.4016085E-02  7.3360144E-03  4.7122394E-03  3.3626542E-03
  2.5534055E-03  2.0183465E-03  1.6413672E-03
  4.7373716E-02  1.7059563E-02  8.9922091E-03  5.8155316E-03  4.1794423E-03
  3.1967831E-03  2.5433528E-03  2.0829355E-03
  5.8230713E-02  2.1088215E-02  1.1203820E-02  7.3083690E-03  5.2978136E-03
  4.0864539E-03  3.2822320E-03  2.7092234E-03
  7.2807238E-02  2.6539331E-02  1.4244786E-02  9.3918070E-03  6.8811257E-03
  5.3656702E-03  4.3578791E-03  0.0000000E+00
  9.2912801E-02  3.4179445E-02  1.8559940E-02  1.2397588E-02  9.2108576E-03
  7.2857505E-03  6.0015083E-03  0.0000000E+00
  0.1214627      4.5187235E-02  2.4920836E-02  1.6933903E-02  1.2812264E-02
  1.0334255E-02  8.6755473E-03  0.0000000E+00
  0.1637095      6.1799448E-02  3.4782607E-02  2.4186984E-02  1.8768534E-02
  1.5544106E-02  1.3342548E-02  0.0000000E+00
  0.2292536      8.8313647E-02  5.1118370E-02  3.6717769E-02  2.9555166E-02
  2.5383264E-02  2.1769291E-02
  0.3377733      0.1339784      8.0748938E-02  6.0919829E-02  5.1847201E-02
  4.5790404E-02
  0.5332999      0.2213119      0.1421211      0.1162855      0.1061071    
  0.9321437      0.4176929      0.3003267      0.2802212    
   1.919829       1.000000      0.8984669    
   5.410908       4.051270    
   34.95853    
   1000000.    
  3.9370663E-02  1.4117938E-02  7.3835477E-03  4.7299303E-03  3.3597620E-03
  2.5371655E-03  1.9905847E-03  1.6040634E-03
  4.7621407E-02  1.7177898E-02  9.0436069E-03  5.8325068E-03  4.1724476E-03
  3.1714570E-03  2.5049553E-03  2.0299801E-03
  5.8498509E-02  2.1228937E-02  1.1263627E-02  7.3265606E-03  5.2849352E-03
  4.0485626E-03  3.2234886E-03  2.6313181E-03
  7.3116943E-02  2.6709612E-02  1.4316154E-02  9.4078295E-03  6.8582753E-03
  5.3072344E-03  4.2666006E-03  0.0000000E+00
  9.3260653E-02  3.4365706E-02  1.8642219E-02  1.2408325E-02  9.1650151E-03
  7.1878093E-03  5.8473730E-03  0.0000000E+00
  0.1219276      4.5441031E-02  2.5024777E-02  1.6935084E-02  1.2727948E-02
  1.0153617E-02  8.3870161E-03  0.0000000E+00
  0.1642963      6.2140733E-02  3.4910802E-02  2.4160059E-02  1.8587710E-02
  1.5173439E-02  1.2725471E-02  0.0000000E+00
  0.2301288      8.8800795E-02  5.1263623E-02  3.6595635E-02  2.9112983E-02
  2.4472250E-02  2.0227948E-02
  0.3389494      0.1346630      8.0896929E-02  6.0505450E-02  5.0495539E-02
  4.2963330E-02
  0.5354311      0.2223488      0.1420466      0.1144450      0.1005946    
  0.9363230      0.4192269      0.2980674      0.2688305    
   1.928394       1.000000      0.8714073    
   5.428642       3.974232    
   34.58870    
  1.0000000E+07
  4.0948693E-02  1.4378025E-02  7.5072604E-03  4.7797677E-03  3.3639884E-03
  2.5072605E-03  1.9387705E-03  1.5365439E-03
  4.8959341E-02  1.7449176E-02  9.1674738E-03  5.8760890E-03  4.1626329E-03
  3.1243947E-03  2.4298159E-03  1.9351403E-03
  5.9656341E-02  2.1524686E-02  1.1391577E-02  7.3620523E-03  5.2565346E-03
  3.9738626E-03  3.1122945E-03  2.4927396E-03
  7.4152954E-02  2.7057115E-02  1.4455469E-02  9.4312681E-03  6.8030008E-03
  5.1911906E-03  4.0972894E-03  0.0000000E+00
  9.4288476E-02  3.4777347E-02  1.8799612E-02  1.2420136E-02  9.0658274E-03
  6.9966116E-03  5.5735721E-03  0.0000000E+00
  0.1230639      4.5958374E-02  2.5217811E-02  1.6916746E-02  1.2541142E-02
  9.8160701E-03  7.9041626E-03  0.0000000E+00
  0.1657067      6.2802516E-02  3.5116166E-02  2.4070667E-02  1.8221200E-02
  1.4520813E-02  1.1781219E-02  0.0000000E+00
  0.2320184      8.9690216E-02  5.1500484E-02  3.6326233E-02  2.8291382E-02
  2.3005808E-02  1.8158276E-02
  0.3417231      0.1359390      8.1074536E-02  5.9632137E-02  4.8257500E-02
  3.9036784E-02
  0.5399322      0.2242498      0.1417473      0.1112052      9.2739590E-02
  0.9445789      0.4218296      0.2942885      0.2519361    
   1.945547       1.000000      0.8308325    
   5.467086       3.857696    
   34.26912    
  1.0000000E+08
  4.9650349E-02  1.5804196E-02  8.1701633E-03  5.0699296E-03  3.4475524E-03
  2.4801865E-03  1.8531468E-03  1.4226107E-03
  5.6713287E-02  1.8580420E-02  9.7016320E-03  6.0979021E-03  4.2027971E-03
  3.0582752E-03  2.3046620E-03  1.7813520E-03
  6.6363633E-02  2.2480186E-02  1.1834498E-02  7.5221444E-03  5.2424241E-03
  3.8531467E-03  2.9300700E-03  2.2783217E-03
  7.9836830E-02  2.7948719E-02  1.4836830E-02  9.5314682E-03  6.7202793E-03
  4.9883449E-03  3.8228438E-03  0.0000000E+00
  9.9067599E-02  3.5710957E-02  1.9156177E-02  1.2454544E-02  8.8857803E-03
  6.6666664E-03  5.1468532E-03  0.0000000E+00
  0.1272494      4.6993002E-02  2.5547784E-02  1.6862471E-02  1.2198135E-02
  9.2587406E-03  7.1958043E-03  0.0000000E+00
  0.1697436      6.4079255E-02  3.5477854E-02  2.3846155E-02  1.7557109E-02
  1.3496503E-02  1.0496503E-02  0.0000000E+00
  0.2365967      9.1398597E-02  5.1864799E-02  3.5757575E-02  2.6899766E-02
  2.0906761E-02  1.5652681E-02
  0.3477855      0.1382984      8.1258737E-02  5.8041956E-02  4.4871796E-02
  3.4149185E-02
  0.5491841      0.2276690      0.1409557      0.1059907      8.2587406E-02
  0.9608391      0.4265734      0.2876457      0.2291608    
   1.979021       1.000000      0.7750583    
   5.538462       3.696970    
   34.73193    
  1.0000000E+09
  9.9472418E-02  2.5478126E-02  1.0995823E-02  5.9243795E-03  3.6205759E-03
  2.3961312E-03  1.6783909E-03  1.2246647E-03
  9.5823258E-02  2.6994944E-02  1.2369752E-02  6.9267978E-03  4.3438119E-03
  2.9303145E-03  2.0800177E-03  1.5326446E-03
  9.7669818E-02  2.9347109E-02  1.4200924E-02  8.2589583E-03  5.3176526E-03
  3.6557487E-03  2.6313476E-03  1.9562542E-03
  0.1062871      3.3216093E-02  1.6794901E-02  1.0109914E-02  6.6783912E-03
  4.6757529E-03  3.4073424E-03  0.0000000E+00
  0.1224665      3.9657071E-02  2.0670477E-02  1.2809409E-02  8.6590461E-03
  6.1683888E-03  4.5438558E-03  0.0000000E+00
  0.1479666      5.0142888E-02  2.6687186E-02  1.6931195E-02  1.1679490E-02
  8.4414165E-03  6.2629152E-03  0.0000000E+00
  0.1876676      6.6981755E-02  3.6315676E-02  2.3521654E-02  1.6533304E-02
  1.2090569E-02  8.9492202E-03  0.0000000E+00
  0.2523632      9.4592221E-02  5.2429110E-02  3.4754891E-02  2.4862608E-02
  1.8261157E-02  1.2934712E-02
  0.3633766      0.1424049      8.1336558E-02  5.5440757E-02  4.0316556E-02
  2.8665641E-02
  0.5686964      0.2334579      0.1392834      9.8483182E-02  7.0828758E-02
  0.9918664      0.4339415      0.2774236      0.2017806    
   2.039789       1.000000      0.7054298    
   5.671576       3.499670    
   35.76611    
  1.0000000E+10
  0.2828829      4.4544544E-02  1.4936937E-02  6.8628630E-03  3.7477477E-03
  2.2822823E-03  1.4986986E-03  1.0390390E-03
  0.2818819      4.7627628E-02  1.6594594E-02  7.8258263E-03  4.3563563E-03
  2.6926927E-03  1.7885886E-03  1.2512513E-03
  0.2724725      5.1031031E-02  1.8742742E-02  9.1411406E-03  5.2112108E-03
  3.2792792E-03  2.2082082E-03  1.5595596E-03
  0.2562563      5.5075075E-02  2.1601601E-02  1.0978978E-02  6.4364360E-03
  4.1321320E-03  2.8208208E-03  0.0000000E+00
  0.2404404      6.0300298E-02  2.5545545E-02  1.3597598E-02  8.2222223E-03
  5.3893891E-03  3.7317318E-03  0.0000000E+00
  0.2378378      6.7927927E-02  3.1211210E-02  1.7449450E-02  1.0898899E-02
  7.2972975E-03  5.1091090E-03  0.0000000E+00
  0.2602603      8.0780774E-02  3.9899901E-02  2.3443444E-02  1.5113113E-02
  1.0304304E-02  7.2212210E-03  0.0000000E+00
  0.3171171      0.1046647      5.4594595E-02  3.3473473E-02  2.2182181E-02
  1.5245245E-02  1.0228228E-02
  0.4230230      0.1506106      8.1701696E-02  5.1831834E-02  3.4914915E-02
  2.3143144E-02
  0.6242242      0.2420420      0.1363764      8.8948943E-02  5.8578581E-02
   1.055055      0.4444444      0.2630631      0.1721522    
   2.142142       1.000000      0.6266266    
   5.887887       3.275275    
   35.83584    
