   100.0000    
  3.8363118E-02  1.3770130E-02  7.2689173E-03  4.7253473E-03  3.4259874E-03
  2.6472537E-03  2.1350100E-03  1.7752041E-03
  4.6437237E-02  1.6748291E-02  8.9058029E-03  5.8349883E-03  4.2620781E-03
  3.3223033E-03  2.7024047E-03  2.2678140E-03
  5.7026252E-02  2.0688286E-02  1.1094199E-02  7.3373043E-03  5.4114275E-03
  4.2598723E-03  3.5031990E-03  2.9759542E-03
  7.1233183E-02  2.6031327E-02  1.4105449E-02  9.4374595E-03  7.0461063E-03
  5.6187953E-03  4.6878448E-03  0.0000000E+00
  9.0778731E-02  3.3465698E-02  1.8380765E-02  1.2475183E-02  9.4617251E-03
  7.6792417E-03  6.5320982E-03  0.0000000E+00
  0.1185308      4.4231195E-02  2.4685640E-02  1.7079199E-02  1.3229650E-02
  1.0997132E-02  9.6161477E-03  0.0000000E+00
  0.1595632      6.0489744E-02  3.4502536E-02  2.4487095E-02  1.9536732E-02
  1.6823297E-02  1.5312157E-02  0.0000000E+00
  0.2232517      8.6454883E-02  5.0827269E-02  3.7392456E-02  3.1215532E-02
  2.8369732E-02  2.6869623E-02
  0.3284801      0.1312376      8.0586806E-02  6.2784031E-02  5.6364439E-02
  5.5129055E-02
  0.5184205      0.2171851      0.1430620      0.1229208      0.1243106    
  0.9060225      0.4118685      0.3084050      0.3187734    
   1.868520       1.000000      0.9902934    
   5.303331       4.312817    
   36.11295    
   1000.000    
  3.8368512E-02  1.3781882E-02  7.2757257E-03  4.7295517E-03  3.4256817E-03
  2.6451189E-03  2.1317063E-03  1.7700088E-03
  4.6459984E-02  1.6763413E-02  8.9116096E-03  5.8377306E-03  4.2634127E-03
  3.3179419E-03  2.6956906E-03  2.2603343E-03
  5.7036065E-02  2.0705806E-02  1.1103782E-02  7.3416890E-03  5.4111700E-03
  4.2568161E-03  3.4960425E-03  2.9639401E-03
  7.1240105E-02  2.6055411E-02  1.4116095E-02  9.4415136E-03  7.0448550E-03
  5.6134565E-03  4.6745827E-03  0.0000000E+00
  9.0787165E-02  3.3509236E-02  1.8392701E-02  1.2480211E-02  9.4591035E-03
  7.6671066E-03  6.5083550E-03  0.0000000E+00
  0.1185796      4.4261217E-02  2.4714161E-02  1.7084433E-02  1.3221197E-02
  1.0974055E-02  9.5646437E-03  0.0000000E+00
  0.1596086      6.0532100E-02  3.4520671E-02  2.4494283E-02  1.9516271E-02
  1.6763413E-02  1.5169305E-02  0.0000000E+00
  0.2231750      8.6521551E-02  5.0857518E-02  3.7401058E-02  3.1156553E-02
  2.8188216E-02  2.6297275E-02
  0.3287159      0.1313325      8.0628857E-02  6.2730871E-02  5.6112576E-02
  5.4155674E-02
  0.5186896      0.2173483      0.1430739      0.1226253      0.1225594    
  0.9065524      0.4120493      0.3082674      0.3153034    
   1.869393       1.000000      0.9826297    
   5.305629       4.289798    
   35.99384    
   10000.00    
  3.8417831E-02  1.3806818E-02  7.2880243E-03  4.7355769E-03  3.4265732E-03
  2.6420453E-03  2.1245629E-03  1.7593967E-03
  4.6481643E-02  1.6791958E-02  8.9270109E-03  5.8457167E-03  4.2635486E-03
  3.3129370E-03  2.6857518E-03  2.2443181E-03
  5.7080418E-02  2.0740820E-02  1.1121066E-02  7.3492136E-03  5.4108389E-03
  4.2482517E-03  3.4812063E-03  2.9392482E-03
  7.1284965E-02  2.6092658E-02  1.4138985E-02  9.4493004E-03  7.0410841E-03
  5.5987765E-03  4.6481644E-03  0.0000000E+00
  9.0865381E-02  3.3544578E-02  1.8420018E-02  1.2489073E-02  9.4514862E-03
  7.6420452E-03  6.4597903E-03  0.0000000E+00
  0.1186407      4.4340033E-02  2.4737762E-02  1.7091347E-02  1.3203671E-02
  1.0924389E-02  9.4667831E-03  0.0000000E+00
  0.1597246      6.0620628E-02  3.4571677E-02  2.4497379E-02  1.9473340E-02
  1.6645541E-02  1.4910402E-02  0.0000000E+00
  0.2233392      8.6647727E-02  5.0895978E-02  3.7390735E-02  3.1031469E-02
  2.7840909E-02  2.5437063E-02
  0.3288899      0.1315122      8.0681816E-02  6.2631115E-02  5.5638112E-02
  5.2644230E-02
  0.5190122      0.2176136      0.1430944      0.1220061      0.1197334    
  0.9073426      0.4123689      0.3074738      0.3096591    
   1.871503       1.000000      0.9696241    
   5.310315       4.252622    
   35.81731    
   100000.0    
  3.8478166E-02  1.3858626E-02  7.3130135E-03  4.7449199E-03  3.4262864E-03
  2.6351060E-03  2.1098140E-03  1.7377865E-03
  4.6562906E-02  1.6852573E-02  8.9559015E-03  5.8560316E-03  4.2607007E-03
  3.3009080E-03  2.6653695E-03  2.2114138E-03
  5.7176825E-02  2.0810636E-02  1.1154345E-02  7.3605706E-03  5.4063983E-03
  4.2304369E-03  3.4479031E-03  2.8901862E-03
  7.1400784E-02  2.6178123E-02  1.4178555E-02  9.4617382E-03  7.0319935E-03
  5.5685258E-03  4.5957635E-03  0.0000000E+00
  9.1007352E-02  3.3657588E-02  1.8469520E-02  1.2501081E-02  9.4314739E-03
  7.5897104E-03  6.3661910E-03  0.0000000E+00
  0.1188284      4.4466060E-02  2.4816256E-02  1.7101167E-02  1.3162560E-02
  1.0821444E-02  9.2779938E-03  0.0000000E+00
  0.1599654      6.0808476E-02  3.4651969E-02  2.4492001E-02  1.9379593E-02
  1.6418071E-02  1.4459576E-02  0.0000000E+00
  0.2237354      8.6900130E-02  5.0994381E-02  3.7332468E-02  3.0782534E-02
  2.7194122E-02  2.4124514E-02
  0.3294423      0.1318634      8.0804154E-02  6.2408127E-02  5.4755729E-02
  5.0302640E-02
  0.5201038      0.2181150      0.1430826      0.1208820      0.1153264    
  0.9092088      0.4133160      0.3063122      0.3006918    
   1.875486       1.000000      0.9489840    
   5.317769       4.193688    
   35.51665    
   1000000.    
  3.8773347E-02  1.3968591E-02  7.3641767E-03  4.7665532E-03  3.4252973E-03
  2.6167231E-03  2.0791595E-03  1.6952462E-03
  4.6859082E-02  1.6977929E-02  9.0131573E-03  5.8764853E-03  4.2572157E-03
  3.2767402E-03  2.6209676E-03  2.1519526E-03
  5.7470288E-02  2.0959252E-02  1.1222411E-02  7.3832772E-03  5.3947368E-03
  4.1893041E-03  3.3807300E-03  2.7971137E-03
  7.1731746E-02  2.6358234E-02  1.4257216E-02  9.4821732E-03  7.0076399E-03
  5.5050934E-03  4.4906624E-03  0.0000000E+00
  9.1362484E-02  3.3870969E-02  1.8563243E-02  1.2519100E-02  9.3866726E-03
  7.4787773E-03  6.1863330E-03  0.0000000E+00
  0.1193124      4.4758063E-02  2.4915110E-02  1.7109508E-02  1.3070883E-02
  1.0617573E-02  8.9388797E-03  0.0000000E+00
  0.1605900      6.1162990E-02  3.4804754E-02  2.4469439E-02  1.9180816E-02
  1.5988965E-02  1.3718167E-02  0.0000000E+00
  0.2247453      8.7393887E-02  5.1167231E-02  3.7224110E-02  3.0284381E-02
  2.6103565E-02  2.2219863E-02
  0.3308574      0.1325976      8.0963500E-02  6.1948217E-02  5.3204585E-02
  4.6837859E-02
  0.5222836      0.2192275      0.1430390      0.1187606      0.1086375    
  0.9134125      0.4148982      0.3041172      0.2867148    
   1.884338       1.000000      0.9163837    
   5.337436       4.100170    
   35.08065    
  1.0000000E+07
  4.0444810E-02  1.4254531E-02  7.5082374E-03  4.8290775E-03  3.4369854E-03
  2.5885503E-03  2.0232701E-03  1.6196459E-03
  4.8270181E-02  1.7275536E-02  9.1556832E-03  5.9328666E-03  4.2504119E-03
  3.2269356E-03  2.5391269E-03  2.0436575E-03
  5.8690283E-02  2.1293247E-02  1.1369440E-02  7.4299839E-03  5.3706756E-03
  4.1103791E-03  3.2578255E-03  2.6400331E-03
  7.2858326E-02  2.6729820E-02  1.4417216E-02  9.5201815E-03  6.9563426E-03
  5.3768535E-03  4.2998353E-03  0.0000000E+00
  9.2504121E-02  3.4328666E-02  1.8745882E-02  1.2543246E-02  9.2833610E-03
  7.2672986E-03  5.8752061E-03  0.0000000E+00
  0.1205519      4.5304779E-02  2.5144152E-02  1.7102554E-02  1.2876854E-02
  1.0240939E-02  8.3813835E-03  0.0000000E+00
  0.1621293      6.1902802E-02  3.5049424E-02  2.4382208E-02  1.8780891E-02
  1.5242999E-02  1.2605025E-02  0.0000000E+00
  0.2267298      8.8406093E-02  5.1462106E-02  3.6943987E-02  2.9345142E-02
  2.4402801E-02  1.9719936E-02
  0.3338138      0.1340404      8.1239700E-02  6.1017301E-02  5.0617795E-02
  4.2133447E-02
  0.5271829      0.2213756      0.1427924      0.1150947      9.9279240E-02
  0.9223641      0.4180396      0.2998352      0.2666804    
   1.903007       1.000000      0.8688221    
   5.378913       3.964168    
   34.65816    
  1.0000000E+08
  4.9411304E-02  1.5839875E-02  8.2692299E-03  5.1766089E-03  3.5498431E-03
  2.5726061E-03  1.9352433E-03  1.4952904E-03
  5.6259811E-02  1.8526293E-02  9.7704083E-03  6.2029040E-03  4.3131867E-03
  3.1652276E-03  2.4058085E-03  1.8724489E-03
  6.5678962E-02  2.2331240E-02  1.1875981E-02  7.6275505E-03  5.3728409E-03
  3.9874413E-03  3.0572999E-03  2.3979591E-03
  7.8806907E-02  2.7708005E-02  1.4856750E-02  9.6507063E-03  6.8779434E-03
  5.1609101E-03  3.9952900E-03  0.0000000E+00
  9.7527474E-02  3.5341445E-02  1.9154238E-02  1.2600078E-02  9.0973312E-03
  6.9054160E-03  5.3924643E-03  0.0000000E+00
  0.1249804      4.6448193E-02  2.5549451E-02  1.7064365E-02  1.2507849E-02
  9.6173463E-03  7.5686811E-03  0.0000000E+00
  0.1664443      6.3304551E-02  3.5478804E-02  2.4175823E-02  1.8055338E-02
  1.4085557E-02  1.1114599E-02  0.0000000E+00
  0.2317504      9.0247251E-02  5.1883832E-02  3.6342230E-02  2.7806122E-02
  2.1978021E-02  1.6760204E-02
  0.3404631      0.1366169      8.1495292E-02  5.9281789E-02  4.6762168E-02
  3.6381476E-02
  0.5372841      0.2252747      0.1420133      0.1092425      8.7421507E-02
  0.9401491      0.4232731      0.2923862      0.2403846    
   1.939168       1.000000      0.8043564    
   5.457221       3.781397    
   35.04710    
  1.0000000E+09
  0.1030187      2.6532099E-02  1.1447537E-02  6.1720316E-03  3.7734136E-03
  2.5022731E-03  1.7561375E-03  1.2840517E-03
  9.7763233E-02  2.7823241E-02  1.2780505E-02  7.1722134E-03  4.5080925E-03
  3.0478269E-03  2.1694854E-03  1.6039280E-03
  9.8345160E-02  2.9914532E-02  1.4555374E-02  8.4997276E-03  5.4937266E-03
  3.7915986E-03  2.7386800E-03  2.0440079E-03
  0.1060375      3.3515185E-02  1.7079471E-02  1.0347337E-02  6.8721590E-03
  4.8390618E-03  3.5442810E-03  0.0000000E+00
  0.1215312      3.9679941E-02  2.0876523E-02  1.3047827E-02  8.8852523E-03
  6.3720681E-03  4.7244956E-03  0.0000000E+00
  0.1463539      4.9881797E-02  2.6841244E-02  1.7194036E-02  1.1969449E-02
  8.7252231E-03  6.5248227E-03  0.0000000E+00
  0.1851246      6.6448450E-02  3.6442991E-02  2.3877069E-02  1.6950356E-02
  1.2522277E-02  9.3617020E-03  0.0000000E+00
  0.2482270      9.3707949E-02  5.2573200E-02  3.5279144E-02  2.5550101E-02
  1.9003456E-02  1.3627933E-02
  0.3567922      0.1410438      8.1633024E-02  5.6446631E-02  4.1662123E-02
  3.0096382E-02
  0.5579196      0.2313148      0.1402255      0.1009093      7.3977090E-02
  0.9730861      0.4313512      0.2811420      0.2094926    
   2.004001       1.000000      0.7255865    
   5.595563       3.555192    
   35.87925    
  1.0000000E+10
  0.3001610      4.7165859E-02  1.5782608E-02  7.2431560E-03  3.9533009E-03
  2.4074074E-03  1.5803542E-03  1.0958132E-03
  0.2974235      5.0096616E-02  1.7423511E-02  8.2045086E-03  4.5652171E-03
  2.8212559E-03  1.8743961E-03  1.3117553E-03
  0.2855073      5.3349435E-02  1.9549115E-02  9.5233489E-03  5.4283412E-03
  3.4154588E-03  2.3011272E-03  1.6264090E-03
  0.2658615      5.7149757E-02  2.2383252E-02  1.1367150E-02  6.6650561E-03
  4.2818035E-03  2.9275361E-03  0.0000000E+00
  0.2463768      6.2045090E-02  2.6296295E-02  1.3998389E-02  8.4734298E-03
  5.5652172E-03  3.8599032E-03  0.0000000E+00
  0.2397746      6.9227055E-02  3.1884059E-02  1.7874395E-02  1.1188406E-02
  7.5136870E-03  5.2769724E-03  0.0000000E+00
  0.2595813      8.1465378E-02  4.0483091E-02  2.3880837E-02  1.5473430E-02
  1.0599034E-02  7.4637681E-03  0.0000000E+00
  0.3144927      0.1046699      5.5088565E-02  3.4009662E-02  2.2689210E-02
  1.5700484E-02  1.0610306E-02
  0.4183575      0.1499356      8.2173914E-02  5.2640900E-02  3.5797101E-02
  2.3961352E-02
  0.6161031      0.2407407      0.1372464      9.0595812E-02  6.0402576E-02
   1.039775      0.4425121      0.2657005      0.1766506    
   2.112721       1.000000      0.6391304    
   5.824476       3.310789    
   35.81321    
