   100.0000    
  4.9585242E-02  1.5884612E-02  7.1573607E-03  3.9395816E-03  2.4278816E-03
  1.6107466E-03  1.1271512E-03  8.2035409E-04
  6.0752753E-02  1.9487433E-02  8.8040112E-03  4.8557632E-03  2.9998762E-03
  1.9945526E-03  1.3965581E-03  1.0180760E-03
  7.5547852E-02  2.4291197E-02  1.1002848E-02  6.0851802E-03  3.7687260E-03
  2.5108333E-03  1.7617927E-03  1.2863687E-03
  9.5604807E-02  3.0815898E-02  1.4015105E-02  7.7764019E-03  4.8297634E-03
  3.2264455E-03  2.2694068E-03  0.0000000E+00
  0.1234988      3.9952952E-02  1.8249350E-02  1.0169617E-02  6.3402252E-03
  4.2503406E-03  2.9961618E-03  0.0000000E+00
  0.1635508      5.3163305E-02  2.4415005E-02  1.3680822E-02  8.5712522E-03
  5.7682307E-03  4.0720562E-03  0.0000000E+00
  0.2232264      7.3034540E-02  3.3787295E-02  1.9066485E-02  1.2023028E-02
  8.1243040E-03  5.7187076E-03  0.0000000E+00
  0.3163303      0.1044819      4.8817631E-02  2.7819736E-02  1.7679831E-02
  1.1968552E-02  8.1143985E-03
  0.4707193      0.1576080      7.4693576E-02  4.3147206E-02  2.7658785E-02
  1.8212209E-02
  0.7482976      0.2560357      0.1238083      7.2848834E-02  4.6130989E-02
   1.306178      0.4634146      0.2313978      0.1375511    
   2.639594       1.000000      0.5218522    
   6.914696       2.997400    
   32.58636    
   1000.000    
  4.9597625E-02  1.5896993E-02  7.1598366E-03  3.9395816E-03  2.4278816E-03
  1.6107466E-03  1.1262845E-03  8.1948738E-04
  6.0752753E-02  1.9499814E-02  8.8052498E-03  4.8557632E-03  2.9986382E-03
  1.9933144E-03  1.3965581E-03  1.0168380E-03
  7.5560234E-02  2.4303578E-02  1.1005323E-02  6.0864179E-03  3.7674881E-03
  2.5095951E-03  1.7605547E-03  1.2838925E-03
  9.5617183E-02  3.0828277E-02  1.4015105E-02  7.7764019E-03  4.8285257E-03
  3.2252073E-03  2.2669306E-03  0.0000000E+00
  0.1235236      3.9965335E-02  1.8249350E-02  1.0168379E-02  6.3389870E-03
  4.2466260E-03  2.9924477E-03  0.0000000E+00
  0.1635508      5.3175684E-02  2.4415005E-02  1.3680822E-02  8.5687758E-03
  5.7632783E-03  4.0646279E-03  0.0000000E+00
  0.2232264      7.3059306E-02  3.3787295E-02  1.9066485E-02  1.2016837E-02
  8.1143985E-03  5.7038506E-03  0.0000000E+00
  0.3163303      0.1045066      4.8817631E-02  2.7819736E-02  1.7667450E-02
  1.1945029E-02  8.0599235E-03
  0.4708431      0.1577318      7.4705958E-02  4.3134827E-02  2.7621642E-02
  1.8125542E-02
  0.7485452      0.2561595      0.1238083      7.2799310E-02  4.5957658E-02
   1.307416      0.4635384      0.2313978      0.1371796    
   2.640832       1.000000      0.5209855    
   6.915934       2.994924    
   32.57397    
   10000.00    
  4.9585346E-02  1.5893057E-02  7.1605397E-03  3.9386060E-03  2.4260429E-03
  1.6091100E-03  1.1243966E-03  8.1730413E-04
  6.0750097E-02  1.9507365E-02  8.8080205E-03  4.8557990E-03  2.9966580E-03
  1.9903455E-03  1.3937369E-03  1.0139869E-03
  7.5553909E-02  2.4309941E-02  1.1006313E-02  6.0849115E-03  3.7653174E-03
  2.5064982E-03  1.7576433E-03  1.2798613E-03
  9.5605895E-02  3.0845402E-02  1.4011635E-02  7.7744769E-03  4.8248544E-03
  3.2206958E-03  2.2614186E-03  0.0000000E+00
  0.1235178      3.9980199E-02  1.8244833E-02  1.0165862E-02  6.3337046E-03
  4.2406241E-03  2.9830425E-03  0.0000000E+00
  0.1635103      5.3199656E-02  2.4421340E-02  1.3677436E-02  8.5604656E-03
  5.7519497E-03  4.0512439E-03  0.0000000E+00
  0.2231712      7.3078357E-02  3.3791311E-02  1.9061765E-02  1.2002723E-02
  8.0938237E-03  5.6727319E-03  0.0000000E+00
  0.3163758      0.1045427      4.8817925E-02  2.7800471E-02  1.7638322E-02
  1.1897513E-02  7.9737594E-03
  0.4709741      0.1576928      7.4699841E-02  4.3087017E-02  2.7540537E-02
  1.7972521E-02
  0.7486075      0.2562198      0.1237777      7.2682261E-02  4.5649216E-02
   1.307092      0.4635475      0.2312167      0.1366506    
   2.641416       1.000000      0.5194950    
   6.917935       2.990469    
   32.55353    
   100000.0    
  4.9597822E-02  1.5913872E-02  7.1649542E-03  3.9376309E-03  2.4242047E-03
  1.6062368E-03  1.1206534E-03  8.1338943E-04
  6.0759805E-02  1.9527286E-02  8.8120280E-03  4.8545972E-03  2.9934414E-03
  1.9861404E-03  1.3884420E-03  1.0086623E-03
  7.5559951E-02  2.4328671E-02  1.1012251E-02  6.0834051E-03  3.7606731E-03
  2.5009280E-03  1.7497834E-03  1.2721197E-03
  9.5619351E-02  3.0874889E-02  1.4020542E-02  7.7713155E-03  4.8187100E-03
  3.2124736E-03  2.2521964E-03  0.0000000E+00
  0.1235367      4.0019799E-02  1.8252691E-02  1.0162109E-02  6.3234745E-03
  4.2271996E-03  2.9686918E-03  0.0000000E+00
  0.1635936      5.3248357E-02  2.4427669E-02  1.3661675E-02  8.5447337E-03
  5.7307258E-03  4.0242542E-03  0.0000000E+00
  0.2232397      7.3134512E-02  3.3795319E-02  1.9044671E-02  1.1976240E-02
  8.0559338E-03  5.6193541E-03  0.0000000E+00
  0.3165450      0.1046281      4.8830587E-02  2.7768837E-02  1.7584458E-02
  1.1814131E-02  7.8468006E-03
  0.4711051      0.1579012      7.4693717E-02  4.3026853E-02  2.7409971E-02
  1.7732952E-02
  0.7490409      0.2562802      0.1237471      7.2478645E-02  4.5180049E-02
   1.308006      0.4638040      0.2309120      0.1355030    
   2.643237       1.000000      0.5168914    
   6.922410       2.982304    
   32.53310    
   1000000.    
  4.9666010E-02  1.5945077E-02  7.1721924E-03  3.9374074E-03  2.4183572E-03
  1.5994558E-03  1.1135577E-03  8.0591301E-04
  6.0811486E-02  1.9569522E-02  8.8198911E-03  4.8527960E-03  2.9873827E-03
  1.9779813E-03  1.3792677E-03  9.9851564E-04
  7.5606138E-02  2.4381496E-02  1.1021772E-02  6.0799113E-03  3.7518558E-03
  2.4888671E-03  1.7367641E-03  1.2580407E-03
  9.5670469E-02  3.0925287E-02  1.4027710E-02  7.7659576E-03  4.8057893E-03
  3.1952003E-03  2.2328056E-03  0.0000000E+00
  0.1236022      4.0091541E-02  1.8270660E-02  1.0153390E-02  6.3050473E-03
  4.2033647E-03  2.9391393E-03  0.0000000E+00
  0.1636566      5.3327564E-02  2.4443347E-02  1.3656606E-02  8.5155871E-03
  5.6914897E-03  3.9757546E-03  0.0000000E+00
  0.2234043      7.3255815E-02  3.3807524E-02  1.9012865E-02  1.1924790E-02
  7.9861460E-03  5.5282041E-03  0.0000000E+00
  0.3167986      0.1047749      4.8837211E-02  2.7709058E-02  1.7491342E-02
  1.1667492E-02  7.6546269E-03
  0.4715487      0.1580901      7.4678384E-02  4.2899556E-02  2.7164770E-02
  1.7355271E-02
  0.7497526      0.2566799      0.1236517      7.2093025E-02  4.4421080E-02
   1.309995      0.4641267      0.2303315      0.1338446    
   2.645967       1.000000      0.5127412    
   6.929738       2.971302    
   32.49629    
  1.0000000E+07
  5.0519288E-02  1.6011374E-02  7.1834819E-03  3.9317505E-03  2.4072700E-03
  1.5850642E-03  1.0986646E-03  7.9117215E-04
  6.1461426E-02  1.9634027E-02  8.8328393E-03  4.8454502E-03  2.9723046E-03
  1.9596934E-03  1.3600396E-03  9.7935216E-04
  7.6088034E-02  2.4455983E-02  1.1037339E-02  6.0707219E-03  3.7326904E-03
  2.4653808E-03  1.7124135E-03  1.2323195E-03
  9.6043520E-02  3.1033631E-02  1.4045499E-02  7.7534616E-03  4.7799209E-03
  3.1627102E-03  2.1983185E-03  0.0000000E+00
  0.1238872      4.0220082E-02  1.8286351E-02  1.0132295E-02  6.2673097E-03
  4.1555394E-03  2.8869931E-03  0.0000000E+00
  0.1639466      5.3486645E-02  2.4455983E-02  1.3625124E-02  8.4557366E-03
  5.6169634E-03  3.8909495E-03  0.0000000E+00
  0.2237883      7.3466867E-02  3.3827893E-02  1.8954007E-02  1.1823690E-02
  7.8573199E-03  5.3795744E-03  0.0000000E+00
  0.3172601      0.1050569      4.8837785E-02  2.7596440E-02  1.7297231E-02
  1.1418150E-02  7.3751239E-03
  0.4723047      0.1585064      7.4641444E-02  4.2643420E-02  2.6743323E-02
  1.6802670E-02
  0.7512364      0.2571711      0.1234421      7.1377352E-02  4.3249261E-02
   1.313056      0.4648863      0.2293521      0.1311820    
   2.653314       1.000000      0.5059347    
   6.944857       2.951286    
   32.56676    
  1.0000000E+08
  5.6798518E-02  1.6254636E-02  7.2163171E-03  3.9110011E-03  2.3720644E-03
  1.5475897E-03  1.0635353E-03  7.5957977E-04
  6.6835605E-02  1.9839309E-02  8.8553773E-03  4.8207669E-03  2.9320149E-03
  1.9171819E-03  1.3189123E-03  9.4202725E-04
  8.0457352E-02  2.4647715E-02  1.1055625E-02  6.0395552E-03  3.6847962E-03
  2.4140917E-03  1.6625464E-03  1.1856614E-03
  9.9431396E-02  3.1223733E-02  1.4066750E-02  7.7156988E-03  4.7206432E-03
  3.0976515E-03  2.1322621E-03  0.0000000E+00
  0.1264524      4.0444996E-02  1.8306552E-02  1.0081583E-02  6.1866506E-03
  4.0655131E-03  2.7948085E-03  0.0000000E+00
  0.1658838      5.3794812E-02  2.4487020E-02  1.3547589E-02  8.3386898E-03
  5.4833130E-03  3.7527813E-03  0.0000000E+00
  0.2252163      7.3856615E-02  3.3856615E-02  1.8838072E-02  1.1636589E-02
  7.6390607E-03  5.1545119E-03  0.0000000E+00
  0.3186650      0.1055995      4.8838072E-02  2.7367121E-02  1.6959209E-02
  1.1023486E-02  6.9938200E-03
  0.4740420      0.1592089      7.4548826E-02  4.2163167E-02  2.6044499E-02
  1.6032139E-02
  0.7540173      0.2582200      0.1230161      7.0148334E-02  4.1545119E-02
   1.317676      0.4662547      0.2274413      0.1270705    
   2.665019       1.000000      0.4951793    
   6.974042       2.922126    
   33.49815    
  1.0000000E+09
  8.0781594E-02  1.8674251E-02  7.5958446E-03  3.8931486E-03  2.2730646E-03
  1.4444719E-03  9.7390544E-04  6.8637152E-04
  8.9154094E-02  2.1827850E-02  9.1553293E-03  4.7761565E-03  2.8184517E-03
  1.8031164E-03  1.2198862E-03  8.6074701E-04
  0.1014717      2.6156317E-02  1.1256492E-02  5.9646303E-03  3.5530545E-03
  2.2841948E-03  1.5495919E-03  1.0932476E-03
  0.1189711      3.2290377E-02  1.4172644E-02  7.6032644E-03  4.5646797E-03
  2.9470688E-03  2.0009892E-03  0.0000000E+00
  0.1438288      4.1194655E-02  1.8340340E-02  9.9319816E-03  5.9967847E-03
  3.8807814E-03  2.6317092E-03  0.0000000E+00
  0.1801880      5.4390304E-02  2.4462031E-02  1.3344051E-02  8.0930004E-03
  5.2399207E-03  3.5345040E-03  0.0000000E+00
  0.2360871      7.4511498E-02  3.3799157E-02  1.8550580E-02  1.1283699E-02
  7.2829584E-03  4.8330445E-03  0.0000000E+00
  0.3266139      0.1064432      4.8726194E-02  2.6923075E-02  1.6386347E-02
  1.0440267E-02  6.5013599E-03
  0.4803364      0.1604007      7.4264161E-02  4.1293591E-02  2.4956714E-02
  1.5001236E-02
  0.7606975      0.2599555      0.1221494      6.8142466E-02  3.9203562E-02
   1.328222      0.4684640      0.2242147      0.1213455    
   2.687361       1.000000      0.4794707    
   7.026960       2.877814    
   36.18600    
  1.0000000E+10
  0.1555060      2.5062006E-02  8.4895836E-03  3.9087306E-03  2.1292164E-03
  1.2909228E-03  8.4213796E-04  5.7961314E-04
  0.1657986      2.8583830E-02  1.0026042E-02  4.7160224E-03  2.6066469E-03
  1.5959822E-03  1.0482391E-03  7.2482642E-04
  0.1758433      3.3010915E-02  1.2080854E-02  5.8246530E-03  3.2700894E-03
  2.0225695E-03  1.3368056E-03  9.2770340E-04
  0.1877480      3.8876489E-02  1.4905755E-02  7.3784725E-03  4.2088297E-03
  2.6277283E-03  1.7460317E-03  0.0000000E+00
  0.2063492      4.7023810E-02  1.8911211E-02  9.6031744E-03  5.5580363E-03
  3.4970238E-03  2.3288692E-03  0.0000000E+00
  0.2380953      5.8940973E-02  2.4751985E-02  1.2872024E-02  7.5471238E-03
  4.7718254E-03  3.1684029E-03  0.0000000E+00
  0.2906746      7.7554569E-02  3.3717759E-02  1.7881945E-02  1.0576637E-02
  6.6827876E-03  4.3687997E-03  0.0000000E+00
  0.3756201      0.1083705      4.8276290E-02  2.5942462E-02  1.5389386E-02
  9.5982151E-03  5.8878972E-03
  0.5198413      0.1620784      7.3387899E-02  3.9732143E-02  2.3363097E-02
  1.3715278E-02
  0.7901786      0.2622768      0.1203497      6.5091766E-02  3.6247522E-02
   1.355407      0.4716022      0.2191220      0.1137773    
   2.726935       1.000000      0.4582093    
   7.118056       2.818701    
   37.64881    
