   100.0000    
  0.0000000E+00  1.4762560E-02  6.0151410E-03  3.4583618E-03  2.2849278E-03
  1.6280110E-03  1.2174810E-03  9.4184442E-04
  0.0000000E+00  1.8055746E-02  7.3847207E-03  4.2635924E-03  2.8320714E-03
  2.0275293E-03  1.5227116E-03  1.1837577E-03
  0.0000000E+00  2.2429457E-02  9.2119751E-03  5.3509977E-03  3.5753611E-03
  2.5743288E-03  1.9445973E-03  1.5199587E-03
  0.0000000E+00  2.8372332E-02  1.1717137E-02  6.8582240E-03  4.6145907E-03
  3.3465244E-03  2.5464555E-03  0.0000000E+00
  0.0000000E+00  3.6682721E-02  1.5258085E-02  9.0089468E-03  6.1183758E-03
  4.4803852E-03  3.4408120E-03  0.0000000E+00
  0.0000000E+00  4.8692361E-02  2.0437026E-02  1.2209222E-02  8.3964206E-03
  6.2250514E-03  4.8417067E-03  0.0000000E+00
  0.0000000E+00  6.6827253E-02  2.8379213E-02  1.7226428E-02  1.2047487E-02
  9.0880934E-03  7.1679284E-03  0.0000000E+00
  0.0000000E+00  9.5664144E-02  4.1293874E-02  2.5636613E-02  1.8372331E-02
  1.4191328E-02  1.1128699E-02
  0.0000000E+00  0.1449415      6.4108737E-02  4.1156229E-02  3.0581554E-02
  2.3967652E-02
  0.0000000E+00  0.2378183      0.1092567      7.4019268E-02  5.7501722E-02
  0.0000000E+00  0.4401239      0.2163111      0.1599793    
  0.0000000E+00   1.000000      0.5615967    
  0.0000000E+00   3.444597    
   25.38197    
   1000.000    
  0.0000000E+00  1.4766322E-02  6.0137459E-03  3.4570447E-03  2.2838488E-03
  1.6268041E-03  1.2154639E-03  9.3986251E-04
  0.0000000E+00  1.8061856E-02  7.3848800E-03  4.2646048E-03  2.8305843E-03
  2.0254296E-03  1.5202749E-03  1.1807561E-03
  0.0000000E+00  2.2432990E-02  9.2130583E-03  5.3505157E-03  3.5738831E-03
  2.5714778E-03  1.9412372E-03  1.5154639E-03
  0.0000000E+00  2.8378008E-02  1.1718213E-02  6.8556704E-03  4.6116835E-03
  3.3426117E-03  2.5412373E-03  0.0000000E+00
  0.0000000E+00  3.6701031E-02  1.5257732E-02  9.0068728E-03  6.1134021E-03
  4.4742269E-03  3.4323025E-03  0.0000000E+00
  0.0000000E+00  4.8694160E-02  2.0436427E-02  1.2206186E-02  8.3883163E-03
  6.2164953E-03  4.8247422E-03  0.0000000E+00
  0.0000000E+00  6.6838488E-02  2.8378008E-02  1.7219931E-02  1.2034365E-02
  9.0687284E-03  7.1340203E-03  0.0000000E+00
  0.0000000E+00  9.5670104E-02  4.1305840E-02  2.5621993E-02  1.8347079E-02
  1.4140894E-02  1.1003437E-02
  0.0000000E+00  0.1449485      6.4089343E-02  4.1099656E-02  3.0501718E-02
  2.3749141E-02
  0.0000000E+00  0.2378351      0.1092096      7.3917530E-02  5.7079040E-02
  0.0000000E+00  0.4402062      0.2161512      0.1591409    
  0.0000000E+00   1.000000      0.5597938    
  0.0000000E+00   3.439862    
   25.35052    
   10000.00    
  0.0000000E+00  1.4783951E-02  6.0185185E-03  3.4567900E-03  2.2832649E-03
  1.6244856E-03  1.2126201E-03  9.3621406E-04
  0.0000000E+00  1.8079560E-02  7.3902607E-03  4.2661177E-03  2.8292181E-03
  2.0226338E-03  1.5164608E-03  1.1755830E-03
  0.0000000E+00  2.2455418E-02  9.2215361E-03  5.3532235E-03  3.5699587E-03
  2.5672151E-03  1.9351852E-03  1.5082305E-03
  0.0000000E+00  2.8405350E-02  1.1728395E-02  6.8552811E-03  4.6090535E-03
  3.3360766E-03  2.5322358E-03  0.0000000E+00
  0.0000000E+00  3.6728393E-02  1.5267489E-02  9.0054870E-03  6.1076819E-03
  4.4650207E-03  3.4176956E-03  0.0000000E+00
  0.0000000E+00  4.8731137E-02  2.0449245E-02  1.2205075E-02  8.3779143E-03
  6.1968449E-03  4.7976677E-03  0.0000000E+00
  0.0000000E+00  6.6872433E-02  2.8391631E-02  1.7215364E-02  1.2016461E-02
  9.0329209E-03  7.0713302E-03  0.0000000E+00
  0.0000000E+00  9.5747598E-02  4.1323733E-02  2.5606995E-02  1.8302469E-02
  1.4046639E-02  1.0816187E-02
  0.0000000E+00  0.1450617      6.4128943E-02  4.1049380E-02  3.0366940E-02
  2.3415636E-02
  0.0000000E+00  0.2379972      0.1092250      7.3731139E-02  5.6447186E-02
  0.0000000E+00  0.4403292      0.2159122      0.1578189    
  0.0000000E+00   1.000000      0.5565844    
  0.0000000E+00   3.432785    
   25.30864    
   100000.0    
  0.0000000E+00  1.4808744E-02  6.0280059E-03  3.4596997E-03  2.2803962E-03
  1.6198771E-03  1.2066258E-03  9.2896185E-04
  0.0000000E+00  1.8107925E-02  7.3975413E-03  4.2657107E-03  2.8254783E-03
  2.0160519E-03  1.5078553E-03  1.1653006E-03
  0.0000000E+00  2.2489756E-02  9.2281420E-03  5.3517763E-03  3.5655738E-03
  2.5580602E-03  1.9231559E-03  1.4931695E-03
  0.0000000E+00  2.8442623E-02  1.1738388E-02  6.8545085E-03  4.6004099E-03
  3.3224043E-03  2.5136613E-03  0.0000000E+00
  0.0000000E+00  3.6782790E-02  1.5280055E-02  9.0027321E-03  6.0963114E-03
  4.4433060E-03  3.3876367E-03  0.0000000E+00
  0.0000000E+00  4.8804648E-02  2.0461068E-02  1.2196039E-02  8.3572408E-03
  6.1612027E-03  4.7438527E-03  0.0000000E+00
  0.0000000E+00  6.6974044E-02  2.8408471E-02  1.7196039E-02  1.1970629E-02
  8.9583341E-03  6.9535519E-03  0.0000000E+00
  0.0000000E+00  9.5867492E-02  4.1325141E-02  2.5566941E-02  1.8206969E-02
  1.3872952E-02  1.0522542E-02
  0.0000000E+00  0.1452186      6.4105198E-02  4.0949456E-02  3.0105876E-02
  2.2872269E-02
  0.0000000E+00  0.2382172      0.1091530      7.3326506E-02  5.5396177E-02
  0.0000000E+00  0.4409153      0.2154372      0.1555669    
  0.0000000E+00   1.000000      0.5512295    
  0.0000000E+00   3.415301    
   25.23907    
   1000000.    
  0.0000000E+00  1.4864407E-02  6.0440679E-03  3.4610170E-03  2.2749153E-03
  1.6098305E-03  1.1938983E-03  9.1457635E-04
  0.0000000E+00  1.8166101E-02  7.4135596E-03  4.2677964E-03  2.8172880E-03
  2.0023729E-03  1.4905086E-03  1.1454237E-03
  0.0000000E+00  2.2555932E-02  9.2474576E-03  5.3491527E-03  3.5525423E-03
  2.5386440E-03  1.8986440E-03  1.4644068E-03
  0.0000000E+00  2.8518645E-02  1.1755932E-02  6.8508475E-03  4.5796609E-03
  3.2938984E-03  2.4772882E-03  0.0000000E+00
  0.0000000E+00  3.6847461E-02  1.5298305E-02  8.9932205E-03  6.0644066E-03
  4.3966104E-03  3.3298307E-03  0.0000000E+00
  0.0000000E+00  4.8915256E-02  2.0484746E-02  1.2176272E-02  8.3050849E-03
  6.0847457E-03  4.6406779E-03  0.0000000E+00
  0.0000000E+00  6.7118645E-02  2.8427118E-02  1.7155934E-02  1.1881356E-02
  8.8203391E-03  6.7559322E-03  0.0000000E+00
  0.0000000E+00  9.6033901E-02  4.1355934E-02  2.5477966E-02  1.8016949E-02
  1.3562712E-02  1.0067796E-02
  0.0000000E+00  0.1454915      6.4101696E-02  4.0711865E-02  2.9616950E-02
  2.2016950E-02
  0.0000000E+00  0.2386102      0.1089831      7.2576277E-02  5.3694915E-02
  0.0000000E+00  0.4413559      0.2144068      0.1518644    
  0.0000000E+00   1.000000      0.5423729    
  0.0000000E+00   3.389831    
   25.15254    
  1.0000000E+07
  0.0000000E+00  1.5068632E-02  6.1031133E-03  3.4750584E-03  2.2681621E-03
  1.5922330E-03  1.1700703E-03  8.8751258E-04
  0.0000000E+00  1.8359557E-02  7.4690324E-03  4.2751925E-03  2.8038165E-03
  1.9768998E-03  1.4583194E-03  1.1091396E-03
  0.0000000E+00  2.2745229E-02  9.2969527E-03  5.3531970E-03  3.5319719E-03
  2.5018414E-03  1.8530298E-03  1.4134583E-03
  0.0000000E+00  2.8717775E-02  1.1807834E-02  6.8429862E-03  4.5463676E-03
  3.2397052E-03  2.4107802E-03  0.0000000E+00
  0.0000000E+00  3.7094075E-02  1.5349849E-02  8.9755608E-03  6.0093738E-03
  4.3153665E-03  3.2266488E-03  0.0000000E+00
  0.0000000E+00  4.9179778E-02  2.0532306E-02  1.2135922E-02  8.2122525E-03
  5.9491131E-03  4.4693672E-03  0.0000000E+00
  0.0000000E+00  6.7425504E-02  2.8476732E-02  1.7073987E-02  1.1710746E-02
  8.5704718E-03  6.4345500E-03  0.0000000E+00
  0.0000000E+00  9.6484765E-02  4.1379310E-02  2.5302978E-02  1.7673250E-02
  1.3043188E-02  9.4174761E-03
  0.0000000E+00  0.1460998      6.4044185E-02  4.0308002E-02  2.8778039E-02
  2.0759959E-02
  0.0000000E+00  0.2394710      0.1086709      7.1275532E-02  5.1088050E-02
  0.0000000E+00  0.4425845      0.2126214      0.1460998    
  0.0000000E+00   1.000000      0.5279545    
  0.0000000E+00   3.351188    
   25.32307    
  1.0000000E+08
  0.0000000E+00  1.6222950E-02  6.4459015E-03  3.5836063E-03  2.2822949E-03
  1.5652459E-03  1.1259016E-03  8.3770492E-04
  0.0000000E+00  1.9331148E-02  7.7475412E-03  4.3508196E-03  2.7980327E-03
  1.9337704E-03  1.3990164E-03  1.0449180E-03
  0.0000000E+00  2.3567213E-02  9.5213111E-03  5.3999997E-03  3.5016392E-03
  2.4367212E-03  1.7721312E-03  1.3275410E-03
  0.0000000E+00  2.9432788E-02  1.1986885E-02  6.8590161E-03  4.4852458E-03
  3.1419671E-03  2.2957379E-03  0.0000000E+00
  0.0000000E+00  3.7737705E-02  1.5495082E-02  8.9508202E-03  5.9049181E-03
  4.1639344E-03  3.0547541E-03  0.0000000E+00
  0.0000000E+00  4.9836062E-02  2.0652458E-02  1.2062295E-02  8.0327867E-03
  5.7081967E-03  4.1967211E-03  0.0000000E+00
  0.0000000E+00  6.8131149E-02  2.8567214E-02  1.6911475E-02  1.1396721E-02
  8.1540989E-03  5.9672128E-03  0.0000000E+00
  0.0000000E+00  9.7344264E-02  4.1409835E-02  2.4957376E-02  1.7062295E-02
  1.2245902E-02  8.5540982E-03
  0.0000000E+00  0.1472131      6.3934430E-02  3.9508197E-02  2.7419673E-02
  1.9042622E-02
  0.0000000E+00  0.2410820      0.1080000      6.9016390E-02  4.7442622E-02
  0.0000000E+00  0.4445902      0.2093770      0.1376721    
  0.0000000E+00   1.000000      0.5065573    
  0.0000000E+00   3.291803    
   27.34098    
  1.0000000E+09
  0.0000000E+00  2.2420021E-02  8.1153000E-03  4.0544826E-03  2.3721887E-03
  1.5258157E-03  1.0452962E-03  7.4944569E-04
  0.0000000E+00  2.4802029E-02  9.2524551E-03  4.7608493E-03  2.8495409E-03
  1.8625277E-03  1.2910991E-03  9.3284762E-04
  0.0000000E+00  2.8222997E-02  1.0810897E-02  5.7269563E-03  3.5033261E-03
  2.3249921E-03  1.6287615E-03  1.1846691E-03
  0.0000000E+00  3.3291098E-02  1.3028191E-02  7.0858411E-03  4.4187522E-03
  2.9752932E-03  2.1029459E-03  0.0000000E+00
  0.0000000E+00  4.0861577E-02  1.6284449E-02  9.0528987E-03  5.7491288E-03
  3.9151092E-03  2.7861896E-03  0.0000000E+00
  0.0000000E+00  5.2423190E-02  2.1210009E-02  1.2014572E-02  7.7415272E-03
  5.3246752E-03  3.8010774E-03  0.0000000E+00
  0.0000000E+00  7.0351601E-02  2.8910359E-02  1.6655052E-02  1.0877416E-02
  7.5324676E-03  5.3373459E-03  0.0000000E+00
  0.0000000E+00  9.9429846E-02  4.1526765E-02  2.4349065E-02  1.6097562E-02
  1.1137156E-02  7.5071272E-03
  0.0000000E+00  0.1494773      6.3668042E-02  3.8105797E-02  2.5422871E-02
  1.6892619E-02
  0.0000000E+00  0.2438708      0.1066836      6.5473549E-02  4.2698767E-02
  0.0000000E+00  0.4482103      0.2038644      0.1262591    
  0.0000000E+00   1.000000      0.4764017    
  0.0000000E+00   3.205575    
   31.39690    
  1.0000000E+10
  0.0000000E+00  3.4571599E-02  1.1003595E-02  4.8981425E-03  2.6150390E-03
  1.5656082E-03  1.0134812E-03  6.9442781E-04
  0.0000000E+00  3.8556024E-02  1.2474535E-02  5.6381067E-03  3.0527262E-03
  1.8463151E-03  1.2058119E-03  8.3163573E-04
  0.0000000E+00  4.3019772E-02  1.4263032E-02  6.5907729E-03  3.6309168E-03
  2.2285802E-03  1.4715398E-03  1.0233673E-03
  0.0000000E+00  4.8262432E-02  1.6527861E-02  7.8639910E-03  4.4337926E-03
  2.7684243E-03  1.8517077E-03  0.0000000E+00
  0.0000000E+00  5.5002999E-02  1.9580588E-02  9.6584782E-03  5.5931695E-03
  3.5620132E-03  2.4125227E-03  0.0000000E+00
  0.0000000E+00  6.4799279E-02  2.4026364E-02  1.2330738E-02  7.3487121E-03
  4.7693229E-03  3.2594369E-03  0.0000000E+00
  0.0000000E+00  8.0587178E-02  3.1006591E-02  1.6539844E-02  1.0125824E-02
  6.6656680E-03  4.5476332E-03  0.0000000E+00
  0.0000000E+00  0.1076393      4.2690236E-02  2.3568006E-02  1.4739366E-02
  9.7273821E-03  6.3241459E-03
  0.0000000E+00  0.1562612      6.3690834E-02  3.6129419E-02  2.2819053E-02
  1.4445776E-02
  0.0000000E+00  0.2500000      0.1046735      6.0605157E-02  3.7147995E-02
  0.0000000E+00  0.4541642      0.1957460      0.1124626    
  0.0000000E+00   1.000000      0.4382864    
  0.0000000E+00   3.103655    
   32.71420    
  9.9999998E+10
  0.0000000E+00  4.7179069E-02  1.4535296E-02  6.2687378E-03  3.2570183E-03
  1.9029710E-03  1.2063233E-03  8.1112020E-04
  0.0000000E+00  5.1976018E-02  1.6053420E-02  6.9419458E-03  3.6140638E-03
  2.1152901E-03  1.3423277E-03  9.0324343E-04
  0.0000000E+00  5.8490053E-02  1.8141184E-02  7.8768060E-03  4.1155629E-03
  2.4161898E-03  1.5366585E-03  1.0348868E-03
  0.0000000E+00  6.7075498E-02  2.0951213E-02  9.1632595E-03  4.8160260E-03
  2.8427364E-03  1.8133007E-03  0.0000000E+00
  0.0000000E+00  7.8059413E-02  2.4693379E-02  1.0926683E-02  5.8026710E-03
  3.4505315E-03  2.2136820E-03  0.0000000E+00
  0.0000000E+00  9.2041425E-02  2.9708367E-02  1.3412374E-02  7.2363038E-03
  4.3554101E-03  2.8127555E-03  0.0000000E+00
  0.0000000E+00  0.1103025      3.6767513E-02  1.7113656E-02  9.4576180E-03
  5.7808668E-03  3.7421640E-03  0.0000000E+00
  0.0000000E+00  0.1367130      4.7615152E-02  2.3112565E-02  1.3150723E-02
  8.1357323E-03  5.0749523E-03
  0.0000000E+00  0.1814391      6.6394113E-02  3.3796676E-02  1.9700192E-02
  1.1817934E-02
  0.0000000E+00  0.2695830      0.1031616      5.4592535E-02  3.1152902E-02
  0.0000000E+00  0.4677024      0.1850641      9.7110927E-02
  0.0000000E+00   1.000000      0.3941129    
  0.0000000E+00   2.979013    
   32.76097    
  1.0000000E+12
  0.0000000E+00  7.4388847E-02  2.2796435E-02  9.7806724E-03  5.0559742E-03
  2.9403700E-03  1.8562942E-03  1.2433174E-03
  0.0000000E+00  8.1791177E-02  2.5062829E-02  1.0753941E-02  5.5586020E-03
  3.2328079E-03  2.0390677E-03  1.3641763E-03
  0.0000000E+00  8.8256799E-02  2.7050490E-02  1.1612977E-02  6.0018278E-03
  3.4886908E-03  2.1992233E-03  1.4690427E-03
  0.0000000E+00  9.4676718E-02  2.9038154E-02  1.2474298E-02  6.4473380E-03
  3.7468586E-03  2.3600638E-03  0.0000000E+00
  0.0000000E+00  0.1035184      3.1802602E-02  1.3673749E-02  7.0733377E-03
  4.1101212E-03  2.5839615E-03  0.0000000E+00
  0.0000000E+00  0.1177976      3.6303401E-02  1.5647704E-02  8.1082927E-03
  4.7109891E-03  2.9495086E-03  0.0000000E+00
  0.0000000E+00  0.1403016      4.3477263E-02  1.8850811E-02  9.8035187E-03
  5.6956816E-03  3.5298148E-03  0.0000000E+00
  0.0000000E+00  0.1743660      5.4694995E-02  2.3989033E-02  1.2558831E-02
  7.2721043E-03  4.3043178E-03
  0.0000000E+00  0.2267078      7.2721042E-02  3.2579392E-02  1.7235549E-02
  9.6367365E-03
  0.0000000E+00  0.3159698      0.1050491      4.8594926E-02  2.5291296E-02
  0.0000000E+00  0.5026274      0.1734750      8.0831625E-02
  0.0000000E+00   1.000000      0.3436144    
  0.0000000E+00   2.807859    
   32.16815    
  9.9999998E+12
  0.0000000E+00  7.6610506E-02  2.3455566E-02  1.0054509E-02  5.1916088E-03
  3.0178395E-03  1.9028741E-03  1.2735381E-03
  0.0000000E+00  9.3937889E-02  2.8757846E-02  1.2320779E-02  6.3594314E-03
  3.6934260E-03  2.3273868E-03  1.5546746E-03
  0.0000000E+00  0.1148497      3.5133794E-02  1.5051206E-02  7.7634626E-03
  4.5044599E-03  2.8328379E-03  1.8896598E-03
  0.0000000E+00  0.1384374      4.2335644E-02  1.8120252E-02  9.3392795E-03
  5.4112985E-03  3.3961018E-03  0.0000000E+00
  0.0000000E+00  0.1617443      4.9438387E-02  2.1143045E-02  1.0887017E-02
  6.2950118E-03  3.9378922E-03  0.0000000E+00
  0.0000000E+00  0.1803766      5.5137098E-02  2.3571191E-02  1.2111001E-02
  6.9821607E-03  4.3392796E-03  0.0000000E+00
  0.0000000E+00  0.1950776      5.9580438E-02  2.5437726E-02  1.3040964E-02
  7.4743968E-03  4.5738351E-03  0.0000000E+00
  0.0000000E+00  0.2172118      6.6385865E-02  2.8328378E-02  1.4456557E-02
  8.1714569E-03  4.7241491E-03
  0.0000000E+00  0.2641229      8.0822594E-02  3.4440041E-02  1.7393459E-02
  9.3260650E-03
  0.0000000E+00  0.3553023      0.1092170      4.6432108E-02  2.2431450E-02
  0.0000000E+00  0.5396432      0.1666667      6.8880081E-02
  0.0000000E+00   1.000000      0.2968285    
  0.0000000E+00   2.590023    
   30.62438    
  1.0000000E+14
  0.0000000E+00  5.0514344E-02  1.5459941E-02  6.6280914E-03  3.4223541E-03
  1.9891197E-03  1.2542037E-03  8.3907024E-04
  0.0000000E+00  6.4658754E-02  1.9782394E-02  8.4767565E-03  4.3738876E-03
  2.5400596E-03  1.5994066E-03  1.0682493E-03
  0.0000000E+00  8.4381804E-02  2.5806135E-02  1.1048468E-02  5.6963405E-03
  3.3046489E-03  2.0781406E-03  1.3847676E-03
  0.0000000E+00  0.1122651      3.4312565E-02  1.4678537E-02  7.5608310E-03
  4.3788329E-03  2.7467853E-03  0.0000000E+00
  0.0000000E+00  0.1518299      4.6379823E-02  1.9821959E-02  1.0187933E-02
  5.8872406E-03  3.6785360E-03  0.0000000E+00
  0.0000000E+00  0.2066271      6.3026704E-02  2.6894165E-02  1.3798220E-02
  7.9386747E-03  4.9238382E-03  0.0000000E+00
  0.0000000E+00  0.2752720      8.3867460E-02  3.5707220E-02  1.8249258E-02
  1.0425322E-02  6.3570724E-03  0.0000000E+00
  0.0000000E+00  0.3420376      0.1040554      4.4124633E-02  2.2393670E-02
  1.2581604E-02  7.2294758E-03
  0.0000000E+00  0.3839763      0.1164194      4.9080122E-02  2.4520276E-02
  1.2997033E-02
  0.0000000E+00  0.4348170      0.1311573      5.4530170E-02  2.5746785E-02
  0.0000000E+00  0.5846686      0.1742829      6.8733931E-02
  0.0000000E+00   1.000000      0.2820970    
  0.0000000E+00   2.462908    
   29.13947    
