   100.0000    
  0.0000000E+00  1.3783563E-02  6.0602119E-03  3.8559805E-03  2.8608625E-03
  2.3083808E-03  1.9658259E-03  1.7396257E-03
  0.0000000E+00  1.6696502E-02  7.3962570E-03  4.7526443E-03  3.5655005E-03
  2.9121237E-03  2.5142392E-03  2.2603744E-03
  0.0000000E+00  2.0537023E-02  9.1863303E-03  5.9715216E-03  4.5410907E-03
  3.7664766E-03  3.3100082E-03  3.0398697E-03
  0.0000000E+00  2.5736371E-02  1.1635477E-02  7.6818550E-03  5.9422296E-03
  5.0284783E-03  4.5264442E-03  0.0000000E+00
  0.0000000E+00  3.2986168E-02  1.5126119E-02  1.0170870E-02  8.0488203E-03
  6.9983727E-03  6.5158666E-03  0.0000000E+00
  0.0000000E+00  4.3449957E-02  2.0284785E-02  1.3986982E-02  1.1415785E-02
  1.0317331E-02  1.0105777E-02  0.0000000E+00
  0.0000000E+00  5.9267700E-02  2.8340114E-02  2.0219691E-02  1.7249797E-02
  1.6566314E-02  1.7624086E-02  0.0000000E+00
  0.0000000E+00  8.4621646E-02  4.1814484E-02  3.1383239E-02  2.8746950E-02
  3.0569570E-02  3.6615133E-02
  0.0000000E+00  0.1283157      6.6720910E-02  5.4385684E-02  5.6533765E-02
  7.1318150E-02
  0.0000000E+00  0.2126119      0.1204231      0.1147274      0.1515053    
  0.0000000E+00  0.4047193      0.2733116      0.3637103    
  0.0000000E+00   1.000000       1.059398    
  0.0000000E+00   4.842962    
   32.30268    
   1000.000    
  0.0000000E+00  1.3796149E-02  6.0666129E-03  3.8603530E-03  2.8635634E-03
  2.3089887E-03  1.9638843E-03  1.7351526E-03
  0.0000000E+00  1.6701445E-02  7.4036913E-03  4.7576241E-03  3.5682181E-03
  2.9125202E-03  2.5112359E-03  2.2528090E-03
  0.0000000E+00  2.0545747E-02  9.1894055E-03  5.9783305E-03  4.5441412E-03
  3.7664527E-03  3.3041735E-03  3.0248796E-03
  0.0000000E+00  2.5746390E-02  1.1645265E-02  7.6894057E-03  5.9462278E-03
  5.0264848E-03  4.5136437E-03  0.0000000E+00
  0.0000000E+00  3.2993577E-02  1.5136437E-02  1.0184591E-02  8.0497591E-03
  6.9911722E-03  6.4887642E-03  0.0000000E+00
  0.0000000E+00  4.3467093E-02  2.0304976E-02  1.3996790E-02  1.1412520E-02
  1.0296950E-02  1.0032102E-02  0.0000000E+00
  0.0000000E+00  5.9293743E-02  2.8362760E-02  2.0232745E-02  1.7239165E-02
  1.6492777E-02  1.7351525E-02  0.0000000E+00
  0.0000000E+00  8.4590688E-02  4.1845907E-02  3.1396467E-02  2.8683787E-02
  3.0240770E-02  3.5232745E-02
  0.0000000E+00  0.1284109      6.6765651E-02  5.4357950E-02  5.6139648E-02
  6.9036916E-02
  0.0000000E+00  0.2126806      0.1204655      0.1142857      0.1475120    
  0.0000000E+00  0.4048957      0.2729535      0.3559390    
  0.0000000E+00   1.000000       1.041734    
  0.0000000E+00   4.793740    
   32.03852    
   10000.00    
  0.0000000E+00  1.3813627E-02  6.0806582E-03  3.8692250E-03  2.8676586E-03
  2.3093189E-03  1.9584964E-03  1.7235710E-03
  0.0000000E+00  1.6726704E-02  7.4197343E-03  4.7682067E-03  3.5732188E-03
  2.9115116E-03  2.5019578E-03  2.2341425E-03
  0.0000000E+00  2.0579483E-02  9.2090843E-03  5.9906030E-03  4.5497259E-03
  3.7627253E-03  3.2889587E-03  2.9929522E-03
  0.0000000E+00  2.5787001E-02  1.1675803E-02  7.7039939E-03  5.9506660E-03
  5.0172280E-03  4.4847298E-03  0.0000000E+00
  0.0000000E+00  3.3038374E-02  1.5168364E-02  1.0203603E-02  8.0579491E-03
  6.9702426E-03  6.4267819E-03  0.0000000E+00
  0.0000000E+00  4.3531716E-02  2.0344559E-02  1.4025060E-02  1.1409554E-02
  1.0242756E-02  9.8825376E-03  0.0000000E+00
  0.0000000E+00  5.9373535E-02  2.8418168E-02  2.0258417E-02  1.7212216E-02
  1.6335161E-02  1.6859828E-02  0.0000000E+00
  0.0000000E+00  8.4729835E-02  4.1918561E-02  3.1409554E-02  2.8551292E-02
  2.9624119E-02  3.3202820E-02
  0.0000000E+00  0.1285826      6.6867657E-02  5.4283477E-02  5.5379797E-02
  6.5583400E-02
  0.0000000E+00  0.2129992      0.1205952      0.1133908      0.1413469    
  0.0000000E+00  0.4054033      0.2721222      0.3439311    
  0.0000000E+00   1.000000       1.014879    
  0.0000000E+00   4.716524    
   31.62882    
   100000.0    
  0.0000000E+00  1.3863466E-02  6.1072768E-03  3.8837208E-03  2.8732184E-03
  2.3045761E-03  1.9437360E-03  1.6961741E-03
  0.0000000E+00  1.6781697E-02  7.4501121E-03  4.7846963E-03  3.5776445E-03
  2.9032258E-03  2.4786196E-03  2.1912979E-03
  0.0000000E+00  2.0637659E-02  9.2498129E-03  6.0090022E-03  4.5528882E-03
  3.7479370E-03  3.2505626E-03  2.9227308E-03
  0.0000000E+00  2.5858965E-02  1.1717930E-02  7.7269319E-03  5.9504877E-03
  4.9887472E-03  4.4171042E-03  0.0000000E+00
  0.0000000E+00  3.3135783E-02  1.5221305E-02  1.0225057E-02  8.0495123E-03
  6.9137281E-03  6.2933234E-03  0.0000000E+00
  0.0000000E+00  4.3645911E-02  2.0412603E-02  1.4051013E-02  1.1380346E-02
  1.0112528E-02  9.5798951E-03  0.0000000E+00
  0.0000000E+00  5.9534881E-02  2.8507128E-02  2.0277569E-02  1.7119281E-02
  1.6001500E-02  1.6031507E-02  0.0000000E+00
  0.0000000E+00  8.4921233E-02  4.2040512E-02  3.1387847E-02  2.8222056E-02
  2.8514629E-02  3.0307578E-02
  0.0000000E+00  0.1288822      6.7014255E-02  5.4058515E-02  5.3953487E-02
  6.0570143E-02
  0.0000000E+00  0.2135034      0.1206302      0.1117029      0.1321080    
  0.0000000E+00  0.4063766      0.2703676      0.3256564    
  0.0000000E+00   1.000000      0.9737434    
  0.0000000E+00   4.597899    
   31.01275    
   1000000.    
  0.0000000E+00  1.4001396E-02  6.1710896E-03  3.9162012E-03  2.8826816E-03
  2.2925977E-03  1.9106145E-03  1.6403631E-03
  0.0000000E+00  1.6934358E-02  7.5209499E-03  4.8184358E-03  3.5831004E-03
  2.8805865E-03  2.4273742E-03  2.1075418E-03
  0.0000000E+00  2.0810055E-02  9.3296086E-03  6.0453909E-03  4.5516761E-03
  3.7087989E-03  3.1675978E-03  2.7898045E-03
  0.0000000E+00  2.6061453E-02  1.1808660E-02  7.7653634E-03  5.9385477E-03
  4.9203909E-03  4.2779329E-03  0.0000000E+00
  0.0000000E+00  3.3379890E-02  1.5335196E-02  1.0265363E-02  8.0097765E-03
  6.7849164E-03  6.0384078E-03  0.0000000E+00
  0.0000000E+00  4.3959498E-02  2.0551676E-02  1.4085195E-02  1.1291899E-02
  9.8533519E-03  9.0502789E-03  0.0000000E+00
  0.0000000E+00  5.9944134E-02  2.8687149E-02  2.0293297E-02  1.6892457E-02
  1.5384078E-02  1.4727653E-02  0.0000000E+00
  0.0000000E+00  8.5544690E-02  4.2269554E-02  3.1305864E-02  2.7569832E-02
  2.6710894E-02  2.6417596E-02
  0.0000000E+00  0.1297486      6.7283519E-02  5.3533521E-02  5.1522344E-02
  5.3673185E-02
  0.0000000E+00  0.2148743      0.1206704      0.1085894      0.1192039    
  0.0000000E+00  0.4085195      0.2671089      0.2994413    
  0.0000000E+00   1.000000      0.9141061    
  0.0000000E+00   4.427374    
   30.20950    
  1.0000000E+07
  0.0000000E+00  1.4456859E-02  6.3687149E-03  4.0180013E-03  2.9186842E-03
  2.2768467E-03  1.8510242E-03  1.5443824E-03
  0.0000000E+00  1.7374301E-02  7.7094971E-03  4.9044071E-03  3.5983862E-03
  2.8361266E-03  2.3296089E-03  1.9621353E-03
  0.0000000E+00  2.1253878E-02  9.5096212E-03  6.1185602E-03  4.5418995E-03
  3.6232152E-03  3.0111731E-03  2.5648666E-03
  0.0000000E+00  2.6536314E-02  1.1998758E-02  7.8274366E-03  5.8932342E-03
  4.7703292E-03  4.0217256E-03  0.0000000E+00
  0.0000000E+00  3.3923030E-02  1.5549348E-02  1.0310367E-02  7.9081319E-03
  6.5176911E-03  5.5952827E-03  0.0000000E+00
  0.0000000E+00  4.4618253E-02  2.0800743E-02  1.4096834E-02  1.1067660E-02
  9.3544386E-03  8.2060834E-03  0.0000000E+00
  0.0000000E+00  6.0794536E-02  2.8981999E-02  2.0223465E-02  1.6399752E-02
  1.4320298E-02  1.2905028E-02  0.0000000E+00
  0.0000000E+00  8.6716324E-02  4.2619489E-02  3.0999379E-02  2.6331471E-02
  2.4028555E-02  2.1800125E-02
  0.0000000E+00  0.1314711      6.7597762E-02  5.2364990E-02  4.7659837E-02
  4.5214154E-02
  0.0000000E+00  0.2175047      0.1203600      0.1033520      0.1028554    
  0.0000000E+00  0.4124767      0.2611421      0.2653010    
  0.0000000E+00   1.000000      0.8336437    
  0.0000000E+00   4.200497    
   29.76412    
  1.0000000E+08
  0.0000000E+00  1.7043121E-02  7.5205341E-03  4.5811087E-03  3.1591377E-03
  2.3254622E-03  1.7843943E-03  1.4086242E-03
  0.0000000E+00  1.9445585E-02  8.6190961E-03  5.3439424E-03  3.7607802E-03
  2.8193018E-03  2.1971252E-03  1.7571870E-03
  0.0000000E+00  2.2982545E-02  1.0241274E-02  6.4476384E-03  4.6139630E-03
  3.5179672E-03  2.7823409E-03  2.2525666E-03
  0.0000000E+00  2.8059548E-02  1.2602669E-02  8.0441479E-03  5.8572898E-03
  4.5385011E-03  3.6421972E-03  0.0000000E+00
  0.0000000E+00  3.5369612E-02  1.6072895E-02  1.0426078E-02  7.7207391E-03
  6.0882960E-03  4.9584191E-03  0.0000000E+00
  0.0000000E+00  4.6119098E-02  2.1283368E-02  1.4081108E-02  1.0646817E-02
  8.5574947E-03  7.0790551E-03  0.0000000E+00
  0.0000000E+00  6.2525667E-02  2.9450718E-02  1.9989733E-02  1.5513347E-02
  1.2766941E-02  1.0708420E-02  0.0000000E+00
  0.0000000E+00  8.8911705E-02  4.3059547E-02  3.0272074E-02  2.4327515E-02
  2.0574948E-02  1.7017452E-02
  0.0000000E+00  0.1344456      6.7813143E-02  5.0174538E-02  4.2315196E-02
  3.6124229E-02
  0.0000000E+00  0.2219713      0.1192505      9.5482551E-02  8.4548257E-02
  0.0000000E+00  0.4188912      0.2513347      0.2256160    
  0.0000000E+00   1.000000      0.7381930    
  0.0000000E+00   3.929672    
   31.57084    
  1.0000000E+09
  0.0000000E+00  3.3096503E-02  1.2321429E-02  6.2386016E-03  3.6990882E-03
  2.4148938E-03  1.6819909E-03  1.2279636E-03
  0.0000000E+00  3.3126902E-02  1.3020516E-02  6.8996963E-03  4.2325230E-03
  2.8343466E-03  2.0144377E-03  1.4939210E-03
  0.0000000E+00  3.3981763E-02  1.4069148E-02  7.8191496E-03  4.9734041E-03
  3.4228722E-03  2.4844226E-03  1.8715806E-03
  0.0000000E+00  3.6542553E-02  1.5744681E-02  9.1565354E-03  6.0372339E-03
  4.2743161E-03  3.1671731E-03  0.0000000E+00
  0.0000000E+00  4.1869301E-02  1.8499240E-02  1.1193010E-02  7.6367785E-03
  5.5509117E-03  4.1945288E-03  0.0000000E+00
  0.0000000E+00  5.1329788E-02  2.3066111E-02  1.4418693E-02  1.0144377E-02
  7.5569907E-03  5.8054714E-03  0.0000000E+00
  0.0000000E+00  6.7097269E-02  3.0706687E-02  1.9756839E-02  1.4297112E-02
  1.0889058E-02  8.4422501E-03  0.0000000E+00
  0.0000000E+00  9.3427055E-02  4.3844987E-02  2.9088147E-02  2.1664133E-02
  1.6789515E-02  1.2667174E-02
  0.0000000E+00  0.1397416      6.7819156E-02  4.6846505E-02  3.5984043E-02
  2.7549393E-02
  0.0000000E+00  0.2289514      0.1168693      8.5258365E-02  6.6489361E-02
  0.0000000E+00  0.4281915      0.2372340      0.1846505    
  0.0000000E+00   1.000000      0.6352584    
  0.0000000E+00   3.639817    
   33.29028    
  1.0000000E+10
  0.0000000E+00  5.9546318E-02  1.8905954E-02  8.3931945E-03  4.4777887E-03
  2.6819471E-03  1.7396030E-03  1.1951796E-03
  0.0000000E+00  6.2547259E-02  2.0193761E-02  9.1044428E-03  4.9220230E-03
  2.9820416E-03  1.9536861E-03  1.3534972E-03
  0.0000000E+00  6.5619089E-02  2.1760397E-02  1.0040171E-02  5.5340268E-03
  3.4073724E-03  2.2629963E-03  1.5853025E-03
  0.0000000E+00  6.8643667E-02  2.3676749E-02  1.1301985E-02  6.4012287E-03
  4.0288279E-03  2.7221174E-03  0.0000000E+00
  0.0000000E+00  7.1904540E-02  2.6228735E-02  1.3104915E-02  7.6890360E-03
  4.9740076E-03  3.4310019E-03  0.0000000E+00
  0.0000000E+00  7.6890364E-02  2.9985823E-02  1.5855389E-02  9.6999053E-03
  6.4697540E-03  4.5534028E-03  0.0000000E+00
  0.0000000E+00  8.7098300E-02  3.6200382E-02  2.0337902E-02  1.3008034E-02
  8.9343106E-03  6.3657844E-03  0.0000000E+00
  0.0000000E+00  0.1086957      4.7377124E-02  2.8166352E-02  1.8773630E-02
  1.3171078E-02  9.1162575E-03
  0.0000000E+00  0.1523157      6.8856336E-02  4.2958412E-02  2.9560491E-02
  2.0349717E-02
  0.0000000E+00  0.2410208      0.1135633      7.3936678E-02  5.0708886E-02
  0.0000000E+00  0.4409263      0.2197070      0.1469045    
  0.0000000E+00   1.000000      0.5356805    
  0.0000000E+00   3.362476    
   33.03403    
  9.9999998E+10
  0.0000000E+00  9.9516369E-02  3.0682713E-02  1.3249354E-02  6.8923631E-03
  4.0332922E-03  2.5610167E-03  1.7253401E-03
  0.0000000E+00  9.8099202E-02  3.0322798E-02  1.3136880E-02  6.8473737E-03
  4.0164213E-03  2.5542683E-03  1.7230908E-03
  0.0000000E+00  9.9831283E-02  3.0997640E-02  1.3485547E-02  7.0565743E-03
  4.1525136E-03  2.6487459E-03  1.7894501E-03
  0.0000000E+00  0.1048251      3.2785963E-02  1.4362838E-02  7.5649535E-03
  4.4764369E-03  2.8669441E-03  0.0000000E+00
  0.0000000E+00  0.1130357      3.5789002E-02  1.5869981E-02  8.4467437E-03
  5.0421772E-03  3.2516029E-03  0.0000000E+00
  0.0000000E+00  0.1243955      4.0265437E-02  1.8209426E-02  9.8650316E-03
  5.9712068E-03  3.8859523E-03  0.0000000E+00
  0.0000000E+00  0.1392419      4.6811379E-02  2.1898549E-02  1.2180857E-02
  7.5244633E-03  4.9330783E-03  0.0000000E+00
  0.0000000E+00  0.1599370      5.7068948E-02  2.8084580E-02  1.6229896E-02
  1.0231695E-02  6.5335734E-03
  0.0000000E+00  0.1957035      7.5300865E-02  3.9579351E-02  2.3799347E-02
  1.4778990E-02
  0.0000000E+00  0.2733101      0.1126982      6.3131258E-02  3.8027219E-02
  0.0000000E+00  0.4633899      0.2013272      0.1150602    
  0.0000000E+00   1.000000      0.4462940    
  0.0000000E+00   3.108762    
   32.50478    
  1.0000000E+12
  0.0000000E+00  0.1986724      6.0961608E-02  2.6178684E-02  1.3548618E-02
  7.8902040E-03  4.9838531E-03  3.3430213E-03
  0.0000000E+00  0.2033369      6.2396839E-02  2.6813777E-02  1.3878722E-02
  8.0839610E-03  5.1058484E-03  3.4212412E-03
  0.0000000E+00  0.1959813      6.0172226E-02  2.5877286E-02  1.3401506E-02
  7.8040902E-03  4.9300324E-03  3.2996053E-03
  0.0000000E+00  0.1840330      5.6584138E-02  2.4359526E-02  1.2622892E-02
  7.3555796E-03  4.6429853E-03  0.0000000E+00
  0.0000000E+00  0.1759598      5.4216001E-02  2.3387153E-02  1.2138500E-02
  7.0792963E-03  4.4671688E-03  0.0000000E+00
  0.0000000E+00  0.1769645      5.4718334E-02  2.3695730E-02  1.2335844E-02
  7.2012916E-03  4.5353426E-03  0.0000000E+00
  0.0000000E+00  0.1895587      5.9059922E-02  2.5737351E-02  1.3466093E-02
  7.8758514E-03  4.9192677E-03  0.0000000E+00
  0.0000000E+00  0.2162540      6.8245426E-02  3.0136347E-02  1.5905991E-02
  9.2931464E-03  5.5579473E-03
  0.0000000E+00  0.2622892      8.4965907E-02  3.8428415E-02  2.0538213E-02
  1.1628991E-02
  0.0000000E+00  0.3435594      0.1165770      5.4754216E-02  2.8980982E-02
  0.0000000E+00  0.5159670      0.1859706      8.9379258E-02
  0.0000000E+00   1.000000      0.3674202    
  0.0000000E+00   2.844277    
   31.56441    
  9.9999998E+12
  0.0000000E+00  0.1108755      3.3967167E-02  1.4569082E-02  7.5307796E-03
  4.3803006E-03  2.7647058E-03  1.8515730E-03
  0.0000000E+00  0.1577975      4.8351571E-02  2.0738713E-02  1.0711353E-02
  6.2298221E-03  3.9288644E-03  2.6279069E-03
  0.0000000E+00  0.2173050      6.6580027E-02  2.8556772E-02  1.4746922E-02
  8.5704513E-03  5.3987689E-03  3.6046512E-03
  0.0000000E+00  0.2787277      8.5362509E-02  3.6614228E-02  1.8905608E-02
  1.0978112E-02  6.9015045E-03  0.0000000E+00
  0.0000000E+00  0.3196990      9.7948015E-02  4.2004105E-02  2.1675786E-02
  1.2564979E-02  7.8796167E-03  0.0000000E+00
  0.0000000E+00  0.3251026      9.9657997E-02  4.2735975E-02  2.2038303E-02
  1.2749657E-02  7.9548554E-03  0.0000000E+00
  0.0000000E+00  0.3092339      9.4870038E-02  4.0704515E-02  2.0971270E-02
  1.2079343E-02  7.4350201E-03  0.0000000E+00
  0.0000000E+00  0.3012312      9.2612863E-02  3.9774280E-02  2.0451436E-02
  1.1648427E-02  6.7954855E-03
  0.0000000E+00  0.3233242      9.9794798E-02  4.2954858E-02  2.1928864E-02
  1.1887825E-02
  0.0000000E+00  0.3952804      0.1229822      5.2995894E-02  2.5971271E-02
  0.0000000E+00  0.5629959      0.1769494      7.4418604E-02
  0.0000000E+00   1.000000      0.3057455    
  0.0000000E+00   2.552668    
   29.46648    
  1.0000000E+14
  0.0000000E+00  1.8693807E-02  5.7234941E-03  2.4529260E-03  1.2671754E-03
  7.3630194E-04  4.6437659E-04  3.1077181E-04
  0.0000000E+00  3.0432571E-02  9.3129762E-03  3.9898218E-03  2.0593724E-03
  1.1959287E-03  7.5351988E-04  5.0356233E-04
  0.0000000E+00  5.1314671E-02  1.5699744E-02  6.7217979E-03  3.4673449E-03
  2.0118745E-03  1.2654791E-03  8.4402034E-04
  0.0000000E+00  8.8973701E-02  2.7217980E-02  1.1645461E-02  6.0025444E-03
  3.4783715E-03  2.1840541E-03  0.0000000E+00
  0.0000000E+00  0.1557252      4.7591176E-02  2.0356232E-02  1.0474979E-02
  6.0593723E-03  3.7913483E-03  0.0000000E+00
  0.0000000E+00  0.2631043      8.0398642E-02  3.4359626E-02  1.7659033E-02
  1.0186599E-02  6.3307886E-03  0.0000000E+00
  0.0000000E+00  0.3983036      0.1216285      5.1950801E-02  2.6632739E-02
  1.5275656E-02  9.3553858E-03  0.0000000E+00
  0.0000000E+00  0.4982188      0.1521628      6.4885490E-02  3.3112805E-02
  1.8727735E-02  1.0831212E-02
  0.0000000E+00  0.5211196      0.1591179      6.7633584E-02  3.4096692E-02
  1.8252756E-02
  0.0000000E+00  0.5296862      0.1614080      6.7955896E-02  3.2527566E-02
  0.0000000E+00  0.6316369      0.1910941      7.6742999E-02
  0.0000000E+00   1.000000      0.2875318    
  0.0000000E+00   2.377438    
   27.46395    
