   100.0000    
  0.0000000E+00  1.5042268E-02  5.8925906E-03  3.2476378E-03  2.0626555E-03
  1.4167081E-03  1.0248632E-03  7.6926901E-04
  0.0000000E+00  1.8433614E-02  7.2401785E-03  4.0049725E-03  2.5519640E-03
  1.7588264E-03  1.2759820E-03  9.6071605E-04
  0.0000000E+00  2.2948781E-02  9.0402784E-03  5.0223768E-03  3.2138240E-03
  2.2237692E-03  1.6195922E-03  1.2232719E-03
  0.0000000E+00  2.9094977E-02  1.1506713E-02  6.4246641E-03  4.1327695E-03
  2.8741919E-03  2.1029338E-03  0.0000000E+00
  0.0000000E+00  3.7697662E-02  1.4982595E-02  8.4186969E-03  5.4549971E-03
  3.8165089E-03  2.8090503E-03  0.0000000E+00
  0.0000000E+00  5.0124314E-02  2.0054700E-02  1.1367479E-02  7.4241669E-03
  5.2411733E-03  3.8841371E-03  0.0000000E+00
  0.0000000E+00  6.8920933E-02  2.7797116E-02  1.5937345E-02  1.0532074E-02
  7.5136744E-03  5.6041768E-03  0.0000000E+00
  0.0000000E+00  9.8756835E-02  4.0298358E-02  2.3475884E-02  1.5773248E-02
  1.1397315E-02  8.3192447E-03
  0.0000000E+00  0.1496271      6.2058680E-02  3.7016410E-02  2.5440080E-02
  1.8279463E-02
  0.0000000E+00  0.2448533      0.1042268      6.4445548E-02  4.5042265E-02
  0.0000000E+00  0.4496270      0.2000000      0.1299851    
  0.0000000E+00   1.000000      0.4810542    
  0.0000000E+00   3.227250    
   24.43560    
   1000.000    
  0.0000000E+00  1.5049702E-02  5.8946321E-03  3.2485088E-03  2.0621272E-03
  1.4160040E-03  1.0238568E-03  7.6838967E-04
  0.0000000E+00  1.8444333E-02  7.2415504E-03  4.0054671E-03  2.5516900E-03
  1.7579523E-03  1.2748509E-03  9.5924450E-04
  0.0000000E+00  2.2957256E-02  9.0457257E-03  5.0248508E-03  3.2132205E-03
  2.2226640E-03  1.6177932E-03  1.2211730E-03
  0.0000000E+00  2.9105367E-02  1.1510935E-02  6.4264410E-03  4.1317097E-03
  2.8722666E-03  2.1003976E-03  0.0000000E+00
  0.0000000E+00  3.7708748E-02  1.4985089E-02  8.4194830E-03  5.4522860E-03
  3.8131215E-03  2.8041748E-03  0.0000000E+00
  0.0000000E+00  5.0149105E-02  2.0059641E-02  1.1366799E-02  7.4204770E-03
  5.2335984E-03  3.8757455E-03  0.0000000E+00
  0.0000000E+00  6.8936385E-02  2.7803181E-02  1.5934393E-02  1.0526840E-02
  7.5049698E-03  5.5815107E-03  0.0000000E+00
  0.0000000E+00  9.8807164E-02  4.0308151E-02  2.3474155E-02  1.5760437E-02
  1.1371770E-02  8.2504973E-03
  0.0000000E+00  0.1496521      6.2077537E-02  3.7002981E-02  2.5397614E-02
  1.8166004E-02
  0.0000000E+00  0.2449304      0.1042247      6.4413518E-02  4.4826046E-02
  0.0000000E+00  0.4497515      0.1999503      0.1295229    
  0.0000000E+00   1.000000      0.4800199    
  0.0000000E+00   3.224652    
   24.42346    
   10000.00    
  0.0000000E+00  1.5052109E-02  5.8957813E-03  3.2476427E-03  2.0605458E-03
  1.4138959E-03  1.0213399E-03  7.6575682E-04
  0.0000000E+00  1.8446650E-02  7.2456575E-03  4.0039700E-03  2.5493796E-03
  1.7548386E-03  1.2714640E-03  9.5583126E-04
  0.0000000E+00  2.2962779E-02  9.0471460E-03  5.0223325E-03  3.2099255E-03
  2.2188586E-03  1.6133995E-03  1.2163772E-03
  0.0000000E+00  2.9111661E-02  1.1513648E-02  6.4218361E-03  4.1275434E-03
  2.8669974E-03  2.0937966E-03  0.0000000E+00
  0.0000000E+00  3.7717119E-02  1.4987593E-02  8.4168734E-03  5.4441686E-03
  3.8049628E-03  2.7940446E-03  0.0000000E+00
  0.0000000E+00  5.0173696E-02  2.0059554E-02  1.1359802E-02  7.4143917E-03
  5.2208435E-03  3.8575684E-03  0.0000000E+00
  0.0000000E+00  6.8982631E-02  2.7801489E-02  1.5925558E-02  1.0511166E-02
  7.4789082E-03  5.5434243E-03  0.0000000E+00
  0.0000000E+00  9.8808929E-02  4.0297765E-02  2.3449132E-02  1.5722085E-02
  1.1310173E-02  8.1439205E-03
  0.0000000E+00  0.1496774      6.2084366E-02  3.6952853E-02  2.5305212E-02
  1.7970223E-02
  0.0000000E+00  0.2449131      0.1041687      6.4267986E-02  4.4441689E-02
  0.0000000E+00  0.4497271      0.1997519      0.1287345    
  0.0000000E+00   1.000000      0.4780149    
  0.0000000E+00   3.218858    
   24.39206    
   100000.0    
  0.0000000E+00  1.5071817E-02  5.9039127E-03  3.2481425E-03  2.0589400E-03
  1.4110947E-03  1.0178307E-03  7.6126790E-04
  0.0000000E+00  1.8474493E-02  7.2511141E-03  4.0049530E-03  2.5468054E-03
  1.7508668E-03  1.2664685E-03  9.4947987E-04
  0.0000000E+00  2.2996534E-02  9.0539875E-03  5.0222883E-03  3.2065380E-03
  2.2129768E-03  1.6057455E-03  1.2075285E-03
  0.0000000E+00  2.9148092E-02  1.1520554E-02  6.4239721E-03  4.1218423E-03
  2.8583456E-03  2.0827141E-03  0.0000000E+00
  0.0000000E+00  3.7761267E-02  1.4997523E-02  8.4150573E-03  5.4333825E-03
  3.7914810E-03  2.7761266E-03  0.0000000E+00
  0.0000000E+00  5.0222885E-02  2.0074293E-02  1.1357107E-02  7.3997029E-03
  5.2005942E-03  3.8261514E-03  0.0000000E+00
  0.0000000E+00  6.9044076E-02  2.7815750E-02  1.5913818E-02  1.0480436E-02
  7.4343737E-03  5.4779593E-03  0.0000000E+00
  0.0000000E+00  9.8910347E-02  4.0316988E-02  2.3427440E-02  1.5666170E-02
  1.1213472E-02  7.9791974E-03
  0.0000000E+00  0.1498266      6.2060427E-02  3.6884595E-02  2.5151065E-02
  1.7667161E-02
  0.0000000E+00  0.2451709      0.1041605      6.4041607E-02  4.3853395E-02
  0.0000000E+00  0.4500743      0.1994552      0.1274393    
  0.0000000E+00   1.000000      0.4750372    
  0.0000000E+00   3.210500    
   24.35859    
   1000000.    
  0.0000000E+00  1.5108482E-02  5.9072981E-03  3.2470413E-03  2.0532545E-03
  1.4033531E-03  1.0088758E-03  7.5197237E-04
  0.0000000E+00  1.8510848E-02  7.2583826E-03  4.0019723E-03  2.5394477E-03
  1.7406312E-03  1.2549310E-03  9.3688362E-04
  0.0000000E+00  2.3032546E-02  9.0631163E-03  5.0147930E-03  3.1957594E-03
  2.1987180E-03  1.5897435E-03  1.1893491E-03
  0.0000000E+00  2.9196253E-02  1.1528600E-02  6.4151874E-03  4.1065090E-03
  2.8382642E-03  2.0591717E-03  0.0000000E+00
  0.0000000E+00  3.7815582E-02  1.5004930E-02  8.4023671E-03  5.4142009E-03
  3.7613413E-03  2.7396448E-03  0.0000000E+00
  0.0000000E+00  5.0295860E-02  2.0078896E-02  1.1336292E-02  7.3619331E-03
  5.1479288E-03  3.7642997E-03  0.0000000E+00
  0.0000000E+00  6.9132149E-02  2.7815582E-02  1.5877713E-02  1.0419132E-02
  7.3471400E-03  5.3599607E-03  0.0000000E+00
  0.0000000E+00  9.9013813E-02  4.0305723E-02  2.3353057E-02  1.5537476E-02
  1.1020710E-02  7.7218935E-03
  0.0000000E+00  0.1500000      6.2031560E-02  3.6715977E-02  2.4847141E-02
  1.7179487E-02
  0.0000000E+00  0.2453649      0.1039941      6.3510850E-02  4.2855028E-02
  0.0000000E+00  0.4502958      0.1987180      0.1252466    
  0.0000000E+00   1.000000      0.4695266    
  0.0000000E+00   3.194280    
   24.31460    
  1.0000000E+07
  0.0000000E+00  1.5264446E-02  5.9451517E-03  3.2526932E-03  2.0460333E-03
  1.3898140E-03  9.9265424E-04  7.3457393E-04
  0.0000000E+00  1.8653281E-02  7.2918702E-03  4.0039173E-03  2.5274241E-03
  1.7223310E-03  1.2331047E-03  9.1429969E-04
  0.0000000E+00  2.3173358E-02  9.0940250E-03  5.0146915E-03  3.1777667E-03
  2.1733593E-03  1.5602350E-03  1.1576884E-03
  0.0000000E+00  2.9338883E-02  1.1557296E-02  6.4054849E-03  4.0798234E-03
  2.8016649E-03  2.0171399E-03  0.0000000E+00
  0.0000000E+00  3.7972573E-02  1.5034279E-02  8.3839372E-03  5.3721839E-03
  3.7061702E-03  2.6758080E-03  0.0000000E+00
  0.0000000E+00  5.0489713E-02  2.0107737E-02  1.1302643E-02  7.2967676E-03
  5.0636632E-03  3.6591575E-03  0.0000000E+00
  0.0000000E+00  6.9343776E-02  2.7840352E-02  1.5812928E-02  1.0303624E-02
  7.1890303E-03  5.1714005E-03  0.0000000E+00
  0.0000000E+00  9.9363364E-02  4.0313419E-02  2.3227228E-02  1.5313418E-02
  1.0710088E-02  7.3506366E-03
  0.0000000E+00  0.1503918      6.1998039E-02  3.6425073E-02  2.4324192E-02
  1.6449559E-02
  0.0000000E+00  0.2459843      0.1037218      6.2683642E-02  4.1336924E-02
  0.0000000E+00  0.4511753      0.1975024      0.1217924    
  0.0000000E+00   1.000000      0.4608717    
  0.0000000E+00   3.170421    
   24.51518    
  1.0000000E+08
  0.0000000E+00  1.6156824E-02  6.1713457E-03  3.3088091E-03  2.0425944E-03
  1.3644723E-03  9.6030976E-04  7.0087123E-04
  0.0000000E+00  1.9404646E-02  7.4733784E-03  4.0406580E-03  2.5125847E-03
  1.6878025E-03  1.1916747E-03  8.7173277E-04
  0.0000000E+00  2.3809291E-02  9.2352368E-03  5.0338814E-03  3.1485963E-03
  2.1248790E-03  1.5058082E-03  1.1030978E-03
  0.0000000E+00  2.9883834E-02  1.1674733E-02  6.4036786E-03  4.0309778E-03
  2.7333009E-03  1.9414326E-03  0.0000000E+00
  0.0000000E+00  3.8465634E-02  1.5125846E-02  8.3591482E-03  5.2952562E-03
  3.6055180E-03  2.5658275E-03  0.0000000E+00
  0.0000000E+00  5.0968055E-02  2.0174248E-02  1.1239110E-02  7.1684411E-03
  4.9031945E-03  3.4888673E-03  0.0000000E+00
  0.0000000E+00  6.9845110E-02  2.7884800E-02  1.5687319E-02  1.0087124E-02
  6.9264276E-03  4.8838332E-03  0.0000000E+00
  0.0000000E+00  9.9951595E-02  4.0314615E-02  2.2971926E-02  1.4912875E-02
  1.0212972E-02  6.8393028E-03
  0.0000000E+00  0.1512101      6.1858665E-02  3.5871249E-02  2.3460794E-02
  1.5421103E-02
  0.0000000E+00  0.2470958      0.1032430      6.1181024E-02  3.9119069E-02
  0.0000000E+00  0.4526621      0.1953049      0.1166021    
  0.0000000E+00   1.000000      0.4474346    
  0.0000000E+00   3.133591    
   26.46660    
  1.0000000E+09
  0.0000000E+00  2.0650214E-02  7.3137162E-03  3.5951589E-03  2.0759373E-03
  1.3198861E-03  8.9511153E-04  6.3597533E-04
  0.0000000E+00  2.3445657E-02  8.4954910E-03  4.2800191E-03  2.5163740E-03
  1.6207879E-03  1.1086854E-03  7.9212146E-04
  0.0000000E+00  2.7318463E-02  1.0104414E-02  5.2112006E-03  3.1172282E-03
  2.0313242E-03  1.4005696E-03  1.0047461E-03
  0.0000000E+00  3.2842904E-02  1.2363549E-02  6.5116277E-03  3.9553866E-03
  2.6041768E-03  1.8063597E-03  0.0000000E+00
  0.0000000E+00  4.0906500E-02  1.5638348E-02  8.3815856E-03  5.1589939E-03
  3.4252491E-03  2.3839583E-03  0.0000000E+00
  0.0000000E+00  5.2966304E-02  2.0526815E-02  1.1162790E-02  6.9482676E-03
  4.6402467E-03  3.2282867E-03  0.0000000E+00
  0.0000000E+00  7.1570955E-02  2.8082583E-02  1.5472235E-02  9.7152349E-03
  6.5116277E-03  4.4826767E-03  0.0000000E+00
  0.0000000E+00  0.1015188      4.0341716E-02  2.2515425E-02  1.4252491E-02
  9.4969152E-03  6.1936402E-03
  0.0000000E+00  0.1528239      6.1604179E-02  3.4888465E-02  2.2145230E-02
  1.4081633E-02
  0.0000000E+00  0.2490745      0.1022307      5.8803987E-02  3.6122449E-02
  0.0000000E+00  0.4550071      0.1914096      0.1093023    
  0.0000000E+00   1.000000      0.4277646    
  0.0000000E+00   3.079260    
   30.97295    
  1.0000000E+10
  0.0000000E+00  2.9622991E-02  9.4114942E-03  4.1820691E-03  2.2294254E-03
  1.3324139E-03  8.6068967E-04  5.8850576E-04
  0.0000000E+00  3.3581611E-02  1.0832184E-02  4.8827589E-03  2.6344829E-03
  1.5894253E-03  1.0349426E-03  7.1172410E-04
  0.0000000E+00  3.8239080E-02  1.2593104E-02  5.7885055E-03  3.1733334E-03
  1.9383908E-03  1.2740230E-03  8.8183914E-04
  0.0000000E+00  4.3949429E-02  1.4864368E-02  7.0114946E-03  3.9195404E-03
  2.4298851E-03  1.6133334E-03  0.0000000E+00
  0.0000000E+00  5.1494252E-02  1.7967816E-02  8.7356325E-03  4.9931039E-03
  3.1452873E-03  2.1089655E-03  0.0000000E+00
  0.0000000E+00  6.2436782E-02  2.2482758E-02  1.1291955E-02  6.6114943E-03
  4.2225290E-03  2.8464368E-03  0.0000000E+00
  0.0000000E+00  7.9540230E-02  2.9485058E-02  1.5282759E-02  9.1356318E-03
  5.8896556E-03  3.9452878E-03  0.0000000E+00
  0.0000000E+00  0.1080000      4.1052874E-02  2.1852873E-02  1.3259770E-02
  8.5287355E-03  5.4160920E-03
  0.0000000E+00  0.1581150      6.1471265E-02  3.3388507E-02  2.0331036E-02
  1.2464368E-02
  0.0000000E+00  0.2536552      0.1005977      5.5356324E-02  3.2432184E-02
  0.0000000E+00  0.4593563      0.1854713      0.1000000    
  0.0000000E+00   1.000000      0.4017012    
  0.0000000E+00   3.008736    
   32.76322    
  9.9999998E+10
  0.0000000E+00  3.8294170E-02  1.1792864E-02  5.0870324E-03  2.6409924E-03
  1.5430810E-03  9.7780686E-04  6.5709313E-04
  0.0000000E+00  4.3228898E-02  1.3346389E-02  5.7702353E-03  3.0017407E-03
  1.7563099E-03  1.1140122E-03  7.4934727E-04
  0.0000000E+00  4.9738903E-02  1.5417755E-02  6.6884249E-03  3.4930375E-03
  2.0491732E-03  1.3020018E-03  8.7641430E-04
  0.0000000E+00  5.8224544E-02  1.8167973E-02  7.9373373E-03  4.1666669E-03
  2.4551784E-03  1.5644039E-03  0.0000000E+00
  0.0000000E+00  6.9147088E-02  2.1818973E-02  9.6388161E-03  5.1087905E-03
  3.0304613E-03  1.9395127E-03  0.0000000E+00
  0.0000000E+00  8.3289817E-02  2.6766755E-02  1.2036554E-02  6.4708441E-03
  3.8790253E-03  2.4947780E-03  0.0000000E+00
  0.0000000E+00  0.1023499      3.3798959E-02  1.5609226E-02  8.5639693E-03
  5.2001742E-03  3.3420366E-03  0.0000000E+00
  0.0000000E+00  0.1305483      4.4647519E-02  2.1362055E-02  1.2006093E-02
  7.3368149E-03  4.5256745E-03
  0.0000000E+00  0.1780679      6.3272417E-02  3.1475198E-02  1.7989557E-02
  1.0591819E-02
  0.0000000E+00  0.2693647      9.9129677E-02  5.0739776E-02  2.8141862E-02
  0.0000000E+00  0.4699739      0.1771540      8.8946909E-02
  0.0000000E+00   1.000000      0.3694517    
  0.0000000E+00   2.918190    
   32.93734    
  1.0000000E+12
  0.0000000E+00  5.5798516E-02  1.7102694E-02  7.3369779E-03  3.7922687E-03
  2.2057791E-03  1.3920343E-03  9.3244825E-04
  0.0000000E+00  6.2436547E-02  1.9129245E-02  8.2077309E-03  4.2405310E-03
  2.4666148E-03  1.5556423E-03  1.0406091E-03
  0.0000000E+00  6.9191717E-02  2.1210466E-02  9.1019133E-03  4.7051930E-03
  2.7344786E-03  1.7231550E-03  1.1507224E-03
  0.0000000E+00  7.6844983E-02  2.3568917E-02  1.0117142E-02  5.2284268E-03
  3.0386567E-03  1.9125342E-03  0.0000000E+00
  0.0000000E+00  8.7153457E-02  2.6762985E-02  1.1503319E-02  5.9468956E-03
  3.4545099E-03  2.1698554E-03  0.0000000E+00
  0.0000000E+00  0.1025771      3.1577509E-02  1.3604061E-02  7.0441235E-03
  4.0882467E-03  2.5579850E-03  0.0000000E+00
  0.0000000E+00  0.1257712      3.8930103E-02  1.6856696E-02  8.7543922E-03
  5.0761420E-03  3.1417415E-03  0.0000000E+00
  0.0000000E+00  0.1604451      5.0175712E-02  2.1948457E-02  1.1464272E-02
  6.6185086E-03  3.9023818E-03
  0.0000000E+00  0.2140961      6.8254590E-02  3.0402185E-02  1.5989847E-02
  8.8832481E-03
  0.0000000E+00  0.3067161      0.1004295      4.5880515E-02  2.3604061E-02
  0.0000000E+00  0.4986333      0.1675517      7.6298319E-02
  0.0000000E+00   1.000000      0.3298321    
  0.0000000E+00   2.782507    
   32.49902    
  9.9999998E+12
  0.0000000E+00  6.0291328E-02  1.8457886E-02  7.9132365E-03  4.0848637E-03
  2.3749210E-03  1.4974668E-03  1.0022166E-03
  0.0000000E+00  7.3242560E-02  2.2419253E-02  9.6073467E-03  4.9588350E-03
  2.8796708E-03  1.8141230E-03  1.2121596E-03
  0.0000000E+00  8.8980377E-02  2.7219761E-02  1.1656112E-02  6.0132998E-03
  3.4895504E-03  2.1941103E-03  1.4626347E-03
  0.0000000E+00  0.1071564      3.2773908E-02  1.4024699E-02  7.2260932E-03
  4.1861939E-03  2.6279292E-03  0.0000000E+00
  0.0000000E+00  0.1265358      3.8663711E-02  1.6542116E-02  8.5148830E-03
  4.9240030E-03  3.0788474E-03  0.0000000E+00
  0.0000000E+00  0.1452502      4.4395190E-02  1.8964535E-02  9.7435089E-03
  5.6174798E-03  3.4895504E-03  0.0000000E+00
  0.0000000E+00  0.1642495      5.0158329E-02  2.1412287E-02  1.0975301E-02
  6.2856241E-03  3.8442053E-03  0.0000000E+00
  0.0000000E+00  0.1922103      5.8708046E-02  2.5025332E-02  1.2764409E-02
  7.2102598E-03  4.1640280E-03
  0.0000000E+00  0.2435402      7.4445851E-02  3.1697277E-02  1.5981635E-02
  8.5497154E-03
  0.0000000E+00  0.3385054      0.1037682      4.3983534E-02  2.1184295E-02
  0.0000000E+00  0.5284991      0.1619379      6.6466115E-02
  0.0000000E+00   1.000000      0.2911970    
  0.0000000E+00   2.601013    
   31.15580    
  1.0000000E+14
  0.0000000E+00  4.6860784E-02  1.4344859E-02  6.1487718E-03  3.1756144E-03
  1.8448590E-03  1.1633303E-03  7.7843497E-04
  0.0000000E+00  5.8917198E-02  1.8025478E-02  7.7229301E-03  3.9854413E-03
  2.3134667E-03  1.4572338E-03  9.7338489E-04
  0.0000000E+00  7.5295724E-02  2.3020927E-02  9.8589621E-03  5.0818929E-03
  2.9481347E-03  1.8535032E-03  1.2352138E-03
  0.0000000E+00  9.7838938E-02  2.9913558E-02  1.2793449E-02  6.5878076E-03
  3.8148316E-03  2.3930846E-03  0.0000000E+00
  0.0000000E+00  0.1290719      3.9422203E-02  1.6842585E-02  8.6601460E-03
  5.0022751E-03  3.1255686E-03  0.0000000E+00
  0.0000000E+00  0.1715196      5.2320294E-02  2.2324840E-02  1.1451320E-02
  6.5900818E-03  4.0855324E-03  0.0000000E+00
  0.0000000E+00  0.2255004      6.8698816E-02  2.9231120E-02  1.4943130E-02
  8.5350322E-03  5.2047316E-03  0.0000000E+00
  0.0000000E+00  0.2836670      8.6237490E-02  3.6578707E-02  1.8560056E-02
  1.0425386E-02  5.9872610E-03
  0.0000000E+00  0.3341675      0.1012739      4.2675160E-02  2.1317106E-02
  1.1289809E-02
  0.0000000E+00  0.4021838      0.1212011      5.0341219E-02  2.3748863E-02
  0.0000000E+00  0.5668790      0.1686306      6.6378526E-02
  0.0000000E+00   1.000000      0.2804823    
  0.0000000E+00   2.500000    
   29.93631    
