   100.0000    
  0.0000000E+00  1.3953488E-02  6.0892934E-03  3.8284333E-03  2.7972795E-03
  2.2147871E-03  1.8451074E-03  1.5928037E-03
  0.0000000E+00  1.6926283E-02  7.4396664E-03  4.7202720E-03  3.4828871E-03
  2.7874068E-03  2.3497147E-03  2.0546291E-03
  0.0000000E+00  2.0864414E-02  9.2463801E-03  5.9313294E-03  4.4306712E-03
  3.5936814E-03  3.0737163E-03  2.7336550E-03
  0.0000000E+00  2.6184730E-02  1.1726635E-02  7.6261517E-03  5.7843351E-03
  4.7729262E-03  4.1652038E-03  0.0000000E+00
  0.0000000E+00  3.3600263E-02  1.5247916E-02  1.0087757E-02  7.8049577E-03
  6.5928036E-03  5.9148748E-03  0.0000000E+00
  0.0000000E+00  4.4317681E-02  2.0447565E-02  1.3832821E-02  1.1002632E-02
  9.6017988E-03  8.9732334E-03  0.0000000E+00
  0.0000000E+00  6.0498022E-02  2.8532250E-02  1.9921018E-02  1.6465554E-02
  1.5105309E-02  1.5039491E-02  0.0000000E+00
  0.0000000E+00  8.6375602E-02  4.2014040E-02  3.0693287E-02  2.6952609E-02
  2.6810003E-02  2.9003948E-02
  0.0000000E+00  0.1309785      6.6750765E-02  5.2435279E-02  5.1086001E-02
  5.7733651E-02
  0.0000000E+00  0.2166520      0.1193506      0.1070097      0.1257130    
  0.0000000E+00  0.4107065      0.2638218      0.3103335    
  0.0000000E+00   1.000000      0.9340720    
  0.0000000E+00   4.487714    
   30.47389    
   1000.000    
  0.0000000E+00  1.3970188E-02  6.0950932E-03  3.8320094E-03  2.7983899E-03
  2.2141223E-03  1.8431074E-03  1.5874224E-03
  0.0000000E+00  1.6940486E-02  7.4475026E-03  4.7252746E-03  3.4849311E-03
  2.7864214E-03  2.3457729E-03  2.0465674E-03
  0.0000000E+00  2.0879121E-02  9.2547061E-03  5.9362422E-03  4.4315089E-03
  3.5915570E-03  3.0671309E-03  2.7211402E-03
  0.0000000E+00  2.6199544E-02  1.1739746E-02  7.6324665E-03  5.7850070E-03
  4.7687953E-03  4.1540638E-03  0.0000000E+00
  0.0000000E+00  3.3619843E-02  1.5254052E-02  1.0094658E-02  7.8054620E-03
  6.5836143E-03  5.8905454E-03  0.0000000E+00
  0.0000000E+00  4.4347733E-02  2.0465672E-02  1.3850506E-02  1.0999891E-02
  9.5811123E-03  8.9152427E-03  0.0000000E+00
  0.0000000E+00  6.0537484E-02  2.8560547E-02  1.9932544E-02  1.6450876E-02
  1.5047329E-02  1.4851485E-02  0.0000000E+00
  0.0000000E+00  8.6421497E-02  4.2052004E-02  3.0703949E-02  2.6895875E-02
  2.6580350E-02  2.8179741E-02
  0.0000000E+00  0.1311065      6.6793598E-02  5.2409966E-02  5.0799694E-02
  5.6326840E-02
  0.0000000E+00  0.2168426      0.1193559      0.1066804      0.1231640    
  0.0000000E+00  0.4109455      0.2635187      0.3055162    
  0.0000000E+00   1.000000      0.9231857    
  0.0000000E+00   4.456533    
   30.31226    
   10000.00    
  0.0000000E+00  1.3985639E-02  6.1065266E-03  3.8377452E-03  2.8003429E-03
  2.2130532E-03  1.8368878E-03  1.5775373E-03
  0.0000000E+00  1.6964955E-02  7.4600792E-03  4.7315401E-03  3.4862286E-03
  2.7831958E-03  2.3362983E-03  2.0308648E-03
  0.0000000E+00  2.0898081E-02  9.2701744E-03  5.9447004E-03  4.4325367E-03
  3.5858965E-03  3.0521916E-03  2.6942450E-03
  0.0000000E+00  2.6235130E-02  1.1756510E-02  7.6411958E-03  5.7850177E-03
  4.7572609E-03  4.1271034E-03  0.0000000E+00
  0.0000000E+00  3.3661988E-02  1.5282392E-02  1.0105026E-02  7.8019504E-03
  6.5609259E-03  5.8396743E-03  0.0000000E+00
  0.0000000E+00  4.4400387E-02  2.0490836E-02  1.3857036E-02  1.0984889E-02
  9.5316693E-03  8.7986281E-03  0.0000000E+00
  0.0000000E+00  6.0604434E-02  2.8592862E-02  1.9944271E-02  1.6418390E-02
  1.4918014E-02  1.4521488E-02  0.0000000E+00
  0.0000000E+00  8.6518057E-02  4.2096239E-02  3.0693386E-02  2.6770979E-02
  2.6138676E-02  2.6899582E-02
  0.0000000E+00  0.1311757      6.6852428E-02  5.2320220E-02  5.0230414E-02
  5.4142106E-02
  0.0000000E+00  0.2170185      0.1193870      0.1059908      0.1192798    
  0.0000000E+00  0.4113171      0.2627800      0.2976101    
  0.0000000E+00   1.000000      0.9054763    
  0.0000000E+00   4.406816    
   30.03965    
   100000.0    
  0.0000000E+00  1.4039665E-02  6.1304802E-03  3.8496868E-03  2.8037578E-03
  2.2077244E-03  1.8225469E-03  1.5542797E-03
  0.0000000E+00  1.7025052E-02  7.4874735E-03  4.7453023E-03  3.4885178E-03
  2.7745303E-03  2.3152402E-03  1.9968685E-03
  0.0000000E+00  2.0970771E-02  9.3027139E-03  5.9592905E-03  4.4331942E-03
  3.5699373E-03  3.0198330E-03  2.6398748E-03
  0.0000000E+00  2.6315240E-02  1.1795406E-02  7.6576201E-03  5.7807933E-03
  4.7306889E-03  4.0720250E-03  0.0000000E+00
  0.0000000E+00  3.3768266E-02  1.5334030E-02  1.0122129E-02  7.7891438E-03
  6.5104384E-03  5.7348642E-03  0.0000000E+00
  0.0000000E+00  4.4530272E-02  2.0553235E-02  1.3872651E-02  1.0949896E-02
  9.4269309E-03  8.5751563E-03  0.0000000E+00
  0.0000000E+00  6.0772445E-02  2.8674321E-02  1.9947808E-02  1.6325679E-02
  1.4655532E-02  1.3935281E-02  0.0000000E+00
  0.0000000E+00  8.6764090E-02  4.2202506E-02  3.0668059E-02  2.6503131E-02
  2.5344469E-02  2.5031315E-02
  0.0000000E+00  0.1316284      6.6972859E-02  5.2108560E-02  4.9185801E-02
  5.0855950E-02
  0.0000000E+00  0.2176409      0.1194154      0.1046973      0.1131524    
  0.0000000E+00  0.4122130      0.2613779      0.2853862    
  0.0000000E+00   1.000000      0.8777661    
  0.0000000E+00   4.327766    
   29.63465    
   1000000.    
  0.0000000E+00  1.4161677E-02  6.1836326E-03  3.8742514E-03  2.8073853E-03
  2.1936127E-03  1.7934132E-03  1.5089819E-03
  0.0000000E+00  1.7155690E-02  7.5459080E-03  4.7694612E-03  3.4880238E-03
  2.7514971E-03  2.2704590E-03  1.9291417E-03
  0.0000000E+00  2.1117765E-02  9.3672657E-03  5.9840321E-03  4.4261478E-03
  3.5329340E-03  2.9500998E-03  2.5359283E-03
  0.0000000E+00  2.6487026E-02  1.1866268E-02  7.6826345E-03  5.7634730E-03
  4.6686623E-03  3.9580837E-03  0.0000000E+00
  0.0000000E+00  3.3982038E-02  1.5419161E-02  1.0149701E-02  7.7504986E-03
  6.3992017E-03  5.5339318E-03  0.0000000E+00
  0.0000000E+00  4.4800397E-02  2.0668663E-02  1.3892216E-02  1.0868263E-02
  9.2095807E-03  8.1746504E-03  0.0000000E+00
  0.0000000E+00  6.1137725E-02  2.8812375E-02  1.9940121E-02  1.6127745E-02
  1.4171656E-02  1.3003992E-02  0.0000000E+00
  0.0000000E+00  8.7255485E-02  4.2375248E-02  3.0558882E-02  2.5968062E-02
  2.4021955E-02  2.2405189E-02
  0.0000000E+00  0.1323353      6.7155689E-02  5.1646706E-02  4.7345310E-02
  4.6147704E-02
  0.0000000E+00  0.2187625      0.1193613      0.1022954      0.1041916    
  0.0000000E+00  0.4140719      0.2587824      0.2670659    
  0.0000000E+00   1.000000      0.8355290    
  0.0000000E+00   4.207585    
   29.08183    
  1.0000000E+07
  0.0000000E+00  1.4564814E-02  6.3481480E-03  3.9509255E-03  2.8277778E-03
  2.1731481E-03  1.7388888E-03  1.4287037E-03
  0.0000000E+00  1.7537037E-02  7.6981480E-03  4.8324075E-03  3.4907407E-03
  2.7074073E-03  2.1861109E-03  1.8111110E-03
  0.0000000E+00  2.1509258E-02  9.5185181E-03  6.0351850E-03  4.4074073E-03
  3.4546293E-03  2.8185183E-03  2.3564813E-03
  0.0000000E+00  2.6898148E-02  1.2027777E-02  7.7212960E-03  5.7129627E-03
  4.5361104E-03  3.7481480E-03  0.0000000E+00
  0.0000000E+00  3.4444440E-02  1.5592591E-02  1.0166666E-02  7.6472219E-03
  6.1731478E-03  5.1796292E-03  0.0000000E+00
  0.0000000E+00  4.5351848E-02  2.0851852E-02  1.3879629E-02  1.0666667E-02
  8.7944437E-03  7.5194440E-03  0.0000000E+00
  0.0000000E+00  6.1851848E-02  2.9037036E-02  1.9851852E-02  1.5703704E-02
  1.3324074E-02  1.1629629E-02  0.0000000E+00
  0.0000000E+00  8.8231482E-02  4.2620368E-02  3.0259259E-02  2.4944443E-02
  2.1962961E-02  1.9101851E-02
  0.0000000E+00  0.1337037      6.7342587E-02  5.0620370E-02  4.4314813E-02
  4.0027775E-02
  0.0000000E+00  0.2209259      0.1189815      9.8055549E-02  9.2240736E-02
  0.0000000E+00  0.4172222      0.2537963      0.2418518    
  0.0000000E+00   1.000000      0.7757407    
  0.0000000E+00   4.037962    
   28.83333    
  1.0000000E+08
  0.0000000E+00  1.6827868E-02  7.2999997E-03  4.3950817E-03  3.0032787E-03
  2.1934425E-03  1.6704918E-03  1.3090164E-03
  0.0000000E+00  1.9377049E-02  8.4590157E-03  5.1778685E-03  3.6024589E-03
  2.6737705E-03  2.0639342E-03  1.6360655E-03
  0.0000000E+00  2.3040982E-02  1.0122951E-02  6.2868851E-03  4.4442620E-03
  3.3483608E-03  2.6188525E-03  2.0967214E-03
  0.0000000E+00  2.8254097E-02  1.2524590E-02  7.8844260E-03  5.6581963E-03
  4.3262294E-03  3.4270489E-03  0.0000000E+00
  0.0000000E+00  3.5713114E-02  1.6016394E-02  1.0237705E-02  7.4680331E-03
  5.7983608E-03  4.6516391E-03  0.0000000E+00
  0.0000000E+00  4.6655737E-02  2.1245901E-02  1.3836065E-02  1.0286885E-02
  8.1237704E-03  6.6040982E-03  0.0000000E+00
  0.0000000E+00  6.3327871E-02  2.9401638E-02  1.9606557E-02  1.4934427E-02
  1.2040984E-02  9.8934425E-03  0.0000000E+00
  0.0000000E+00  9.0081967E-02  4.2934425E-02  2.9590162E-02  2.3254098E-02
  1.9196721E-02  1.5442623E-02
  0.0000000E+00  0.1362295      6.7434423E-02  4.8713114E-02  3.9959013E-02
  3.3024590E-02
  0.0000000E+00  0.2245902      0.1178689      9.1475412E-02  7.7999994E-02
  0.0000000E+00  0.4224590      0.2454098      0.2106557    
  0.0000000E+00   1.000000      0.6997541    
  0.0000000E+00   3.822131    
   30.74590    
  1.0000000E+09
  0.0000000E+00  3.0777028E-02  1.1445945E-02  5.8074328E-03  3.4479732E-03
  2.2527028E-03  1.5689189E-03  1.1445946E-03
  0.0000000E+00  3.1310812E-02  1.2250000E-02  6.4885137E-03  3.9810813E-03
  2.6662163E-03  1.8932432E-03  1.4013514E-03
  0.0000000E+00  3.2716215E-02  1.3412163E-02  7.4324324E-03  4.7202702E-03
  3.2439190E-03  2.3486486E-03  1.7641891E-03
  0.0000000E+00  3.5804056E-02  1.5222973E-02  8.7972973E-03  5.7797302E-03
  4.0750001E-03  3.0067568E-03  0.0000000E+00
  0.0000000E+00  4.1587837E-02  1.8108107E-02  1.0858108E-02  7.3581082E-03
  5.3148647E-03  3.9905407E-03  0.0000000E+00
  0.0000000E+00  5.1412161E-02  2.2783784E-02  1.4081080E-02  9.8175677E-03
  7.2500003E-03  5.5209459E-03  0.0000000E+00
  0.0000000E+00  6.7513518E-02  3.0486487E-02  1.9364864E-02  1.3851351E-02
  1.0432432E-02  7.9999994E-03  0.0000000E+00
  0.0000000E+00  9.4256759E-02  4.3594595E-02  2.8520269E-02  2.0945946E-02
  1.6006757E-02  1.1891891E-02
  0.0000000E+00  0.1410811      6.7418918E-02  4.5783781E-02  3.4581084E-02
  2.5986485E-02
  0.0000000E+00  0.2309459      0.1157432      8.2770273E-02  6.3101351E-02
  0.0000000E+00  0.4308108      0.2332433      0.1765541    
  0.0000000E+00   1.000000      0.6137162    
  0.0000000E+00   3.581757    
   33.00000    
  1.0000000E+10
  0.0000000E+00  5.4757185E-02  1.7388504E-02  7.7254707E-03  4.1219029E-03
  2.4692765E-03  1.6010902E-03  1.0996035E-03
  0.0000000E+00  5.8126859E-02  1.8776016E-02  8.4737362E-03  4.5827553E-03
  2.7775026E-03  1.8191278E-03  1.2596630E-03
  0.0000000E+00  6.1546084E-02  2.0426165E-02  9.4350846E-03  5.2081267E-03
  3.2071357E-03  2.1293359E-03  1.4910803E-03
  0.0000000E+00  6.5014869E-02  2.2433104E-02  1.0718534E-02  6.0802773E-03
  3.8280475E-03  2.5862241E-03  0.0000000E+00
  0.0000000E+00  6.8830520E-02  2.5079286E-02  1.2542121E-02  7.3637264E-03
  4.7641229E-03  3.2834490E-03  0.0000000E+00
  0.0000000E+00  7.4628346E-02  2.8969277E-02  1.5307236E-02  9.3607530E-03
  6.2388503E-03  4.3820613E-03  0.0000000E+00
  0.0000000E+00  8.5827552E-02  3.5341922E-02  1.9786919E-02  1.2626363E-02
  8.6521311E-03  6.1397427E-03  0.0000000E+00
  0.0000000E+00  0.1083251      4.6665017E-02  2.7561942E-02  1.8285431E-02
  1.2765114E-02  8.7760165E-03
  0.0000000E+00  0.1526759      6.8186320E-02  4.2160556E-02  2.8795836E-02
  1.9653123E-02
  0.0000000E+00  0.2420218      0.1125867      7.2447971E-02  4.9162541E-02
  0.0000000E+00  0.4423687      0.2171457      0.1430129    
  0.0000000E+00   1.000000      0.5247770    
  0.0000000E+00   3.333498    
   32.99306    
  9.9999998E+10
  0.0000000E+00  8.8774890E-02  2.7353652E-02  1.1804465E-02  6.1345804E-03
  3.5878094E-03  2.2770066E-03  1.5328907E-03
  0.0000000E+00  8.9227512E-02  2.7561858E-02  1.1925166E-02  6.2130350E-03
  3.6421241E-03  2.3138202E-03  1.5594447E-03
  0.0000000E+00  9.2426062E-02  2.8675316E-02  1.2459264E-02  6.5147858E-03
  3.8322269E-03  2.4408568E-03  1.6475559E-03
  0.0000000E+00  9.8581769E-02  3.0808691E-02  1.3479178E-02  7.0941458E-03
  4.1943272E-03  2.6828605E-03  0.0000000E+00
  0.0000000E+00  0.1076644      3.4067590E-02  1.5084490E-02  8.0235368E-03
  4.7857570E-03  3.0808689E-03  0.0000000E+00
  0.0000000E+00  0.1197043      3.8714543E-02  1.7501509E-02  9.4719371E-03
  5.7272175E-03  3.7235969E-03  0.0000000E+00
  0.0000000E+00  0.1351237      4.5383222E-02  2.1222088E-02  1.1804465E-02
  7.2812312E-03  4.7676521E-03  0.0000000E+00
  0.0000000E+00  0.1565480      5.5733249E-02  2.7420035E-02  1.5838865E-02
  9.9728424E-03  6.3578752E-03
  0.0000000E+00  0.1935124      7.4049488E-02  3.8865417E-02  2.3337357E-02
  1.4468919E-02
  0.0000000E+00  0.2726313      0.1115269      6.2220879E-02  3.7356667E-02
  0.0000000E+00  0.4637900      0.1996077      0.1133675    
  0.0000000E+00   1.000000      0.4414605    
  0.0000000E+00   3.095957    
   32.52867    
  1.0000000E+12
  0.0000000E+00  0.1730221      5.3032976E-02  2.2771070E-02  1.1775004E-02
  6.8543898E-03  4.3289457E-03  2.9013436E-03
  0.0000000E+00  0.1796716      5.5082101E-02  2.3653142E-02  1.2235039E-02
  7.1203690E-03  4.4945041E-03  3.0099063E-03
  0.0000000E+00  0.1764147      5.4118603E-02  2.3246029E-02  1.2030127E-02
  7.0009502E-03  4.4171531E-03  2.9542679E-03
  0.0000000E+00  0.1685439      5.1784504E-02  2.2268964E-02  1.1526666E-02
  6.7091873E-03  4.2298823E-03  0.0000000E+00
  0.0000000E+00  0.1639300      5.0454605E-02  2.1726150E-02  1.1263401E-02
  6.5585566E-03  4.1308184E-03  0.0000000E+00
  0.0000000E+00  0.1678654      5.1811643E-02  2.2391098E-02  1.1631157E-02
  6.7783957E-03  4.2583798E-03  0.0000000E+00
  0.0000000E+00  0.1827928      5.6791965E-02  2.4698058E-02  1.2886416E-02
  7.5166235E-03  4.6831318E-03  0.0000000E+00
  0.0000000E+00  0.2111548      6.6467635E-02  2.9257700E-02  1.5402361E-02
  8.9713661E-03  5.3494368E-03
  0.0000000E+00  0.2583797      8.3457731E-02  3.7617046E-02  2.0056996E-02
  1.1323111E-02
  0.0000000E+00  0.3404804      0.1150902      5.3928621E-02  2.8484192E-02
  0.0000000E+00  0.5144525      0.1842855      8.8370204E-02
  0.0000000E+00   1.000000      0.3646356    
  0.0000000E+00   2.840277    
   31.63251    
  9.9999998E+12
  0.0000000E+00  0.1143417      3.5015672E-02  1.5015674E-02  7.7586207E-03
  4.5101880E-03  2.8460030E-03  1.9055643E-03
  0.0000000E+00  0.1556426      4.7648903E-02  2.0431034E-02  1.0552508E-02
  6.1324453E-03  3.8648120E-03  2.5842476E-03
  0.0000000E+00  0.2073668      6.3479625E-02  2.7210031E-02  1.4043886E-02
  8.1543885E-03  5.1332288E-03  3.4251567E-03
  0.0000000E+00  0.2616771      8.0094039E-02  3.4318183E-02  1.7699843E-02
  1.0266458E-02  6.4498428E-03  0.0000000E+00
  0.0000000E+00  0.3000392      9.1849536E-02  3.9341692E-02  2.0270376E-02
  1.1735894E-02  7.3510972E-03  0.0000000E+00
  0.0000000E+00  0.3066614      9.3847960E-02  4.0203761E-02  2.0689655E-02
  1.1947492E-02  7.4412222E-03  0.0000000E+00
  0.0000000E+00  0.2930251      8.9733548E-02  3.8409092E-02  1.9741379E-02
  1.1347962E-02  6.9670845E-03  0.0000000E+00
  0.0000000E+00  0.2885972      8.8479631E-02  3.7884012E-02  1.9416144E-02
  1.1022727E-02  6.4067398E-03
  0.0000000E+00  0.3150470      9.6904382E-02  4.1496862E-02  2.1101097E-02
  1.1387148E-02
  0.0000000E+00  0.3909875      0.1210423      5.1841691E-02  2.5266457E-02
  0.0000000E+00  0.5611285      0.1753527      7.3275857E-02
  0.0000000E+00   1.000000      0.3039577    
  0.0000000E+00   2.556426    
   29.62382    
  1.0000000E+14
  0.0000000E+00  2.6187150E-02  8.0167595E-03  3.4364525E-03  1.7744413E-03
  1.0314246E-03  6.5048877E-04  4.3533518E-04
  0.0000000E+00  3.9811451E-02  1.2185753E-02  5.2199718E-03  2.6941339E-03
  1.5649440E-03  9.8603347E-04  6.5872900E-04
  0.0000000E+00  6.2723465E-02  1.9189944E-02  8.2192738E-03  4.2374302E-03
  2.4587987E-03  1.5467876E-03  1.0314246E-03
  0.0000000E+00  0.1019553      3.1180168E-02  1.3344971E-02  6.8756980E-03
  3.9839381E-03  2.5006982E-03  0.0000000E+00
  0.0000000E+00  0.1685056      5.1487427E-02  2.2018155E-02  1.1333799E-02
  6.5509775E-03  4.0970673E-03  0.0000000E+00
  0.0000000E+00  0.2727654      8.3310053E-02  3.5579607E-02  1.8275138E-02
  1.0530726E-02  6.5405024E-03  0.0000000E+00
  0.0000000E+00  0.4023044      0.1227654      5.2353349E-02  2.6808659E-02
  1.5349162E-02  9.3784910E-03  0.0000000E+00
  0.0000000E+00  0.4938547      0.1505587      6.4036310E-02  3.2597765E-02
  1.8372905E-02  1.0593574E-02
  0.0000000E+00  0.5067039      0.1541201      6.5265357E-02  3.2758381E-02
  1.7451117E-02
  0.0000000E+00  0.5141760      0.1559357      6.5251395E-02  3.1033520E-02
  0.0000000E+00  0.6234637      0.1873603      7.4650832E-02
  0.0000000E+00   1.000000      0.2854050    
  0.0000000E+00   2.388268    
   27.73045    
