   100.0000    
  0.0000000E+00  1.4103819E-02  6.1032600E-03  3.7890023E-03  2.7242198E-03
  2.1169721E-03  1.7265985E-03  1.4565551E-03
  0.0000000E+00  1.7140059E-02  7.4660694E-03  4.6732896E-03  3.3888342E-03
  2.6584580E-03  2.1897298E-03  1.8679166E-03
  0.0000000E+00  2.1155730E-02  9.2864130E-03  5.8709946E-03  4.3053026E-03
  3.4154188E-03  2.8501467E-03  2.4639708E-03
  0.0000000E+00  2.6598571E-02  1.1786764E-02  7.5444239E-03  5.6079472E-03
  4.5165801E-03  3.8323770E-03  0.0000000E+00
  0.0000000E+00  3.4182172E-02  1.5335104E-02  9.9678189E-03  7.5402269E-03
  6.1970055E-03  5.3784805E-03  0.0000000E+00
  0.0000000E+00  4.5137819E-02  2.0554079E-02  1.3643486E-02  1.0569469E-02
  8.9310193E-03  8.0131525E-03  0.0000000E+00
  0.0000000E+00  6.1676227E-02  2.8669370E-02  1.9560654E-02  1.5684903E-02
  1.3809989E-02  1.3019448E-02  0.0000000E+00
  0.0000000E+00  8.8078909E-02  4.2115569E-02  2.9942632E-02  2.5269343E-02
  2.3758220E-02  2.3730237E-02
  0.0000000E+00  0.1335665      6.6615358E-02  5.0496709E-02  4.6467047E-02
  4.8090104E-02
  0.0000000E+00  0.2206520      0.1179936      0.1001959      0.1069540    
  0.0000000E+00  0.4163985      0.2549321      0.2706030    
  0.0000000E+00   1.000000      0.8392332    
  0.0000000E+00   4.219952    
   29.11711    
   1000.000    
  0.0000000E+00  1.4124687E-02  6.1091008E-03  3.7920955E-03  2.7247425E-03
  2.1152240E-03  1.7241858E-03  1.4528248E-03
  0.0000000E+00  1.7158363E-02  7.4714720E-03  4.6757581E-03  3.3899248E-03
  2.6565543E-03  2.1861952E-03  1.8605621E-03
  0.0000000E+00  2.1180071E-02  9.2930691E-03  5.8739213E-03  4.3042027E-03
  3.4135818E-03  2.8444196E-03  2.4533814E-03
  0.0000000E+00  2.6621206E-02  1.1793765E-02  7.5480095E-03  5.6067351E-03
  4.5115501E-03  3.8213190E-03  0.0000000E+00
  0.0000000E+00  3.4205399E-02  1.5335375E-02  9.9721681E-03  7.5382683E-03
  6.1870296E-03  5.3576394E-03  0.0000000E+00
  0.0000000E+00  4.5157250E-02  2.0567771E-02  1.3647370E-02  1.0563595E-02
  8.9103812E-03  7.9682712E-03  0.0000000E+00
  0.0000000E+00  6.1703313E-02  2.8680768E-02  1.9565823E-02  1.5669357E-02
  1.3758697E-02  1.2887559E-02  0.0000000E+00
  0.0000000E+00  8.8129699E-02  4.2137489E-02  2.9933203E-02  2.5215697E-02
  2.3587530E-02  2.3183970E-02
  0.0000000E+00  0.1336349      6.6643469E-02  5.0445311E-02  4.6242692E-02
  4.7161147E-02
  0.0000000E+00  0.2207069      0.1180072      9.9916495E-02  0.1052741    
  0.0000000E+00  0.4165043      0.2546618      0.2673253    
  0.0000000E+00   1.000000      0.8317562    
  0.0000000E+00   4.198441    
   29.00083    
   10000.00    
  0.0000000E+00  1.4136125E-02  6.1187656E-03  3.7958117E-03  2.7252687E-03
  2.1135299E-03  1.7181042E-03  1.4439239E-03
  0.0000000E+00  1.7181041E-02  7.4841557E-03  4.6817306E-03  3.3907413E-03
  2.6522458E-03  2.1782860E-03  1.8476165E-03
  0.0000000E+00  2.1204188E-02  9.3069719E-03  5.8804075E-03  4.3042162E-03
  3.4072748E-03  2.8299808E-03  2.4317994E-03
  0.0000000E+00  2.6646459E-02  1.1811794E-02  7.5544226E-03  5.6048497E-03
  4.5012399E-03  3.7985672E-03  0.0000000E+00
  0.0000000E+00  3.4251861E-02  1.5362359E-02  9.9779554E-03  7.5323777E-03
  6.1669885E-03  5.3168917E-03  0.0000000E+00
  0.0000000E+00  4.5219067E-02  2.0597961E-02  1.3653900E-02  1.0549738E-02
  8.8688340E-03  7.8782039E-03  0.0000000E+00
  0.0000000E+00  6.1780106E-02  2.8713142E-02  1.9564619E-02  1.5624139E-02
  1.3656654E-02  1.2646735E-02  0.0000000E+00
  0.0000000E+00  8.8233672E-02  4.2174153E-02  2.9925598E-02  2.5117112E-02
  2.3270873E-02  2.2333976E-02
  0.0000000E+00  0.1337972      6.6698812E-02  5.0372001E-02  4.5825299E-02
  4.5687519E-02
  0.0000000E+00  0.2209975      0.1180215      9.9379994E-02  0.1025627    
  0.0000000E+00  0.4169193      0.2540645      0.2619179    
  0.0000000E+00   1.000000      0.8195095    
  0.0000000E+00   4.163682    
   28.82337    
   100000.0    
  0.0000000E+00  1.4183246E-02  6.1388551E-03  3.8043037E-03  2.7256731E-03
  2.1071865E-03  1.7052374E-03  1.4237380E-03
  0.0000000E+00  1.7228313E-02  7.5057517E-03  4.6894033E-03  3.3888214E-03
  2.6431181E-03  2.1586141E-03  1.8189199E-03
  0.0000000E+00  2.1261334E-02  9.3327919E-03  5.8898362E-03  4.3009883E-03
  3.3915280E-03  2.8014618E-03  2.3886857E-03
  0.0000000E+00  2.6715387E-02  1.1841927E-02  7.5639463E-03  5.5961567E-03
  4.4742185E-03  3.7515226E-03  0.0000000E+00
  0.0000000E+00  3.4334820E-02  1.5401272E-02  9.9878190E-03  7.5165783E-03
  6.1199083E-03  5.2321018E-03  0.0000000E+00
  0.0000000E+00  4.5324132E-02  2.0638786E-02  1.3655434E-02  1.0514278E-02
  8.7792659E-03  7.7060494E-03  0.0000000E+00
  0.0000000E+00  6.1929893E-02  2.8772499E-02  1.9569630E-02  1.5550141E-02
  1.3449722E-02  1.2223575E-02  0.0000000E+00
  0.0000000E+00  8.8442273E-02  4.2251997E-02  2.9882256E-02  2.4888348E-02
  2.2668831E-02  2.1044796E-02
  0.0000000E+00  0.1340777      6.6761404E-02  5.0169174E-02  4.5012858E-02
  4.3415889E-02
  0.0000000E+00  0.2214102      0.1179862      9.8335363E-02  9.8294757E-02
  0.0000000E+00  0.4176478      0.2529436      0.2532142    
  0.0000000E+00   1.000000      0.7997022    
  0.0000000E+00   4.107457    
   28.52889    
   1000000.    
  0.0000000E+00  1.4293215E-02  6.1819139E-03  3.8207115E-03  2.7247670E-03
  2.0921382E-03  1.6786981E-03  1.3860087E-03
  0.0000000E+00  1.7351359E-02  7.5521721E-03  4.7066547E-03  3.3836460E-03
  2.6197664E-03  2.1197009E-03  1.7653236E-03
  0.0000000E+00  2.1393884E-02  9.3857460E-03  5.9049744E-03  4.2892769E-03
  3.3560835E-03  2.7431422E-03  2.3060769E-03
  0.0000000E+00  2.6880169E-02  1.1901826E-02  7.5784223E-03  5.5755354E-03
  4.4179028E-03  3.6579603E-03  0.0000000E+00
  0.0000000E+00  3.4518965E-02  1.5461347E-02  9.9986885E-03  7.4747344E-03
  6.0231006E-03  5.0715320E-03  0.0000000E+00
  0.0000000E+00  4.5570288E-02  2.0724505E-02  1.3663211E-02  1.0433128E-02
  8.5969288E-03  7.3946719E-03  0.0000000E+00
  0.0000000E+00  6.2239140E-02  2.8875181E-02  1.9543247E-02  1.5369472E-02
  1.3062082E-02  1.1527760E-02  0.0000000E+00
  0.0000000E+00  8.8869929E-02  4.2367768E-02  2.9767687E-02  2.4438905E-02
  2.1669511E-02  1.9201996E-02
  0.0000000E+00  0.1346633      6.6885419E-02  4.9744066E-02  4.3575276E-02
  4.0057752E-02
  0.0000000E+00  0.2223389      0.1178764      9.6403733E-02  9.1862455E-02
  0.0000000E+00  0.4190839      0.2506891      0.2399265    
  0.0000000E+00   1.000000      0.7686048    
  0.0000000E+00   4.018900    
   28.14018    
  1.0000000E+07
  0.0000000E+00  1.4649047E-02  6.3196607E-03  3.8798156E-03  2.7365666E-03
  2.0695673E-03  1.6307194E-03  1.3202843E-03
  0.0000000E+00  1.7691061E-02  7.6810871E-03  4.7537712E-03  3.3798777E-03
  2.5782322E-03  2.0471264E-03  1.6681212E-03
  0.0000000E+00  2.1730457E-02  9.5100356E-03  5.9419023E-03  4.2675477E-03
  3.2851265E-03  2.6330883E-03  2.1618251E-03
  0.0000000E+00  2.7240992E-02  1.2029673E-02  7.6025431E-03  5.5254954E-03
  4.3037026E-03  3.4858494E-03  0.0000000E+00
  0.0000000E+00  3.4933299E-02  1.5609026E-02  1.0004987E-02  7.3793787E-03
  5.8321902E-03  4.7861864E-03  0.0000000E+00
  0.0000000E+00  4.6054110E-02  2.0882683E-02  1.3639197E-02  1.0251839E-02
  8.2545811E-03  6.8819346E-03  0.0000000E+00
  0.0000000E+00  6.2859990E-02  2.9048748E-02  1.9448945E-02  1.4998130E-02
  1.2378755E-02  1.0482484E-02  0.0000000E+00
  0.0000000E+00  8.9702033E-02  4.2550802E-02  2.9485103E-02  2.3588082E-02
  2.0072311E-02  1.6780950E-02
  0.0000000E+00  0.1358933      6.6999130E-02  4.8859242E-02  4.1179404E-02
  3.5531729E-02
  0.0000000E+00  0.2241616      0.1174916      9.2980921E-02  8.2919836E-02
  0.0000000E+00  0.4217679      0.2466027      0.2209201    
  0.0000000E+00   1.000000      0.7231019    
  0.0000000E+00   3.889789    
   28.03890    
  1.0000000E+08
  0.0000000E+00  1.6657114E-02  7.1202572E-03  4.2347815E-03  2.8648400E-03
  2.0726814E-03  1.5648287E-03  1.2163247E-03
  0.0000000E+00  1.9339677E-02  8.3228247E-03  5.0280867E-03  3.4563798E-03
  2.5369711E-03  1.9385533E-03  1.5201193E-03
  0.0000000E+00  2.3122780E-02  1.0027514E-02  6.1389431E-03  4.2817839E-03
  3.1846843E-03  2.4613093E-03  1.9477245E-03
  0.0000000E+00  2.8453514E-02  1.2449845E-02  7.7266996E-03  5.4637166E-03
  4.1178493E-03  3.2167833E-03  0.0000000E+00
  0.0000000E+00  3.6077037E-02  1.5969276E-02  1.0050441E-02  7.2131148E-03
  5.5107186E-03  4.3517137E-03  0.0000000E+00
  0.0000000E+00  4.7219995E-02  2.1208299E-02  1.3584777E-02  9.9163130E-03
  7.6923077E-03  6.1412361E-03  0.0000000E+00
  0.0000000E+00  6.4186633E-02  2.9347701E-02  1.9213574E-02  1.4341396E-02
  1.1326378E-02  9.1058128E-03  0.0000000E+00
  0.0000000E+00  9.1356188E-02  4.2806376E-02  2.8889144E-02  2.2182737E-02
  1.7849363E-02  1.3974551E-02
  0.0000000E+00  0.1381406      6.7041151E-02  4.7219995E-02  3.7636135E-02
  3.0115787E-02
  0.0000000E+00  0.2274447      0.1164737      8.7561615E-02  7.1798690E-02
  0.0000000E+00  0.4263441      0.2394818      0.1962627    
  0.0000000E+00   1.000000      0.6628454    
  0.0000000E+00   3.720050    
   30.02407    
  1.0000000E+09
  0.0000000E+00  2.8761771E-02  1.0679223E-02  5.4217591E-03  3.2197956E-03
  2.1017832E-03  1.4626328E-03  1.0649170E-03
  0.0000000E+00  2.9733522E-02  1.1570828E-02  6.1200163E-03  3.7497496E-03
  2.5065118E-03  1.7751954E-03  1.3103588E-03
  0.0000000E+00  3.1606894E-02  1.2843118E-02  7.0827492E-03  4.4820677E-03
  3.0685235E-03  2.2129836E-03  1.6549790E-03
  0.0000000E+00  3.5153277E-02  1.4756562E-02  8.4662391E-03  5.5269483E-03
  3.8749750E-03  2.8431178E-03  0.0000000E+00
  0.0000000E+00  4.1334406E-02  1.7741935E-02  1.0528952E-02  7.0747347E-03
  5.0701266E-03  3.7778001E-03  0.0000000E+00
  0.0000000E+00  5.1502705E-02  2.2500502E-02  1.3734723E-02  9.4690444E-03
  6.9204574E-03  5.2183932E-03  0.0000000E+00
  0.0000000E+00  6.7922264E-02  3.0244442E-02  1.8944100E-02  1.3364055E-02
  9.9398913E-03  7.5215390E-03  0.0000000E+00
  0.0000000E+00  9.5031060E-02  4.3317974E-02  2.7890204E-02  2.0156281E-02
  1.5167302E-02  1.1079945E-02
  0.0000000E+00  0.1423562      6.6910438E-02  4.4600282E-02  3.3049490E-02
  2.4333801E-02
  0.0000000E+00  0.2329193      0.1145061      7.9963937E-02  5.9457026E-02
  0.0000000E+00  0.4333801      0.2287117      0.1678021    
  0.0000000E+00   1.000000      0.5903627    
  0.0000000E+00   3.516330    
   32.67882    
  1.0000000E+10
  0.0000000E+00  5.0314516E-02  1.5991936E-02  7.1080648E-03  3.7951614E-03
  2.2733873E-03  1.4741935E-03  1.0120969E-03
  0.0000000E+00  5.3919356E-02  1.7435484E-02  7.8758067E-03  4.2637098E-03
  2.5846777E-03  1.6927420E-03  1.1717741E-03
  0.0000000E+00  5.7645161E-02  1.9145161E-02  8.8548390E-03  4.8903227E-03
  3.0137098E-03  2.0008066E-03  1.4000000E-03
  0.0000000E+00  6.1475810E-02  2.1233872E-02  1.0153226E-02  5.7629035E-03
  3.6290323E-03  2.4500000E-03  0.0000000E+00
  0.0000000E+00  6.5887094E-02  2.3975806E-02  1.1991936E-02  7.0411293E-03
  4.5508067E-03  3.1322581E-03  0.0000000E+00
  0.0000000E+00  7.2483875E-02  2.7991934E-02  1.4758064E-02  9.0161292E-03
  5.9927423E-03  4.1975807E-03  0.0000000E+00
  0.0000000E+00  8.4596775E-02  3.4508064E-02  1.9233871E-02  1.2225807E-02
  8.3387103E-03  5.8895163E-03  0.0000000E+00
  0.0000000E+00  0.1079839      4.5959681E-02  2.6927421E-02  1.7741935E-02
  1.2298387E-02  8.3951615E-03
  0.0000000E+00  0.1530645      6.7508064E-02  4.1274197E-02  2.7903225E-02
  1.8846774E-02
  0.0000000E+00  0.2429839      0.1114516      7.0758060E-02  4.7338709E-02
  0.0000000E+00  0.4437903      0.2141936      0.1384677    
  0.0000000E+00   1.000000      0.5121774    
  0.0000000E+00   3.298387    
   32.91935    
  9.9999998E+10
  0.0000000E+00  7.9057887E-02  2.4358684E-02  1.0510784E-02  5.4614074E-03
  3.1935303E-03  2.0255393E-03  1.3632237E-03
  0.0000000E+00  8.0987513E-02  2.5017027E-02  1.0822929E-02  5.6362087E-03
  3.3019297E-03  2.0976164E-03  1.4125995E-03
  0.0000000E+00  8.5357554E-02  2.6475595E-02  1.1498297E-02  6.0102157E-03
  3.5340521E-03  2.2502837E-03  1.5181612E-03
  0.0000000E+00  9.2395008E-02  2.8864928E-02  1.2627696E-02  6.6458574E-03
  3.9256527E-03  2.5102159E-03  0.0000000E+00
  0.0000000E+00  0.1021566      3.2326903E-02  1.4313281E-02  7.6106698E-03
  4.5368900E-03  2.9199775E-03  0.0000000E+00
  0.0000000E+00  0.1147560      3.7122589E-02  1.6782066E-02  9.0805907E-03
  5.4897843E-03  3.5652670E-03  0.0000000E+00
  0.0000000E+00  0.1307605      4.3904655E-02  2.0533485E-02  1.1424518E-02
  7.0431330E-03  4.6066972E-03  0.0000000E+00
  0.0000000E+00  0.1529512      5.4364361E-02  2.6742337E-02  1.5437004E-02
  9.7105568E-03  6.1748014E-03
  0.0000000E+00  0.1912599      7.2814986E-02  3.8132802E-02  2.2849036E-02
  1.4120318E-02
  0.0000000E+00  0.2719637      0.1103292      6.1237231E-02  3.6572076E-02
  0.0000000E+00  0.4643019      0.1978434      0.1114075    
  0.0000000E+00   1.000000      0.4358116    
  0.0000000E+00   3.083996    
   32.57094    
  1.0000000E+12
  0.0000000E+00  0.1489099      4.5655608E-02  1.9592417E-02  1.0129541E-02
  5.8957343E-03  3.7219587E-03  2.4938388E-03
  0.0000000E+00  0.1566509      4.8025277E-02  2.0619273E-02  1.0660347E-02
  6.2022121E-03  3.9146920E-03  2.6202211E-03
  0.0000000E+00  0.1569668      4.8151661E-02  2.0676145E-02  1.0691943E-02
  6.2211687E-03  3.9241705E-03  2.6224328E-03
  0.0000000E+00  0.1533017      4.7077410E-02  2.0227488E-02  1.0464455E-02
  6.0884678E-03  3.8357030E-03  0.0000000E+00
  0.0000000E+00  0.1521959      4.6793051E-02  2.0142179E-02  1.0432859E-02
  6.0695098E-03  3.8199052E-03  0.0000000E+00
  0.0000000E+00  0.1587046      4.8941549E-02  2.1134282E-02  1.0969984E-02
  6.3854656E-03  4.0063192E-03  0.0000000E+00
  0.0000000E+00  0.1755766      5.4502368E-02  2.3674564E-02  1.2341231E-02
  7.1911532E-03  4.4739335E-03  0.0000000E+00
  0.0000000E+00  0.2054029      6.4612947E-02  2.8404422E-02  1.4932069E-02
  8.6856242E-03  5.1690363E-03
  0.0000000E+00  0.2536493      8.1832543E-02  3.6840443E-02  1.9620853E-02
  1.1061612E-02
  0.0000000E+00  0.3368088      0.1136177      5.3175356E-02  2.8056871E-02
  0.0000000E+00  0.5124803      0.1828752      8.7488145E-02
  0.0000000E+00   1.000000      0.3624012    
  0.0000000E+00   2.837599    
   31.72196    
  9.9999998E+12
  0.0000000E+00  0.1123609      3.4405183E-02  1.4757305E-02  7.6207356E-03
  4.4308598E-03  2.7949626E-03  1.8706443E-03
  0.0000000E+00  0.1478176      4.5250028E-02  1.9391123E-02  1.0013448E-02
  5.8173370E-03  3.6667073E-03  2.4501772E-03
  0.0000000E+00  0.1917105      5.8674652E-02  2.5137546E-02  1.2972246E-02
  7.5290375E-03  4.7377427E-03  3.1605330E-03
  0.0000000E+00  0.2385377      7.2991811E-02  3.1262990E-02  1.6114440E-02
  9.3434406E-03  5.8686882E-03  0.0000000E+00
  0.0000000E+00  0.2743612      8.3922237E-02  3.5921261E-02  1.8510820E-02
  1.0710355E-02  6.7049759E-03  0.0000000E+00
  0.0000000E+00  0.2846314      8.7039977E-02  3.7241716E-02  1.9158820E-02
  1.1057586E-02  6.8798140E-03  0.0000000E+00
  0.0000000E+00  0.2763174      8.4533557E-02  3.6153562E-02  1.8559726E-02
  1.0657782E-02  6.5350286E-03  0.0000000E+00
  0.0000000E+00  0.2765619      8.4692508E-02  3.6202472E-02  1.8523045E-02
  1.0502506E-02  6.0936543E-03
  0.0000000E+00  0.3070057      9.4253570E-02  4.0310550E-02  2.0442596E-02
  1.1007457E-02
  0.0000000E+00  0.3861108      0.1192322      5.0947547E-02  2.4758527E-02
  0.0000000E+00  0.5586258      0.1741044      7.2563879E-02
  0.0000000E+00   1.000000      0.3029710    
  0.0000000E+00   2.561438    
   29.77136    
  1.0000000E+14
  0.0000000E+00  3.4156002E-02  1.0453992E-02  4.4820230E-03  2.3141375E-03
  1.3449115E-03  8.4826327E-04  5.6764163E-04
  0.0000000E+00  4.9116392E-02  1.5030469E-02  6.4411946E-03  3.3241925E-03
  1.9305301E-03  1.2160268E-03  8.1261428E-04
  0.0000000E+00  7.3004268E-02  2.2333942E-02  9.5642898E-03  4.9329679E-03
  2.8616695E-03  1.8001219E-03  1.2001827E-03
  0.0000000E+00  0.1119135      3.4216940E-02  1.4643510E-02  7.5441799E-03
  4.3692873E-03  2.7428397E-03  0.0000000E+00
  0.0000000E+00  0.1750457      5.3473491E-02  2.2864107E-02  1.1761121E-02
  6.7976839E-03  4.2504570E-03  0.0000000E+00
  0.0000000E+00  0.2711456      8.2784884E-02  3.5344303E-02  1.8144423E-02
  1.0447898E-02  6.4868983E-03  0.0000000E+00
  0.0000000E+00  0.3906155      0.1191042      5.0761729E-02  2.5968922E-02
  1.4853748E-02  9.0676416E-03  0.0000000E+00
  0.0000000E+00  0.4774528      0.1453687      6.1761122E-02  3.1413771E-02
  1.7678244E-02  1.0176722E-02
  0.0000000E+00  0.4896404      0.1487508      6.2858015E-02  3.1505179E-02
  1.6742839E-02
  0.0000000E+00  0.5006094      0.1515235      6.3254118E-02  2.9993907E-02
  0.0000000E+00  0.6170018      0.1848263      7.3369898E-02
  0.0000000E+00   1.000000      0.2844302    
  0.0000000E+00   2.400061    
   27.95551    
