   100.0000    
  0.0000000E+00  1.4227493E-02  6.1065643E-03  3.7481207E-03  2.6574244E-03
  2.0327377E-03  1.6313681E-03  1.3525973E-03
  0.0000000E+00  1.7304160E-02  7.4745282E-03  4.6233507E-03  3.3038249E-03
  2.5488560E-03  2.0628027E-03  1.7270754E-03
  0.0000000E+00  2.1396359E-02  9.3051614E-03  5.8075832E-03  4.1924170E-03
  3.2687490E-03  2.6741272E-03  2.2649074E-03
  0.0000000E+00  2.6925005E-02  1.1815601E-02  7.4594957E-03  5.4501421E-03
  4.3059965E-03  3.5760817E-03  0.0000000E+00
  0.0000000E+00  3.4641724E-02  1.5371639E-02  9.8446636E-03  7.3108408E-03
  5.8777351E-03  4.9774512E-03  0.0000000E+00
  0.0000000E+00  4.5782529E-02  2.0611325E-02  1.3450810E-02  1.0203775E-02
  8.4065478E-03  7.3208618E-03  0.0000000E+00
  0.0000000E+00  6.2602304E-02  2.8712211E-02  1.9224988E-02  1.5035912E-02
  1.2839486E-02  1.1645231E-02  0.0000000E+00
  0.0000000E+00  8.9460500E-02  4.2124603E-02  2.9263403E-02  2.3951897E-02
  2.1613495E-02  2.0444296E-02
  0.0000000E+00  0.1356272      6.6410564E-02  4.8872560E-02  4.3110073E-02
  4.1957576E-02
  0.0000000E+00  0.2238183      0.1167697      9.5022552E-02  9.4755307E-02
  0.0000000E+00  0.4207450      0.2478704      0.2443628    
  0.0000000E+00   1.000000      0.7751796    
  0.0000000E+00   4.040421    
   28.21112    
   1000.000    
  0.0000000E+00  1.4238895E-02  6.1104638E-03  3.7497918E-03  2.6567958E-03
  2.0312760E-03  1.6288471E-03  1.3486941E-03
  0.0000000E+00  1.7318249E-02  7.4796202E-03  4.6248543E-03  3.3039427E-03
  2.5469973E-03  2.0595575E-03  1.7201797E-03
  0.0000000E+00  2.1410746E-02  9.3112625E-03  5.8093495E-03  4.1906503E-03
  3.2656796E-03  2.6684410E-03  2.2558642E-03
  0.0000000E+00  2.6933955E-02  1.1823324E-02  7.4613211E-03  5.4500084E-03
  4.3021124E-03  3.5667941E-03  0.0000000E+00
  0.0000000E+00  3.4669768E-02  1.5380136E-02  9.8469472E-03  7.3066042E-03
  5.8692396E-03  4.9592415E-03  0.0000000E+00
  0.0000000E+00  4.5816004E-02  2.0612210E-02  1.3452004E-02  1.0197970E-02
  8.3896182E-03  7.2833137E-03  0.0000000E+00
  0.0000000E+00  6.2651798E-02  2.8730659E-02  1.9231409E-02  1.5020795E-02
  1.2796539E-02  1.1543836E-02  0.0000000E+00
  0.0000000E+00  8.9502573E-02  4.2139411E-02  2.9263018E-02  2.3906171E-02
  2.1477289E-02  2.0029945E-02
  0.0000000E+00  0.1357012      6.6428214E-02  4.8843786E-02  4.2921308E-02
  4.1257694E-02
  0.0000000E+00  0.2239228      0.1167693      9.4792873E-02  9.3495257E-02
  0.0000000E+00  0.4210614      0.2475462      0.2417235    
  0.0000000E+00   1.000000      0.7695891    
  0.0000000E+00   4.024289    
   28.13176    
   10000.00    
  0.0000000E+00  1.4258586E-02  6.1195507E-03  3.7533024E-03  2.6568694E-03
  2.0293924E-03  1.6235139E-03  1.3408191E-03
  0.0000000E+00  1.7354690E-02  7.4900924E-03  4.6284678E-03  3.3041614E-03
  2.5429325E-03  2.0525099E-03  1.7090490E-03
  0.0000000E+00  2.1433290E-02  9.3229851E-03  5.8140690E-03  4.1892338E-03
  3.2579261E-03  2.6568694E-03  2.2374506E-03
  0.0000000E+00  2.6981506E-02  1.1836195E-02  7.4653234E-03  5.4458389E-03
  4.2899605E-03  3.5468957E-03  0.0000000E+00
  0.0000000E+00  3.4709379E-02  1.5396301E-02  9.8513877E-03  7.3001981E-03
  5.8503961E-03  4.9240422E-03  0.0000000E+00
  0.0000000E+00  4.5871861E-02  2.0640686E-02  1.3454425E-02  1.0181638E-02
  8.3520478E-03  7.2110300E-03  0.0000000E+00
  0.0000000E+00  6.2714666E-02  2.8764861E-02  1.9220607E-02  1.4985139E-02
  1.2709710E-02  1.1355680E-02  0.0000000E+00
  0.0000000E+00  8.9597091E-02  4.2173054E-02  2.9243726E-02  2.3811096E-02
  2.1218626E-02  1.9402247E-02
  0.0000000E+00  0.1358322      6.6463009E-02  4.8761558E-02  4.2569354E-02
  4.0158521E-02
  0.0000000E+00  0.2240753      0.1167602      9.4336197E-02  9.1463007E-02
  0.0000000E+00  0.4214003      0.2471929      0.2376156    
  0.0000000E+00   1.000000      0.7602378    
  0.0000000E+00   3.997688    
   27.98877    
   100000.0    
  0.0000000E+00  1.4299446E-02  6.1355494E-03  3.7585534E-03  2.6555881E-03
  2.0218312E-03  1.6119258E-03  1.3245357E-03
  0.0000000E+00  1.7399805E-02  7.5089610E-03  4.6350602E-03  3.3007495E-03
  2.5333986E-03  2.0348649E-03  1.6862171E-03
  0.0000000E+00  2.1489084E-02  9.3434351E-03  5.8194851E-03  4.1837734E-03
  3.2437276E-03  2.6311504E-03  2.2010426E-03
  0.0000000E+00  2.7044641E-02  1.1860541E-02  7.4714893E-03  5.4366244E-03
  4.2668623E-03  3.5060281E-03  0.0000000E+00
  0.0000000E+00  3.4783319E-02  1.5426850E-02  9.8550022E-03  7.2825025E-03
  5.8080810E-03  4.8533725E-03  0.0000000E+00
  0.0000000E+00  4.5959596E-02  2.0674488E-02  1.3455523E-02  1.0146628E-02
  8.2730539E-03  7.0707076E-03  0.0000000E+00
  0.0000000E+00  6.2838063E-02  2.8804172E-02  1.9208211E-02  1.4908766E-02
  1.2536657E-02  1.1023135E-02  0.0000000E+00
  0.0000000E+00  8.9784950E-02  4.2228740E-02  2.9195180E-02  2.3623331E-02
  2.0755947E-02  1.8442489E-02
  0.0000000E+00  0.1360867      6.6503748E-02  4.8566312E-02  4.1919194E-02
  3.8432714E-02
  0.0000000E+00  0.2245031      0.1166992      9.3466930E-02  8.8188335E-02
  0.0000000E+00  0.4219615      0.2461714      0.2310199    
  0.0000000E+00   1.000000      0.7447051    
  0.0000000E+00   3.952428    
   27.76149    
   1000000.    
  0.0000000E+00  1.4398981E-02  6.1741760E-03  3.7716925E-03  2.6540360E-03
  2.0092342E-03  1.5882821E-03  1.2926286E-03
  0.0000000E+00  1.7497214E-02  7.5497534E-03  4.6473490E-03  3.2940614E-03
  2.5123388E-03  2.0012737E-03  1.6398663E-03
  0.0000000E+00  2.1604840E-02  9.3886321E-03  5.8318735E-03  4.1729021E-03
  3.2112719E-03  2.5807992E-03  2.1334183E-03
  0.0000000E+00  2.7177200E-02  1.1913707E-02  7.4812924E-03  5.4147430E-03
  4.2158891E-03  3.4262058E-03  0.0000000E+00
  0.0000000E+00  3.4946661E-02  1.5486388E-02  9.8598944E-03  7.2424770E-03
  5.7236110E-03  4.7189933E-03  0.0000000E+00
  0.0000000E+00  4.6186913E-02  2.0745104E-02  1.3450088E-02  1.0071645E-02
  8.1181340E-03  6.8173856E-03  0.0000000E+00
  0.0000000E+00  6.3126884E-02  2.8880751E-02  1.9184843E-02  1.4750835E-02
  1.2214616E-02  1.0471262E-02  0.0000000E+00
  0.0000000E+00  9.0160802E-02  4.2318102E-02  2.9087726E-02  2.3228785E-02
  1.9933131E-02  1.7019583E-02
  0.0000000E+00  0.1366502      6.6581756E-02  4.8192959E-02  4.0741920E-02
  3.5854165E-02
  0.0000000E+00  0.2252826      0.1165738      9.1848433E-02  8.3187386E-02
  0.0000000E+00  0.4231810      0.2442286      0.2205063    
  0.0000000E+00   1.000000      0.7202674    
  0.0000000E+00   3.883139    
   27.47970    
  1.0000000E+07
  0.0000000E+00  1.4725157E-02  6.2930635E-03  3.8187106E-03  2.6596233E-03
  1.9859131E-03  1.5449395E-03  1.2351860E-03
  0.0000000E+00  1.7807379E-02  7.6603889E-03  4.6838154E-03  3.2858672E-03
  2.4728219E-03  1.9369161E-03  1.5587199E-03
  0.0000000E+00  2.1926196E-02  9.4962483E-03  5.8582146E-03  4.1479100E-03
  3.1480631E-03  2.4866022E-03  2.0134740E-03
  0.0000000E+00  2.7514929E-02  1.2022661E-02  7.4965549E-03  5.3651812E-03
  4.1142241E-03  3.2797426E-03  0.0000000E+00
  0.0000000E+00  3.5323840E-02  1.5602511E-02  9.8591335E-03  7.1520442E-03
  5.5565760E-03  4.4801715E-03  0.0000000E+00
  0.0000000E+00  4.6623792E-02  2.0869697E-02  1.3417547E-02  9.9065993E-03
  7.8242226E-03  6.3941199E-03  0.0000000E+00
  0.0000000E+00  6.3680902E-02  2.9030774E-02  1.9078242E-02  1.4426580E-02
  1.1641402E-02  9.6279280E-03  0.0000000E+00
  0.0000000E+00  9.0920225E-02  4.2474352E-02  2.8816413E-02  2.2508038E-02
  1.8634206E-02  1.5127851E-02
  0.0000000E+00  0.1377124      6.6651352E-02  4.7404684E-02  3.8753636E-02
  3.2276832E-02
  0.0000000E+00  0.2269178      0.1161843      8.8960342E-02  7.6083295E-02
  0.0000000E+00  0.4255091      0.2406982      0.2053284    
  0.0000000E+00   1.000000      0.6835094    
  0.0000000E+00   3.778900    
   27.45368    
  1.0000000E+08
  0.0000000E+00  1.6544593E-02  6.9869305E-03  4.1131694E-03  2.7559961E-03
  1.9775957E-03  1.4806836E-03  1.1426109E-03
  0.0000000E+00  1.9316386E-02  8.2177222E-03  4.9088034E-03  3.3390778E-03
  2.4271146E-03  1.8368519E-03  1.4291254E-03
  0.0000000E+00  2.3194026E-02  9.9454261E-03  6.0175215E-03  4.1476376E-03
  3.0518454E-03  2.3337642E-03  1.8282350E-03
  0.0000000E+00  2.8622720E-02  1.2391211E-02  7.5901188E-03  5.2994397E-03
  3.9451388E-03  3.0461007E-03  0.0000000E+00
  0.0000000E+00  3.6363635E-02  1.5912682E-02  9.8836701E-03  6.9955480E-03
  5.2721528E-03  4.1088611E-03  0.0000000E+00
  0.0000000E+00  4.7680598E-02  2.1154676E-02  1.3352003E-02  9.6021825E-03
  7.3359185E-03  5.7705012E-03  0.0000000E+00
  0.0000000E+00  6.4871468E-02  2.9283354E-02  1.8871175E-02  1.3838862E-02
  1.0742496E-02  8.4862849E-03  0.0000000E+00
  0.0000000E+00  9.2388339E-02  4.2668391E-02  2.8263681E-02  2.1283930E-02
  1.6774379E-02  1.2850783E-02
  0.0000000E+00  0.1397099      6.6637948E-02  4.5942839E-02  3.5746086E-02
  2.7861554E-02
  0.0000000E+00  0.2297860      0.1152377      8.4288381E-02  6.6939540E-02
  0.0000000E+00  0.4295562      0.2345253      0.1848341    
  0.0000000E+00   1.000000      0.6332041    
  0.0000000E+00   3.637800    
   29.47006    
  1.0000000E+09
  0.0000000E+00  2.7331607E-02  1.0128238E-02  5.1373057E-03  3.0479275E-03
  1.9883420E-03  1.3808290E-03  1.0034974E-03
  0.0000000E+00  2.8613990E-02  1.1079015E-02  5.8458550E-03  3.5738344E-03
  2.3821245E-03  1.6839379E-03  1.2388601E-03
  0.0000000E+00  3.0829016E-02  1.2419689E-02  6.8186526E-03  4.2966325E-03
  2.9313473E-03  2.1049222E-03  1.5673575E-03
  0.0000000E+00  3.4715027E-02  1.4417099E-02  8.2098451E-03  5.3264252E-03
  3.7137307E-03  2.7098446E-03  0.0000000E+00
  0.0000000E+00  4.1191712E-02  1.7474093E-02  1.0273316E-02  6.8458547E-03
  4.8691714E-03  3.6010365E-03  0.0000000E+00
  0.0000000E+00  5.1619172E-02  2.2292748E-02  1.3458550E-02  9.1800522E-03
  6.6463728E-03  4.9663214E-03  0.0000000E+00
  0.0000000E+00  6.8316065E-02  3.0051814E-02  1.8588083E-02  1.2953368E-02
  9.5259072E-03  7.1282387E-03  0.0000000E+00
  0.0000000E+00  9.5751293E-02  4.3082904E-02  2.7344560E-02  1.9481866E-02
  1.4455959E-02  1.0413213E-02
  0.0000000E+00  0.1435233      6.6476688E-02  4.3588087E-02  3.1748705E-02
  2.2966322E-02
  0.0000000E+00  0.2347150      0.1133420      7.7590674E-02  5.6437824E-02
  0.0000000E+00  0.4358808      0.2247409      0.1604922    
  0.0000000E+00   1.000000      0.5707254    
  0.0000000E+00   3.462435    
   32.43523    
  1.0000000E+10
  0.0000000E+00  4.7016889E-02  1.4948453E-02  6.6483878E-03  3.5512173E-03
  2.1276595E-03  1.3796886E-03  9.4713748E-04
  0.0000000E+00  5.0756745E-02  1.6429041E-02  7.4248738E-03  4.0206187E-03
  2.4380346E-03  1.5968414E-03  1.1055055E-03
  0.0000000E+00  5.4683045E-02  1.8172843E-02  8.4119318E-03  4.6468521E-03
  2.8635664E-03  1.9006360E-03  1.3292389E-03
  0.0000000E+00  5.8806755E-02  2.0311473E-02  9.7192368E-03  5.5143675E-03
  3.4711559E-03  2.3415221E-03  0.0000000E+00
  0.0000000E+00  6.3676246E-02  2.3119105E-02  1.1559553E-02  6.7821890E-03
  4.3781530E-03  3.0072383E-03  0.0000000E+00
  0.0000000E+00  7.0892736E-02  2.7242815E-02  1.4334284E-02  8.7310812E-03
  5.7885502E-03  4.0414566E-03  0.0000000E+00
  0.0000000E+00  8.3713531E-02  3.3878043E-02  1.8776046E-02  1.1888572E-02
  8.0686556E-03  5.6711999E-03  0.0000000E+00
  0.0000000E+00  0.1078087      4.5426629E-02  2.6409300E-02  1.7273525E-02
  1.1888572E-02  8.0533009E-03
  0.0000000E+00  0.1535424      6.6944510E-02  4.0502302E-02  2.7122175E-02
  1.8139943E-02
  0.0000000E+00  0.2441325      0.1105506      6.9247641E-02  4.5733713E-02
  0.0000000E+00  0.4454924      0.2115595      0.1344593    
  0.0000000E+00   1.000000      0.5009871    
  0.0000000E+00   3.269357    
   32.88002    
  9.9999998E+10
  0.0000000E+00  7.1903169E-02  2.2145241E-02  9.5575955E-03  4.9649412E-03
  2.9023373E-03  1.8405677E-03  1.2387312E-03
  0.0000000E+00  7.4749582E-02  2.3088479E-02  9.9833058E-03  5.1994990E-03
  3.0459098E-03  1.9340569E-03  1.3030050E-03
  0.0000000E+00  7.9824708E-02  2.4757929E-02  1.0751252E-02  5.6218696E-03
  3.3030049E-03  2.1026712E-03  1.4181971E-03
  0.0000000E+00  8.7395661E-02  2.7312186E-02  1.1944908E-02  6.2838062E-03
  3.7120201E-03  2.3731219E-03  0.0000000E+00
  0.0000000E+00  9.7579300E-02  3.0884806E-02  1.3672788E-02  7.2712856E-03
  4.3330551E-03  2.7879800E-03  0.0000000E+00
  0.0000000E+00  0.1106010      3.5767946E-02  1.6168615E-02  8.7479129E-03
  5.2879797E-03  3.4323873E-03  0.0000000E+00
  0.0000000E+00  0.1269616      4.2637732E-02  1.9941568E-02  1.1085141E-02
  6.8313857E-03  4.4632717E-03  0.0000000E+00
  0.0000000E+00  0.1499165      5.3180300E-02  2.6143573E-02  1.5075125E-02
  9.4657764E-03  6.0050082E-03
  0.0000000E+00  0.1892321      7.1727879E-02  3.7462439E-02  2.2387313E-02
  1.3781302E-02
  0.0000000E+00  0.2712020      0.1091820      6.0275458E-02  3.5801336E-02
  0.0000000E+00  0.4644407      0.1960768      0.1094324    
  0.0000000E+00   1.000000      0.4300501    
  0.0000000E+00   3.068447    
   32.57930    
  1.0000000E+12
  0.0000000E+00  0.1315126      4.0304624E-02  1.7295169E-02  8.9443279E-03
  5.2032564E-03  3.2846639E-03  2.2006303E-03
  0.0000000E+00  0.1396008      4.2794116E-02  1.8366596E-02  9.4957985E-03
  5.5252099E-03  3.4852941E-03  2.3329831E-03
  0.0000000E+00  0.1420168      4.3555669E-02  1.8697478E-02  9.6691176E-03
  5.6249998E-03  3.5462186E-03  2.3697480E-03
  0.0000000E+00  0.1412290      4.3345585E-02  1.8623950E-02  9.6323537E-03
  5.6039919E-03  3.5294117E-03  0.0000000E+00
  0.0000000E+00  0.1426996      4.3860294E-02  1.8870799E-02  9.7689070E-03
  5.6827734E-03  3.5756303E-03  0.0000000E+00
  0.0000000E+00  0.1511555      4.6617649E-02  2.0115547E-02  1.0435925E-02
  6.0714288E-03  3.8093489E-03  0.0000000E+00
  0.0000000E+00  0.1694853      5.2573532E-02  2.2836136E-02  1.1896008E-02
  6.9275210E-03  4.3067229E-03  0.0000000E+00
  0.0000000E+00  0.2003677      6.2972695E-02  2.7678572E-02  1.4543068E-02
  8.4506301E-03  5.0262604E-03
  0.0000000E+00  0.2494223      8.0409661E-02  3.6197480E-02  1.9259455E-02
  1.0845589E-02
  0.0000000E+00  0.3334034      0.1123424      5.2521009E-02  2.7683824E-02
  0.0000000E+00  0.5108719      0.1816176      8.6712189E-02
  0.0000000E+00   1.000000      0.3602941    
  0.0000000E+00   2.835084    
   31.78046    
  9.9999998E+12
  0.0000000E+00  0.1080747      3.3098932E-02  1.4190108E-02  7.3278369E-03
  4.2604264E-03  2.6867120E-03  1.7984966E-03
  0.0000000E+00  0.1392095      4.2628516E-02  1.8266246E-02  9.4301645E-03
  5.4776915E-03  3.4505334E-03  2.3067410E-03
  0.0000000E+00  0.1774491      5.4291949E-02  2.3263821E-02  1.2002910E-02
  6.9665373E-03  4.3840930E-03  2.9219205E-03
  0.0000000E+00  0.2187197      6.6901065E-02  2.8661493E-02  1.4769642E-02
  8.5620759E-03  5.3758491E-03  0.0000000E+00
  0.0000000E+00  0.2521824      7.7133849E-02  3.3001937E-02  1.6998060E-02
  9.8351119E-03  6.1542192E-03  0.0000000E+00
  0.0000000E+00  0.2652764      8.1110574E-02  3.4675073E-02  1.7837051E-02
  1.0290979E-02  6.4015519E-03  0.0000000E+00
  0.0000000E+00  0.2621242      8.0116391E-02  3.4238603E-02  1.7575171E-02
  1.0084869E-02  6.1808927E-03  0.0000000E+00
  0.0000000E+00  0.2664889      8.1547037E-02  3.4844812E-02  1.7817654E-02
  1.0092144E-02  5.8486909E-03
  0.0000000E+00  0.3001940      9.2070803E-02  3.9330747E-02  1.9927256E-02
  1.0717750E-02
  0.0000000E+00  0.3816683      0.1177255      5.0242484E-02  2.4393793E-02
  0.0000000E+00  0.5560136      0.1730359      7.2041705E-02
  0.0000000E+00   1.000000      0.3023763    
  0.0000000E+00   2.567895    
   29.89816    
  1.0000000E+14
  0.0000000E+00  3.9999999E-02  1.2247533E-02  5.2490514E-03  2.7107061E-03
  1.5755505E-03  9.9316635E-04  6.6476845E-04
  0.0000000E+00  5.5588461E-02  1.7008353E-02  7.2885347E-03  3.7615793E-03
  2.1845102E-03  1.3758544E-03  9.1951404E-04
  0.0000000E+00  7.9574794E-02  2.4350798E-02  1.0425208E-02  5.3766137E-03
  3.1192102E-03  1.9620350E-03  1.3075171E-03
  0.0000000E+00  0.1173121      3.5869401E-02  1.5345482E-02  7.9043284E-03
  4.5793471E-03  2.8731967E-03  0.0000000E+00
  0.0000000E+00  0.1764617      5.3917997E-02  2.3044799E-02  1.1852696E-02
  6.8511767E-03  4.2824601E-03  0.0000000E+00
  0.0000000E+00  0.2646165      8.0789670E-02  3.4472287E-02  1.7691724E-02
  1.0182233E-02  6.3204258E-03  0.0000000E+00
  0.0000000E+00  0.3742597      0.1141230      4.8602883E-02  2.4851937E-02
  1.4206530E-02  8.6712232E-03  0.0000000E+00
  0.0000000E+00  0.4580106      0.1393318      5.9187550E-02  3.0068338E-02
  1.6917236E-02  9.7342450E-03
  0.0000000E+00  0.4738800      0.1438876      6.0751710E-02  3.0410023E-02
  1.6150342E-02
  0.0000000E+00  0.4899772      0.1481397      6.1738804E-02  2.9240699E-02
  0.0000000E+00  0.6117692      0.1829917      7.2513290E-02
  0.0000000E+00   1.000000      0.2839028    
  0.0000000E+00   2.409264    
   28.12453    
