   100.0000    
  0.0000000E+00  1.4553757E-02  6.0725464E-03  3.5908141E-03  2.4428496E-03
  1.7901878E-03  1.3749999E-03  1.0910751E-03
  0.0000000E+00  1.7766180E-02  7.4478076E-03  4.4284970E-03  3.0323591E-03
  2.2348643E-03  1.7267744E-03  1.3786535E-03
  0.0000000E+00  2.2025052E-02  9.2849685E-03  5.5610645E-03  3.8335072E-03
  2.8470773E-03  2.2165971E-03  1.7834029E-03
  0.0000000E+00  2.7818371E-02  1.1803236E-02  7.1346555E-03  4.9634655E-03
  3.7212942E-03  2.9227559E-03  0.0000000E+00
  0.0000000E+00  3.5882045E-02  1.5362735E-02  9.3893530E-03  6.6101253E-03
  5.0156577E-03  3.9926930E-03  0.0000000E+00
  0.0000000E+00  4.7573067E-02  2.0589769E-02  1.2766180E-02  9.1257822E-03
  7.0407097E-03  5.7019833E-03  0.0000000E+00
  0.0000000E+00  6.5161794E-02  2.8627349E-02  1.8100208E-02  1.3222860E-02
  1.0446242E-02  8.6534442E-03  0.0000000E+00
  0.0000000E+00  9.3241125E-02  4.1805845E-02  2.7165970E-02  2.0485386E-02
  1.6740605E-02  1.3995302E-02
  0.0000000E+00  0.1412839      6.5266177E-02  4.4232775E-02  3.5046972E-02
  2.9618995E-02
  0.0000000E+00  0.2323330      0.1125783      8.1863254E-02  6.9519833E-02
  0.0000000E+00  0.4326722      0.2287056      0.1879436    
  0.0000000E+00   1.000000      0.6343946    
  0.0000000E+00   3.645616    
   26.30480    
   1000.000    
  0.0000000E+00  1.4561083E-02  6.0744984E-03  3.5920811E-03  2.4425630E-03
  1.7890075E-03  1.3730137E-03  1.0885646E-03
  0.0000000E+00  1.7775461E-02  7.4498565E-03  4.4308412E-03  3.0320396E-03
  2.2331337E-03  1.7238864E-03  1.3750975E-03
  0.0000000E+00  2.2036988E-02  9.2888772E-03  5.5639483E-03  3.8343319E-03
  2.8444908E-03  2.2125554E-03  1.7778067E-03
  0.0000000E+00  2.7819745E-02  1.1807762E-02  7.1346704E-03  4.9622296E-03
  3.7171135E-03  2.9174264E-03  0.0000000E+00
  0.0000000E+00  3.5894763E-02  1.5371190E-02  9.3904659E-03  6.6058869E-03
  5.0091166E-03  3.9828080E-03  0.0000000E+00
  0.0000000E+00  4.7590520E-02  2.0596508E-02  1.2763740E-02  9.1195619E-03
  7.0304768E-03  5.6811669E-03  0.0000000E+00
  0.0000000E+00  6.5199271E-02  2.8653294E-02  1.8098462E-02  1.3211774E-02
  1.0419380E-02  8.6011980E-03  0.0000000E+00
  0.0000000E+00  9.3279503E-02  4.1807763E-02  2.7168533E-02  2.0455847E-02
  1.6665798E-02  1.3805678E-02
  0.0000000E+00  0.1413649      6.5277413E-02  4.4204216E-02  3.4957018E-02
  2.9304504E-02
  0.0000000E+00  0.2324043      0.1125553      8.1713989E-02  6.8898149E-02
  0.0000000E+00  0.4329252      0.2285491      0.1867153    
  0.0000000E+00   1.000000      0.6316749    
  0.0000000E+00   3.638968    
   26.25684    
   10000.00    
  0.0000000E+00  1.4575656E-02  6.0809758E-03  3.5920064E-03  2.4412149E-03
  1.7861406E-03  1.3688036E-03  1.0835713E-03
  0.0000000E+00  1.7793927E-02  7.4565280E-03  4.4303141E-03  3.0288089E-03
  2.2291720E-03  1.7181417E-03  1.3677655E-03
  0.0000000E+00  2.2058137E-02  9.2940573E-03  5.5644955E-03  3.8307814E-03
  2.8393460E-03  2.2042564E-03  1.7669350E-03
  0.0000000E+00  2.7848432E-02  1.1816766E-02  7.1347007E-03  4.9571763E-03
  3.7062031E-03  2.9042307E-03  0.0000000E+00
  0.0000000E+00  3.5946019E-02  1.5377629E-02  9.3874903E-03  6.5974565E-03
  4.9935114E-03  3.9605503E-03  0.0000000E+00
  0.0000000E+00  4.7625225E-02  2.0607319E-02  1.2761485E-02  9.1071893E-03
  7.0023360E-03  5.6397612E-03  0.0000000E+00
  0.0000000E+00  6.5247856E-02  2.8652998E-02  1.8089799E-02  1.3181937E-02
  1.0365949E-02  8.5024657E-03  0.0000000E+00
  0.0000000E+00  9.3329877E-02  4.1811578E-02  2.7121725E-02  2.0389307E-02
  1.6524786E-02  1.3506359E-02
  0.0000000E+00  0.1414482      6.5273814E-02  4.4147421E-02  3.4752142E-02
  2.8756814E-02
  0.0000000E+00  0.2325461      0.1125357      8.1443034E-02  6.7895152E-02
  0.0000000E+00  0.4331690      0.2281858      0.1846353    
  0.0000000E+00   1.000000      0.6267843    
  0.0000000E+00   3.623151    
   26.18739    
   100000.0    
  0.0000000E+00  1.4608045E-02  6.0907681E-03  3.5946365E-03  2.4386281E-03
  1.7802990E-03  1.3607530E-03  1.0732336E-03
  0.0000000E+00  1.7828777E-02  7.4677668E-03  4.4326973E-03  3.0247550E-03
  2.2209901E-03  1.7068076E-03  1.3532749E-03
  0.0000000E+00  2.2099020E-02  9.3089221E-03  5.5647241E-03  3.8241360E-03
  2.8287775E-03  2.1877256E-03  1.7454872E-03
  0.0000000E+00  2.7900981E-02  1.1830841E-02  7.1351207E-03  4.9458481E-03
  3.6900463E-03  2.8803507E-03  0.0000000E+00
  0.0000000E+00  3.5997935E-02  1.5397112E-02  9.3862815E-03  6.5807113E-03
  4.9664774E-03  3.9169672E-03  0.0000000E+00
  0.0000000E+00  4.7704998E-02  2.0626610E-02  1.2753997E-02  9.0768430E-03
  6.9520366E-03  5.5621457E-03  0.0000000E+00
  0.0000000E+00  6.5342955E-02  2.8674575E-02  1.8071171E-02  1.3127901E-02
  1.0263022E-02  8.3290357E-03  0.0000000E+00
  0.0000000E+00  9.3476020E-02  4.1851468E-02  2.7075810E-02  2.0260442E-02
  1.6266117E-02  1.3042806E-02
  0.0000000E+00  0.1416452      6.5291382E-02  4.4017531E-02  3.4373388E-02
  2.7926765E-02
  0.0000000E+00  0.2328262      0.1124549      8.0892213E-02  6.6271268E-02
  0.0000000E+00  0.4334708      0.2275142      0.1812274    
  0.0000000E+00   1.000000      0.6186178    
  0.0000000E+00   3.602372    
   26.09593    
   1000000.    
  0.0000000E+00  1.4681284E-02  6.1142277E-03  3.6002041E-03  2.4337072E-03
  1.7687405E-03  1.3444672E-03  1.0532892E-03
  0.0000000E+00  1.7909231E-02  7.4936254E-03  4.4365120E-03  3.0163182E-03
  2.2047425E-03  1.6840898E-03  1.3253442E-03
  0.0000000E+00  2.2190211E-02  9.3370732E-03  5.5685877E-03  3.8118307E-03
  2.8046914E-03  2.1550229E-03  1.7049975E-03
  0.0000000E+00  2.7995922E-02  1.1861295E-02  7.1341149E-03  4.9260580E-03
  3.6537480E-03  2.8301887E-03  0.0000000E+00
  0.0000000E+00  3.6129527E-02  1.5430902E-02  9.3804179E-03  6.5476801E-03
  4.9082101E-03  3.8373282E-03  0.0000000E+00
  0.0000000E+00  4.7858238E-02  2.0668026E-02  1.2738399E-02  9.0183588E-03
  6.8536461E-03  5.4156044E-03  0.0000000E+00
  0.0000000E+00  6.5553293E-02  2.8709844E-02  1.8031616E-02  1.3013769E-02
  1.0066293E-02  8.0341669E-03  0.0000000E+00
  0.0000000E+00  9.3753196E-02  4.1891892E-02  2.7001530E-02  2.0012749E-02
  1.5815910E-02  1.2340643E-02
  0.0000000E+00  0.1420194      6.5298319E-02  4.3727688E-02  3.3681795E-02
  2.6619073E-02
  0.0000000E+00  0.2334268      0.1123151      7.9908215E-02  6.3691996E-02
  0.0000000E+00  0.4342172      0.2262621      0.1757267    
  0.0000000E+00   1.000000      0.6055584    
  0.0000000E+00   3.564508    
   25.95615    
  1.0000000E+07
  0.0000000E+00  1.4928733E-02  6.1940486E-03  3.6234059E-03  2.4293573E-03
  1.7479369E-03  1.3135785E-03  1.0165041E-03
  0.0000000E+00  1.8142035E-02  7.5643910E-03  4.4536134E-03  3.0032508E-03
  2.1730433E-03  1.6409103E-03  1.2745686E-03
  0.0000000E+00  2.2418104E-02  9.4048511E-03  5.5763940E-03  3.7859464E-03
  2.7556887E-03  2.0930232E-03  1.6326581E-03
  0.0000000E+00  2.8232057E-02  1.1930483E-02  7.1317828E-03  4.8837205E-03
  3.5833959E-03  2.7381843E-03  0.0000000E+00
  0.0000000E+00  3.6384095E-02  1.5501375E-02  9.3648415E-03  6.4766188E-03
  4.7961990E-03  3.6909229E-03  0.0000000E+00
  0.0000000E+00  4.8162039E-02  2.0740185E-02  1.2695673E-02  8.8972244E-03
  6.6641658E-03  5.1687919E-03  0.0000000E+00
  0.0000000E+00  6.5941490E-02  2.8782196E-02  1.7939486E-02  1.2788197E-02
  9.7174291E-03  7.5643910E-03  0.0000000E+00
  0.0000000E+00  9.4273575E-02  4.1960489E-02  2.6781695E-02  1.9542385E-02
  1.5066267E-02  1.1350337E-02
  0.0000000E+00  0.1427607      6.5291323E-02  4.3185793E-02  3.2483120E-02
  2.4723681E-02
  0.0000000E+00  0.2345086      0.1119280      7.8069516E-02  5.9839960E-02
  0.0000000E+00  0.4358590      0.2238560      0.1672418    
  0.0000000E+00   1.000000      0.5846462    
  0.0000000E+00   3.505876    
   26.05651    
  1.0000000E+08
  0.0000000E+00  1.6314771E-02  6.6537531E-03  3.7893462E-03  2.4673124E-03
  1.7234867E-03  1.2605328E-03  9.5157389E-04
  0.0000000E+00  1.9300243E-02  7.9370467E-03  4.5762714E-03  3.0121065E-03
  2.1259082E-03  1.5663439E-03  1.1888620E-03
  0.0000000E+00  2.3399515E-02  9.7021796E-03  5.6561748E-03  3.7627120E-03
  2.6779661E-03  1.9869250E-03  1.5150121E-03
  0.0000000E+00  2.9104117E-02  1.2171913E-02  7.1694916E-03  4.8159808E-03
  3.4576270E-03  2.5835352E-03  0.0000000E+00
  0.0000000E+00  3.7191287E-02  1.5702181E-02  9.3535110E-03  6.3510896E-03
  4.6004844E-03  3.4552058E-03  0.0000000E+00
  0.0000000E+00  4.8958838E-02  2.0910412E-02  1.2619855E-02  8.6731240E-03
  6.3414043E-03  4.7869254E-03  0.0000000E+00
  0.0000000E+00  6.6828094E-02  2.8934626E-02  1.7748185E-02  1.2380145E-02
  9.1476999E-03  6.8910415E-03  0.0000000E+00
  0.0000000E+00  9.5351093E-02  4.2033900E-02  2.6343826E-02  1.8726394E-02
  1.3941889E-02  1.0082324E-02
  0.0000000E+00  0.1441889      6.5205812E-02  4.2130750E-02  3.0605327E-02
  2.2215497E-02
  0.0000000E+00  0.2365375      0.1111622      7.5036325E-02  5.4576274E-02
  0.0000000E+00  0.4384988      0.2196126      0.1552300    
  0.0000000E+00   1.000000      0.5544794    
  0.0000000E+00   3.421308    
   28.11138    
  1.0000000E+09
  0.0000000E+00  2.4080882E-02  8.8235298E-03  4.4439337E-03  2.6194854E-03
  1.6969210E-03  1.1702665E-03  8.4420957E-04
  0.0000000E+00  2.6079962E-02  9.9034924E-03  5.1608454E-03  3.1204044E-03
  2.0590532E-03  1.4393382E-03  1.0484834E-03
  0.0000000E+00  2.9090071E-02  1.1397058E-02  6.1397059E-03  3.8074446E-03
  2.5574449E-03  1.8118107E-03  1.3311121E-03
  0.0000000E+00  3.3754595E-02  1.3550092E-02  7.5229779E-03  4.7771139E-03
  3.2651655E-03  2.3391542E-03  0.0000000E+00
  0.0000000E+00  4.0946689E-02  1.6755514E-02  9.5450366E-03  6.1879596E-03
  4.2945771E-03  3.1043198E-03  0.0000000E+00
  0.0000000E+00  5.2045032E-02  2.1665899E-02  1.2614889E-02  8.3295032E-03
  5.8524814E-03  4.2555146E-03  0.0000000E+00
  0.0000000E+00  6.9508269E-02  2.9434741E-02  1.7474724E-02  1.1730239E-02
  8.3249081E-03  6.0271136E-03  0.0000000E+00
  0.0000000E+00  9.7909003E-02  4.2256434E-02  2.5620403E-02  1.7477022E-02
  1.2437959E-02  8.6029405E-03
  0.0000000E+00  0.1470358      6.4958639E-02  4.0418200E-02  2.7941175E-02
  1.9209558E-02
  0.0000000E+00  0.2401195      0.1096278      7.0427388E-02  4.8000917E-02
  0.0000000E+00  0.4430147      0.2126838      0.1396829    
  0.0000000E+00   1.000000      0.5140165    
  0.0000000E+00   3.308823    
   31.77849    
  1.0000000E+10
  0.0000000E+00  3.8974471E-02  1.2403460E-02  5.5222623E-03  2.9499894E-03
  1.7672505E-03  1.1451783E-03  7.8539783E-04
  0.0000000E+00  4.2920448E-02  1.3897447E-02  6.2861368E-03  3.4057819E-03
  2.0633047E-03  1.3494409E-03  9.3247526E-04
  0.0000000E+00  4.7225155E-02  1.5688965E-02  7.2631361E-03  4.0092845E-03
  2.4667652E-03  1.6328340E-03  1.1386370E-03
  0.0000000E+00  5.2057397E-02  1.7921502E-02  8.5608782E-03  4.8449039E-03
  3.0386159E-03  2.0405150E-03  0.0000000E+00
  0.0000000E+00  5.8113527E-02  2.0903144E-02  1.0388267E-02  6.0561299E-03
  3.8826757E-03  2.6482383E-03  0.0000000E+00
  0.0000000E+00  6.6955052E-02  2.5237393E-02  1.3118802E-02  7.9025114E-03
  5.1804180E-03  3.5745939E-03  0.0000000E+00
  0.0000000E+00  8.1641696E-02  3.2116480E-02  1.7453050E-02  1.0848281E-02
  7.2420347E-03  5.0031655E-03  0.0000000E+00
  0.0000000E+00  0.1075543      4.3806713E-02  2.4752058E-02  1.5798692E-02
  1.0618275E-02  7.0204684E-03
  0.0000000E+00  0.1549905      6.5098122E-02  3.8003799E-02  2.4625449E-02
  1.5948514E-02
  0.0000000E+00  0.2475206      0.1072589      6.4296268E-02  4.0683687E-02
  0.0000000E+00  0.4503060      0.2026166      0.1216079    
  0.0000000E+00   1.000000      0.4646550    
  0.0000000E+00   3.171555    
   32.74953    
  9.9999998E+10
  0.0000000E+00  5.5547424E-02  1.7107287E-02  7.3800813E-03  3.8337607E-03
  2.2409377E-03  1.4205420E-03  9.5551088E-04
  0.0000000E+00  5.9904799E-02  1.8509705E-02  8.0025634E-03  4.1669719E-03
  2.4404982E-03  1.5487002E-03  1.0424753E-03
  0.0000000E+00  6.6147931E-02  2.0523619E-02  8.9106560E-03  4.6576350E-03
  2.7352620E-03  1.7403882E-03  1.1728305E-03
  0.0000000E+00  7.4569762E-02  2.3306483E-02  1.0194069E-02  5.3606741E-03
  3.1655072E-03  2.0212377E-03  0.0000000E+00
  0.0000000E+00  8.5444897E-02  2.7041377E-02  1.1975467E-02  6.3639693E-03
  3.7879900E-03  2.4331748E-03  0.0000000E+00
  0.0000000E+00  9.9157818E-02  3.2057855E-02  1.4491029E-02  7.8341272E-03
  4.7253757E-03  3.0593192E-03  0.0000000E+00
  0.0000000E+00  0.1167521      3.9088249E-02  1.8249726E-02  1.0120835E-02
  6.2120105E-03  4.0388140E-03  0.0000000E+00
  0.0000000E+00  0.1417430      4.9853534E-02  2.4368366E-02  1.3961920E-02
  8.6982800E-03  5.4686926E-03
  0.0000000E+00  0.1843647      6.8601251E-02  3.5371661E-02  2.0871475E-02
  1.2669352E-02
  0.0000000E+00  0.2700476      0.1058037      5.7121936E-02  3.3192970E-02
  0.0000000E+00  0.4661296      0.1900403      0.1025815    
  0.0000000E+00   1.000000      0.4102893    
  0.0000000E+00   3.019041    
   32.66203    
  1.0000000E+12
  0.0000000E+00  9.2936166E-02  2.8482269E-02  1.2221277E-02  6.3177301E-03
  3.6751775E-03  2.3191490E-03  1.5531915E-03
  0.0000000E+00  0.1008227      3.0893616E-02  1.3260992E-02  6.8539004E-03
  3.9858157E-03  2.5148937E-03  1.6822695E-03
  0.0000000E+00  0.1064681      3.2638296E-02  1.4011348E-02  7.2425529E-03
  4.2113476E-03  2.6539005E-03  1.7730497E-03
  0.0000000E+00  0.1110355      3.4070920E-02  1.4638297E-02  7.5659570E-03
  4.3985816E-03  2.7702127E-03  0.0000000E+00
  0.0000000E+00  0.1178014      3.6198579E-02  1.5574468E-02  8.0553191E-03
  4.6822694E-03  2.9432625E-03  0.0000000E+00
  0.0000000E+00  0.1304539      4.0198579E-02  1.7333332E-02  8.9886524E-03
  5.2255318E-03  3.2737588E-03  0.0000000E+00
  0.0000000E+00  0.1517731      4.7078017E-02  2.0425532E-02  1.0626950E-02
  6.1787236E-03  3.8354609E-03  0.0000000E+00
  0.0000000E+00  0.1849645      5.8070920E-02  2.5489362E-02  1.3370213E-02
  7.7546095E-03  4.5985812E-03
  0.0000000E+00  0.2360284      7.5957447E-02  3.4113474E-02  1.8099289E-02
  1.0156028E-02
  0.0000000E+00  0.3231206      0.1081844      5.0354607E-02  2.6368795E-02
  0.0000000E+00  0.5058156      0.1771631      8.3588652E-02
  0.0000000E+00   1.000000      0.3516312    
  0.0000000E+00   2.821277    
   31.98582    
  9.9999998E+12
  0.0000000E+00  8.9909747E-02  2.7527077E-02  1.1805055E-02  6.0947654E-03
  3.5424191E-03  2.2337546E-03  1.4954874E-03
  0.0000000E+00  0.1116426      3.4178704E-02  1.4648015E-02  7.5604692E-03
  4.3916972E-03  2.7662455E-03  1.8483755E-03
  0.0000000E+00  0.1379964      4.2220220E-02  1.8086644E-02  9.3321307E-03
  5.4133576E-03  3.4052348E-03  2.2707584E-03
  0.0000000E+00  0.1671480      5.1119138E-02  2.1886284E-02  1.1281589E-02
  6.5361015E-03  4.1028881E-03  0.0000000E+00
  0.0000000E+00  0.1940433      5.9332132E-02  2.5388088E-02  1.3068593E-02
  7.5577623E-03  4.7283396E-03  0.0000000E+00
  0.0000000E+00  0.2117329      6.4720213E-02  2.7662456E-02  1.4223828E-02
  8.1994589E-03  5.0965706E-03  0.0000000E+00
  0.0000000E+00  0.2208484      6.7490980E-02  2.8826715E-02  1.4783394E-02
  8.4756315E-03  5.1886281E-03  0.0000000E+00
  0.0000000E+00  0.2370036      7.2463907E-02  3.0929603E-02  1.5794225E-02
  8.9332135E-03  5.1696752E-03
  0.0000000E+00  0.2792419      8.5523471E-02  3.6480144E-02  1.8447654E-02
  9.9007227E-03
  0.0000000E+00  0.3669675      0.1129061      4.8086647E-02  2.3276174E-02
  0.0000000E+00  0.5472022      0.1695848      7.0361011E-02
  0.0000000E+00   1.000000      0.2998195    
  0.0000000E+00   2.582130    
   30.29784    
  1.0000000E+14
  0.0000000E+00  4.9688891E-02  1.5213334E-02  6.5199998E-03  3.3671113E-03
  1.9568889E-03  1.2337778E-03  8.2577782E-04
  0.0000000E+00  6.5022223E-02  1.9902224E-02  8.5244440E-03  4.3995557E-03
  2.5546667E-03  1.6093333E-03  1.0751112E-03
  0.0000000E+00  8.7022223E-02  2.6622223E-02  1.1400000E-02  5.8755558E-03
  3.4088891E-03  2.1440000E-03  1.4288889E-03
  0.0000000E+00  0.1191556      3.6422223E-02  1.5582222E-02  8.0266669E-03
  4.6488889E-03  2.9155556E-03  0.0000000E+00
  0.0000000E+00  0.1660889      5.0755557E-02  2.1680001E-02  1.1151111E-02
  6.4400001E-03  4.0253336E-03  0.0000000E+00
  0.0000000E+00  0.2324889      7.0933335E-02  3.0271111E-02  1.5528888E-02
  8.9377780E-03  5.5422224E-03  0.0000000E+00
  0.0000000E+00  0.3154222      9.6133336E-02  4.0924449E-02  2.0920001E-02
  1.1951111E-02  7.2888890E-03  0.0000000E+00
  0.0000000E+00  0.3892000      0.1183556      5.0222225E-02  2.5502222E-02
  1.4333334E-02  8.2355551E-03
  0.0000000E+00  0.4215555      0.1278222      5.3911112E-02  2.6955556E-02
  1.4293334E-02
  0.0000000E+00  0.4577778      0.1381778      5.7466667E-02  2.7168889E-02
  0.0000000E+00  0.5960000      0.1778667      7.0266671E-02
  0.0000000E+00   1.000000      0.2827556    
  0.0000000E+00   2.437333    
   28.66667    
