   100.0000    
  0.0000000E+00  1.4326350E-02  6.1022486E-03  3.7055544E-03  2.5965788E-03
  1.9604075E-03  1.5521814E-03  1.2690756E-03
  0.0000000E+00  1.7451471E-02  7.4745337E-03  4.5723617E-03  3.2269843E-03
  2.4562753E-03  1.9584855E-03  1.6144532E-03
  0.0000000E+00  2.1583702E-02  9.3100136E-03  5.7428409E-03  4.0899483E-03
  3.1424179E-03  2.5312318E-03  2.1083991E-03
  0.0000000E+00  2.7195849E-02  1.1825870E-02  7.3726699E-03  5.3103981E-03
  4.1283877E-03  3.3692103E-03  0.0000000E+00
  0.0000000E+00  3.5018262E-02  1.5387276E-02  9.7232368E-03  7.1055163E-03
  5.6121466E-03  4.6588508E-03  0.0000000E+00
  0.0000000E+00  4.6319433E-02  2.0622719E-02  1.3265423E-02  9.8846816E-03
  7.9800114E-03  6.7864694E-03  0.0000000E+00
  0.0000000E+00  6.3386507E-02  2.8733423E-02  1.8916011E-02  1.4487796E-02
  1.2069959E-02  1.0626561E-02  0.0000000E+00
  0.0000000E+00  9.0601578E-02  4.2071883E-02  2.8675765E-02  2.2871422E-02
  1.9988468E-02  1.8139536E-02
  0.0000000E+00  0.1373438      6.6134922E-02  4.7491834E-02  4.0476650E-02
  3.7612915E-02
  0.0000000E+00  0.2264078      0.1156064      9.0870649E-02  8.5988857E-02
  0.0000000E+00  0.4245628      0.2419758      0.2250625    
  0.0000000E+00   1.000000      0.7276571    
  0.0000000E+00   3.905439    
   27.56102    
   1000.000    
  0.0000000E+00  1.4337996E-02  6.1065340E-03  3.7076068E-03  2.5962829E-03
  1.9601455E-03  1.5499138E-03  1.2657598E-03
  0.0000000E+00  1.7463116E-02  7.4803601E-03  4.5736730E-03  3.2266718E-03
  2.4544932E-03  1.9543974E-03  1.6096954E-03
  0.0000000E+00  2.1594176E-02  9.3159610E-03  5.7443958E-03  4.0889056E-03
  3.1385324E-03  2.5253880E-03  2.1000190E-03
  0.0000000E+00  2.7208278E-02  1.1833685E-02  7.3749763E-03  5.3094462E-03
  4.1233953E-03  3.3607972E-03  0.0000000E+00
  0.0000000E+00  3.5045028E-02  1.5397586E-02  9.7260009E-03  7.1028932E-03
  5.6045223E-03  4.6445681E-03  0.0000000E+00
  0.0000000E+00  4.6349876E-02  2.0636138E-02  1.3266909E-02  9.8792873E-03
  7.9632113E-03  6.7560836E-03  0.0000000E+00
  0.0000000E+00  6.3422114E-02  2.8741138E-02  1.8917419E-02  1.4474037E-02
  1.2032957E-02  1.0544166E-02  0.0000000E+00
  0.0000000E+00  9.0649553E-02  4.2096186E-02  2.8664494E-02  2.2839624E-02
  1.9869706E-02  1.7821422E-02
  0.0000000E+00  0.1374210      6.6162102E-02  4.7461201E-02  4.0333398E-02
  3.7056908E-02
  0.0000000E+00  0.2264802      0.1156160      9.0668708E-02  8.4997125E-02
  0.0000000E+00  0.4246024      0.2418088      0.2230312    
  0.0000000E+00   1.000000      0.7231270    
  0.0000000E+00   3.893466    
   27.49569    
   10000.00    
  0.0000000E+00  1.4356190E-02  6.1142859E-03  3.7104762E-03  2.5961907E-03
  1.9561904E-03  1.5449524E-03  1.2588572E-03
  0.0000000E+00  1.7485714E-02  7.4876188E-03  4.5771427E-03  3.2247619E-03
  2.4495239E-03  1.9485714E-03  1.5994285E-03
  0.0000000E+00  2.1619046E-02  9.3257148E-03  5.7485714E-03  4.0876190E-03
  3.1314287E-03  2.5142857E-03  2.0857141E-03
  0.0000000E+00  2.7238095E-02  1.1843809E-02  7.3790476E-03  5.3047617E-03
  4.1142856E-03  3.3428574E-03  0.0000000E+00
  0.0000000E+00  3.5085715E-02  1.5411429E-02  9.7276196E-03  7.0952382E-03
  5.5866665E-03  4.6133334E-03  0.0000000E+00
  0.0000000E+00  4.6399999E-02  2.0647619E-02  1.3266667E-02  9.8647624E-03
  7.9295235E-03  6.6952379E-03  0.0000000E+00
  0.0000000E+00  6.3485712E-02  2.8761905E-02  1.8912381E-02  1.4441905E-02
  1.1958095E-02  1.0390476E-02  0.0000000E+00
  0.0000000E+00  9.0742856E-02  4.2114288E-02  2.8647618E-02  2.2742858E-02
  1.9657142E-02  1.7323811E-02
  0.0000000E+00  0.1375429      6.6190481E-02  4.7371428E-02  4.0038094E-02
  3.6190476E-02
  0.0000000E+00  0.2266667      0.1156000      9.0285718E-02  8.3352380E-02
  0.0000000E+00  0.4249524      0.2413333      0.2196190    
  0.0000000E+00   1.000000      0.7156190    
  0.0000000E+00   3.872381    
   27.37143    
   100000.0    
  0.0000000E+00  1.4395024E-02  6.1289105E-03  3.7146625E-03  2.5951751E-03
  1.9506220E-03  1.5344891E-03  1.2446287E-03
  0.0000000E+00  1.7529212E-02  7.5047114E-03  4.5816055E-03  3.2227666E-03
  2.4406330E-03  1.9336599E-03  1.5791556E-03
  0.0000000E+00  2.1673577E-02  9.3441382E-03  5.7519786E-03  4.0821708E-03
  3.1191104E-03  2.4934036E-03  2.0542783E-03
  0.0000000E+00  2.7308706E-02  1.1867696E-02  7.3822085E-03  5.2958913E-03
  4.0915939E-03  3.3075763E-03  0.0000000E+00
  0.0000000E+00  3.5148885E-02  1.5437241E-02  9.7304936E-03  7.0787785E-03
  5.5503198E-03  4.5533353E-03  0.0000000E+00
  0.0000000E+00  4.6494532E-02  2.0693554E-02  1.3266113E-02  9.8303808E-03
  7.8609120E-03  6.5774592E-03  0.0000000E+00
  0.0000000E+00  6.3607238E-02  2.8797586E-02  1.8903127E-02  1.4372408E-02
  1.1811157E-02  1.0118733E-02  0.0000000E+00
  0.0000000E+00  9.0915941E-02  4.2159818E-02  2.8590275E-02  2.2578212E-02
  1.9280061E-02  1.6554842E-02
  0.0000000E+00  0.1377874      6.6226907E-02  4.7210701E-02  3.9483603E-02
  3.4809649E-02
  0.0000000E+00  0.2271014      0.1155296      8.9540139E-02  8.0738783E-02
  0.0000000E+00  0.4255559      0.2404825      0.2142857    
  0.0000000E+00   1.000000      0.7029777    
  0.0000000E+00   3.837165    
   27.19563    
   1000000.    
  0.0000000E+00  1.4484736E-02  6.1628125E-03  3.7261795E-03  2.5901943E-03
  1.9370953E-03  1.5130435E-03  1.2166513E-03
  0.0000000E+00  1.7626273E-02  7.5411657E-03  4.5901947E-03  3.2155414E-03
  2.4199816E-03  1.9037930E-03  1.5395004E-03
  0.0000000E+00  2.1794636E-02  9.3839038E-03  5.7594823E-03  4.0684552E-03
  3.0878817E-03  2.4477337E-03  1.9944496E-03
  0.0000000E+00  2.7437560E-02  1.1911194E-02  7.3876041E-03  5.2728956E-03
  4.0444033E-03  3.2377429E-03  0.0000000E+00
  0.0000000E+00  3.5319149E-02  1.5487514E-02  9.7298799E-03  7.0397784E-03
  5.4727108E-03  4.4384832E-03  0.0000000E+00
  0.0000000E+00  4.6697501E-02  2.0740056E-02  1.3254395E-02  9.7594820E-03
  7.7243298E-03  6.3644778E-03  0.0000000E+00
  0.0000000E+00  6.3866794E-02  2.8862165E-02  1.8852916E-02  1.4227567E-02
  1.1533765E-02  9.6632754E-03  0.0000000E+00
  0.0000000E+00  9.1248848E-02  4.2238668E-02  2.8473636E-02  2.2238668E-02
  1.8593896E-02  1.5417207E-02
  0.0000000E+00  0.1382794      6.6271976E-02  4.6864018E-02  3.8482890E-02
  3.2710455E-02
  0.0000000E+00  0.2277521      0.1153932      8.8122115E-02  7.6651253E-02
  0.0000000E+00  0.4266420      0.2388529      0.2057354    
  0.0000000E+00   1.000000      0.6827012    
  0.0000000E+00   3.779834    
   26.95652    
  1.0000000E+07
  0.0000000E+00  1.4785727E-02  6.2686033E-03  3.7636724E-03  2.5927920E-03
  1.9132149E-03  1.4737315E-03  1.1662184E-03
  0.0000000E+00  1.7911064E-02  7.6385150E-03  4.6207639E-03  3.2042316E-03
  2.3830016E-03  1.8450781E-03  1.4685316E-03
  0.0000000E+00  2.2072800E-02  9.4782142E-03  5.7808859E-03  4.0433928E-03
  3.0303032E-03  2.3650709E-03  1.8916981E-03
  0.0000000E+00  2.7738929E-02  1.2006455E-02  7.3964498E-03  5.2250312E-03
  3.9537391E-03  3.1109916E-03  0.0000000E+00
  0.0000000E+00  3.5646409E-02  1.5587233E-02  9.7220726E-03  6.9553521E-03
  5.3236508E-03  4.2316657E-03  0.0000000E+00
  0.0000000E+00  4.7086250E-02  2.0853506E-02  1.3216783E-02  9.6073160E-03
  7.4663796E-03  6.0032276E-03  0.0000000E+00
  0.0000000E+00  6.4371526E-02  2.8994083E-02  1.8755604E-02  1.3935808E-02
  1.1038193E-02  8.9564286E-03  0.0000000E+00
  0.0000000E+00  9.1931149E-02  4.2352520E-02  2.8223060E-02  2.1606600E-02
  1.7493276E-02  1.3864085E-02
  0.0000000E+00  0.1392505      6.6308051E-02  4.6153847E-02  3.6793977E-02
  2.9783040E-02
  0.0000000E+00  0.2291555      0.1149901      8.5619509E-02  7.0754893E-02
  0.0000000E+00  0.4287251      0.2356105      0.1929353    
  0.0000000E+00   1.000000      0.6519634    
  0.0000000E+00   3.691949    
   27.00377    
  1.0000000E+08
  0.0000000E+00  1.6460072E-02  6.8823430E-03  4.0132813E-03  2.6664396E-03
  1.8985186E-03  1.4123957E-03  1.0825814E-03
  0.0000000E+00  1.9291673E-02  8.1321299E-03  4.8084455E-03  3.2402519E-03
  2.3344117E-03  1.7537886E-03  1.3539928E-03
  0.0000000E+00  2.3241956E-02  9.8757027E-03  5.9117996E-03  4.0320107E-03
  2.9388729E-03  2.2271413E-03  1.7299507E-03
  0.0000000E+00  2.8758725E-02  1.2332709E-02  7.4697770E-03  5.1575005E-03
  3.7987400E-03  2.9031159E-03  0.0000000E+00
  0.0000000E+00  3.6608208E-02  1.5862420E-02  9.7343782E-03  6.8057212E-03
  5.0689597E-03  3.9077131E-03  0.0000000E+00
  0.0000000E+00  4.8067428E-02  2.1096544E-02  1.3144900E-02  9.3274303E-03
  7.0338841E-03  5.4639876E-03  0.0000000E+00
  0.0000000E+00  6.5452069E-02  2.9201429E-02  1.8542482E-02  1.3405414E-02
  1.0253703E-02  7.9822922E-03  0.0000000E+00
  0.0000000E+00  9.3274303E-02  4.2499576E-02  2.7720073E-02  2.0517623E-02
  1.5891366E-02  1.1956410E-02
  0.0000000E+00  0.1410523      6.6269368E-02  4.4832282E-02  3.4173336E-02
  2.6051421E-02
  0.0000000E+00  0.2317384      0.1140814      8.1491575E-02  6.3017197E-02
  0.0000000E+00  0.4321471      0.2300358      0.1755491    
  0.0000000E+00   1.000000      0.6087179    
  0.0000000E+00   3.570577    
   29.03116    
  1.0000000E+09
  0.0000000E+00  2.6253134E-02  9.6992478E-03  4.9138470E-03  2.9119675E-03
  1.8953633E-03  1.3143796E-03  9.5332082E-04
  0.0000000E+00  2.7772555E-02  1.0695488E-02  5.6265662E-03  3.4304508E-03
  2.2822681E-03  1.6071429E-03  1.1796679E-03
  0.0000000E+00  3.0247493E-02  1.2089599E-02  6.6055763E-03  4.1447366E-03
  2.8164161E-03  2.0144111E-03  1.4949874E-03
  0.0000000E+00  3.4382831E-02  1.4138470E-02  7.9981200E-03  5.1597743E-03
  3.5776943E-03  2.5971178E-03  0.0000000E+00
  0.0000000E+00  4.1087091E-02  1.7246239E-02  1.0054825E-02  6.6494360E-03
  4.6961154E-03  3.4508146E-03  0.0000000E+00
  0.0000000E+00  5.1723056E-02  2.2102131E-02  1.3209586E-02  8.9301383E-03
  6.4097741E-03  4.7509400E-03  0.0000000E+00
  0.0000000E+00  6.8656012E-02  2.9871553E-02  1.8264411E-02  1.2600251E-02
  9.1666663E-03  6.7935460E-03  0.0000000E+00
  0.0000000E+00  9.6381575E-02  4.2857140E-02  2.6848372E-02  1.8890977E-02
  1.3847117E-02  9.8543232E-03
  0.0000000E+00  0.1445332      6.6071421E-02  4.2669173E-02  3.0623434E-02
  2.1820175E-02
  0.0000000E+00  0.2362155      0.1123120      7.5485587E-02  5.3869046E-02
  0.0000000E+00  0.4379699      0.2213346      0.1542137    
  0.0000000E+00   1.000000      0.5537280    
  0.0000000E+00   3.416353    
   32.23684    
  1.0000000E+10
  0.0000000E+00  4.4401862E-02  1.4125376E-02  6.2838760E-03  3.3561457E-03
  2.0120449E-03  1.3041336E-03  8.9501782E-04
  0.0000000E+00  4.8234325E-02  1.5617302E-02  7.0613194E-03  3.8242538E-03
  2.3186423E-03  1.5179305E-03  1.0503696E-03
  0.0000000E+00  5.2285794E-02  1.7382974E-02  8.0481796E-03  4.4456609E-03
  2.7388448E-03  1.8163153E-03  1.2699151E-03
  0.0000000E+00  5.6638379E-02  1.9559268E-02  9.3566934E-03  5.3065973E-03
  3.3383518E-03  2.2488367E-03  0.0000000E+00
  0.0000000E+00  6.1880648E-02  2.2419928E-02  1.1199015E-02  6.5617301E-03
  4.2280317E-03  2.8989871E-03  0.0000000E+00
  0.0000000E+00  6.9614016E-02  2.6621956E-02  1.3961128E-02  8.4848069E-03
  5.6077195E-03  3.9036407E-03  0.0000000E+00
  0.0000000E+00  8.3027646E-02  3.3342458E-02  1.8382153E-02  1.1582262E-02
  7.8278128E-03  5.4763206E-03  0.0000000E+00
  0.0000000E+00  0.1076786      4.4949356E-02  2.5937587E-02  1.6849166E-02
  1.1523405E-02  7.7511640E-03
  0.0000000E+00  0.1538462      6.6424862E-02  3.9802901E-02  2.6402956E-02
  1.7506160E-02
  0.0000000E+00  0.2450041      0.1096359      6.7848347E-02  4.4278678E-02
  0.0000000E+00  0.4467561      0.2090063      0.1307829    
  0.0000000E+00   1.000000      0.4906926    
  0.0000000E+00   3.241172    
   32.83603    
  9.9999998E+10
  0.0000000E+00  6.6436552E-02  2.0468989E-02  8.8286214E-03  4.5868950E-03
  2.6813499E-03  1.7006355E-03  1.1439841E-03
  0.0000000E+00  6.9888234E-02  2.1586677E-02  9.3348669E-03  4.8608375E-03
  2.8468114E-03  1.8080210E-03  1.2174009E-03
  0.0000000E+00  7.5443782E-02  2.3394696E-02  1.0163269E-02  5.3122947E-03
  3.1207541E-03  1.9866317E-03  1.3401272E-03
  0.0000000E+00  8.3366208E-02  2.6046460E-02  1.1396011E-02  5.9938636E-03
  3.5404339E-03  2.2627658E-03  0.0000000E+00
  0.0000000E+00  9.3841776E-02  2.9695377E-02  1.3149245E-02  6.9921110E-03
  4.1661188E-03  2.6791585E-03  0.0000000E+00
  0.0000000E+00  0.1070787      3.4648258E-02  1.5669515E-02  8.4757833E-03
  5.1194392E-03  3.3201841E-03  0.0000000E+00
  0.0000000E+00  0.1239316      4.1573528E-02  1.9438967E-02  1.0804296E-02
  6.6513261E-03  4.3403464E-03  0.0000000E+00
  0.0000000E+00  0.1473811      5.2202500E-02  2.5630068E-02  1.4760027E-02
  9.2483023E-03  5.8536050E-03
  0.0000000E+00  0.1877055      7.0819639E-02  3.6872674E-02  2.1970196E-02
  1.3477976E-02
  0.0000000E+00  0.2707649      0.1082621      5.9423625E-02  3.5097525E-02
  0.0000000E+00  0.4649354      0.1944992      0.1075718    
  0.0000000E+00   1.000000      0.4248301    
  0.0000000E+00   3.056103    
   32.59917    
  1.0000000E+12
  0.0000000E+00  0.1182699      3.6249068E-02  1.5555556E-02  8.0387769E-03
  4.6785981E-03  2.9537657E-03  1.9783743E-03
  0.0000000E+00  0.1264728      3.8754657E-02  1.6636837E-02  8.5980603E-03
  5.0014914E-03  3.1558538E-03  2.1118568E-03
  0.0000000E+00  0.1302013      3.9917968E-02  1.7136464E-02  8.8590598E-03
  5.1528709E-03  3.2483221E-03  2.1707681E-03
  0.0000000E+00  0.1313945      4.0328111E-02  1.7322892E-02  8.9560030E-03
  5.2095447E-03  3.2818790E-03  0.0000000E+00
  0.0000000E+00  0.1347502      4.1424308E-02  1.7822521E-02  9.2244586E-03
  5.3639072E-03  3.3736017E-03  0.0000000E+00
  0.0000000E+00  0.1447427      4.4623412E-02  1.9254286E-02  9.9850856E-03
  5.8083520E-03  3.6420580E-03  0.0000000E+00
  0.0000000E+00  0.1641312      5.0917223E-02  2.2095451E-02  1.1506338E-02
  6.6987318E-03  4.1625649E-03  0.0000000E+00
  0.0000000E+00  0.1957494      6.1521247E-02  2.7024608E-02  1.4190901E-02
  8.2401186E-03  4.8985831E-03
  0.0000000E+00  0.2454884      7.9120055E-02  3.5592839E-02  1.8918715E-02
  1.0648768E-02
  0.0000000E+00  0.3302013      0.1111111      5.1916476E-02  2.7322894E-02
  0.0000000E+00  0.5090976      0.1803132      8.5831463E-02
  0.0000000E+00   1.000000      0.3579418    
  0.0000000E+00   2.830723    
   31.81954    
  9.9999998E+12
  0.0000000E+00  0.1032583      3.1613652E-02  1.3553142E-02  7.0015513E-03
  4.0690461E-03  2.5663306E-03  1.7176106E-03
  0.0000000E+00  0.1311482      4.0147401E-02  1.7207138E-02  8.8828551E-03
  5.1590381E-03  3.2505821E-03  2.1722266E-03
  0.0000000E+00  0.1652056      5.0543055E-02  2.1656323E-02  1.1171451E-02
  6.4817690E-03  4.0806825E-03  2.7199381E-03
  0.0000000E+00  0.2022886      6.1869670E-02  2.6493408E-02  1.3653995E-02
  7.9131108E-03  4.9689682E-03  0.0000000E+00
  0.0000000E+00  0.2337083      7.1450740E-02  3.0581845E-02  1.5744764E-02
  9.1078356E-03  5.6982157E-03  0.0000000E+00
  0.0000000E+00  0.2486424      7.6027930E-02  3.2505818E-02  1.6714508E-02
  9.6392557E-03  5.9930179E-03  0.0000000E+00
  0.0000000E+00  0.2495733      7.6299459E-02  3.2602791E-02  1.6726146E-02
  9.5965862E-03  5.8766487E-03  0.0000000E+00
  0.0000000E+00  0.2577967      7.8859583E-02  3.3677272E-02  1.7211016E-02
  9.7439876E-03  5.6439103E-03
  0.0000000E+00  0.2941816      9.0147406E-02  3.8494959E-02  1.9487975E-02
  1.0473235E-02
  0.0000000E+00  0.3775407      0.1163693      4.9612101E-02  2.4065169E-02
  0.0000000E+00  0.5535299      0.1720714      7.1567111E-02
  0.0000000E+00   1.000000      0.3017068    
  0.0000000E+00   2.570985    
   29.99612    
  1.0000000E+14
  0.0000000E+00  4.4076033E-02  1.3491497E-02  5.7824785E-03  2.9855652E-03
  1.7350294E-03  1.0944691E-03  7.3231390E-04
  0.0000000E+00  5.9868518E-02  1.8322138E-02  7.8490786E-03  4.0503074E-03
  2.3524368E-03  1.4820637E-03  9.8985282E-04
  0.0000000E+00  8.3578676E-02  2.5568102E-02  1.0946120E-02  5.6438474E-03
  3.2742606E-03  2.0594541E-03  1.3725882E-03
  0.0000000E+00  0.1198514      3.6644276E-02  1.5678149E-02  8.0748899E-03
  4.6762899E-03  2.9341148E-03  0.0000000E+00
  0.0000000E+00  0.1753609      5.3565815E-02  2.2895526E-02  1.1776476E-02
  6.8043447E-03  4.2532515E-03  0.0000000E+00
  0.0000000E+00  0.2565385      7.8304991E-02  3.3414323E-02  1.7150206E-02
  9.8713739E-03  6.1254827E-03  0.0000000E+00
  0.0000000E+00  0.3577248      0.1090467      4.6448477E-02  2.3753036E-02
  1.3572960E-02  8.2821213E-03  0.0000000E+00
  0.0000000E+00  0.4387595      0.1334858      5.6667145E-02  2.8783767E-02
  1.6192654E-02  9.3082758E-03
  0.0000000E+00  0.4591968      0.1393597      5.8825213E-02  2.9426899E-02
  1.5620980E-02
  0.0000000E+00  0.4807775      0.1452051      6.0497355E-02  2.8626556E-02
  0.0000000E+00  0.6074032      0.1815064      7.1845077E-02
  0.0000000E+00   1.000000      0.2835501    
  0.0000000E+00   2.416750    
   28.28355    
