   100.0000    
  0.0000000E+00  1.4411319E-02  6.0941884E-03  3.6660186E-03  2.5405053E-03
  1.8973859E-03  1.4847699E-03  1.2000432E-03
  0.0000000E+00  1.7569669E-02  7.4681356E-03  4.5236549E-03  3.1561891E-03
  2.3741627E-03  1.8699502E-03  1.5225750E-03
  0.0000000E+00  2.1754157E-02  9.3065454E-03  5.6815725E-03  3.9965436E-03
  3.0308920E-03  2.4108880E-03  1.9805573E-03
  0.0000000E+00  2.7435731E-02  1.1825448E-02  7.2909910E-03  5.1825447E-03
  3.9749402E-03  3.1972346E-03  0.0000000E+00
  0.0000000E+00  3.5342406E-02  1.5389933E-02  9.6068271E-03  6.9237417E-03
  5.3856121E-03  4.3983581E-03  0.0000000E+00
  0.0000000E+00  4.6791963E-02  2.0628644E-02  1.3089220E-02  9.6046655E-03
  7.6193563E-03  6.3577443E-03  0.0000000E+00
  0.0000000E+00  6.4052708E-02  2.8710304E-02  1.8626053E-02  1.4013825E-02
  1.1436596E-02  9.8314974E-03  0.0000000E+00
  0.0000000E+00  9.1596454E-02  4.1996110E-02  2.8127026E-02  2.1970186E-02
  1.8697342E-02  1.6420392E-02
  0.0000000E+00  0.1388205      6.5845750E-02  4.6273489E-02  3.8345214E-02
  3.4327067E-02
  0.0000000E+00  0.2285591      0.1145172      8.7405488E-02  7.9261176E-02
  0.0000000E+00  0.4275222      0.2369842      0.2100238    
  0.0000000E+00   1.000000      0.6904299    
  0.0000000E+00   3.802117    
   27.04688    
   1000.000    
  0.0000000E+00  1.4421461E-02  6.0978238E-03  3.6673129E-03  2.5404007E-03
  1.8961431E-03  1.4824391E-03  1.1969403E-03
  0.0000000E+00  1.7580263E-02  7.4725272E-03  4.5248871E-03  3.1544925E-03
  2.3701787E-03  1.8668391E-03  1.5179918E-03
  0.0000000E+00  2.1762552E-02  9.3104932E-03  5.6819650E-03  3.9948286E-03
  3.0295195E-03  2.4046542E-03  1.9737126E-03
  0.0000000E+00  2.7450981E-02  1.1831501E-02  7.2915321E-03  5.1820730E-03
  3.9689722E-03  3.1889677E-03  0.0000000E+00
  0.0000000E+00  3.5358761E-02  1.5395389E-02  9.6078431E-03  6.9209221E-03
  5.3781513E-03  4.3848306E-03  0.0000000E+00
  0.0000000E+00  4.6821807E-02  2.0635640E-02  1.3089851E-02  9.5970696E-03
  7.6039648E-03  6.3305325E-03  0.0000000E+00
  0.0000000E+00  6.4081021E-02  2.8722258E-02  1.8623142E-02  1.3999139E-02
  1.1404869E-02  9.7608278E-03  0.0000000E+00
  0.0000000E+00  9.1639735E-02  4.2016808E-02  2.8118940E-02  2.1934927E-02
  1.8599439E-02  1.6160309E-02
  0.0000000E+00  0.1388925      6.5869428E-02  4.6240035E-02  3.8224522E-02
  3.3872012E-02
  0.0000000E+00  0.2286145      0.1145227      8.7222576E-02  7.8431368E-02
  0.0000000E+00  0.4277095      0.2368024      0.2083603    
  0.0000000E+00   1.000000      0.6864900    
  0.0000000E+00   3.790132    
   26.99849    
   10000.00    
  0.0000000E+00  1.4436106E-02  6.1042025E-03  3.6685248E-03  2.5385935E-03
  1.8930103E-03  1.4777015E-03  1.1906089E-03
  0.0000000E+00  1.7598627E-02  7.4807028E-03  4.5261574E-03  3.1539451E-03
  2.3670669E-03  1.8599913E-03  1.5090052E-03
  0.0000000E+00  2.1783877E-02  9.3181813E-03  5.6839627E-03  3.9922814E-03
  3.0210121E-03  2.3949400E-03  1.9599055E-03
  0.0000000E+00  2.7465694E-02  1.1839623E-02  7.2920239E-03  5.1758145E-03
  3.9601200E-03  3.1732416E-03  0.0000000E+00
  0.0000000E+00  3.5398800E-02  1.5407376E-02  9.6076336E-03  6.9125216E-03
  5.3602061E-03  4.3589193E-03  0.0000000E+00
  0.0000000E+00  4.6848197E-02  2.0649657E-02  1.3087478E-02  9.5819039E-03
  7.5728986E-03  6.2778732E-03  0.0000000E+00
  0.0000000E+00  6.4150944E-02  2.8730702E-02  1.8614924E-02  1.3966553E-02
  1.1337907E-02  9.6312175E-03  0.0000000E+00
  0.0000000E+00  9.1702402E-02  4.2024016E-02  2.8087478E-02  2.1848200E-02
  1.8415524E-02  1.5748285E-02
  0.0000000E+00  0.1389794      6.5887652E-02  4.6162091E-02  3.7971698E-02
  3.3147514E-02
  0.0000000E+00  0.2287736      0.1144940      8.6878210E-02  7.7079758E-02
  0.0000000E+00  0.4279588      0.2362779      0.2055961    
  0.0000000E+00   1.000000      0.6801029    
  0.0000000E+00   3.773585    
   26.90823    
   100000.0    
  0.0000000E+00  1.4473964E-02  6.1168969E-03  3.6726887E-03  2.5377260E-03
  1.8869289E-03  1.4680127E-03  1.1781085E-03
  0.0000000E+00  1.7640809E-02  7.4941553E-03  4.5292242E-03  3.1498405E-03
  2.3570671E-03  1.8465463E-03  1.4909670E-03
  0.0000000E+00  2.1827843E-02  9.3347505E-03  5.6875665E-03  3.9872476E-03
  3.0095645E-03  2.3761957E-03  1.9330500E-03
  0.0000000E+00  2.7523911E-02  1.1859724E-02  7.2943680E-03  5.1668440E-03
  3.9404887E-03  3.1413392E-03  0.0000000E+00
  0.0000000E+00  3.5472900E-02  1.5430393E-02  9.6089263E-03  6.8947929E-03
  5.3262487E-03  4.3060575E-03  0.0000000E+00
  0.0000000E+00  4.6950053E-02  2.0678002E-02  1.3083953E-02  9.5515409E-03
  7.5132842E-03  6.1764079E-03  0.0000000E+00
  0.0000000E+00  6.4250797E-02  2.8777895E-02  1.8599361E-02  1.3904356E-02
  1.1209352E-02  9.4027631E-03  0.0000000E+00
  0.0000000E+00  9.1859728E-02  4.2061638E-02  2.8034007E-02  2.1700319E-02
  1.8082891E-02  1.5115835E-02
  0.0000000E+00  0.1392136      6.5908611E-02  4.6014879E-02  3.7492033E-02
  3.2008503E-02
  0.0000000E+00  0.2291180      0.1144315      8.6206168E-02  7.4899040E-02
  0.0000000E+00  0.4284804      0.2357067      0.2010839    
  0.0000000E+00   1.000000      0.6695005    
  0.0000000E+00   3.742827    
   26.75877    
   1000000.    
  0.0000000E+00  1.4559347E-02  6.1482103E-03  3.6822273E-03  2.5329704E-03
  1.8741889E-03  1.4490266E-03  1.1536530E-03
  0.0000000E+00  1.7732888E-02  7.5277374E-03  4.5363200E-03  3.1421396E-03
  2.3403810E-03  1.8195520E-03  1.4565627E-03
  0.0000000E+00  2.1938456E-02  9.3719913E-03  5.6918566E-03  3.9752983E-03
  2.9809505E-03  2.3361945E-03  1.8821437E-03
  0.0000000E+00  2.7653340E-02  1.1900775E-02  7.2995601E-03  5.1454892E-03
  3.8978439E-03  3.0814321E-03  0.0000000E+00
  0.0000000E+00  3.5608124E-02  1.5476240E-02  9.6064480E-03  6.8578608E-03
  5.2585308E-03  4.2055682E-03  0.0000000E+00
  0.0000000E+00  4.7121625E-02  2.0730585E-02  1.3070966E-02  9.4850324E-03
  7.3916689E-03  5.9933015E-03  0.0000000E+00
  0.0000000E+00  6.4496547E-02  2.8825624E-02  1.8563952E-02  1.3772242E-02
  1.0967134E-02  9.0161189E-03  0.0000000E+00
  0.0000000E+00  9.2191748E-02  4.2139422E-02  2.7946409E-02  2.1394180E-02
  1.7502617E-02  1.4169982E-02
  0.0000000E+00  0.1396902      6.5940969E-02  4.5698136E-02  3.6612939E-02
  3.0270044E-02
  0.0000000E+00  0.2298514      0.1142977      8.4990583E-02  7.1488388E-02
  0.0000000E+00  0.4295583      0.2340381      0.1938455    
  0.0000000E+00   1.000000      0.6525016    
  0.0000000E+00   3.694788    
   26.56479    
  1.0000000E+07
  0.0000000E+00  1.4836868E-02  6.2418436E-03  3.7132953E-03  2.5326265E-03
  1.8517537E-03  1.4127244E-03  1.1084828E-03
  0.0000000E+00  1.7995514E-02  7.6141926E-03  4.5595434E-03  3.1300979E-03
  2.3042415E-03  1.7677407E-03  1.3937603E-03
  0.0000000E+00  2.2206362E-02  9.4535071E-03  5.7075857E-03  3.9477977E-03
  2.9261827E-03  2.2614193E-03  1.7913948E-03
  0.0000000E+00  2.7915986E-02  1.1982056E-02  7.3022027E-03  5.0999182E-03
  3.8132137E-03  2.9669658E-03  0.0000000E+00
  0.0000000E+00  3.5929851E-02  1.5560768E-02  9.5942095E-03  6.7781406E-03
  5.1243883E-03  4.0232465E-03  0.0000000E+00
  0.0000000E+00  4.7491845E-02  2.0819739E-02  1.3030180E-02  9.3433931E-03
  7.1615013E-03  5.6790374E-03  0.0000000E+00
  0.0000000E+00  6.4946987E-02  2.8935565E-02  1.8462481E-02  1.3505302E-02
  1.0530179E-02  8.4094619E-03  0.0000000E+00
  0.0000000E+00  9.2801802E-02  4.2230833E-02  2.7691681E-02  2.0819739E-02
  1.6547715E-02  1.2858891E-02
  0.0000000E+00  0.1405383      6.5966561E-02  4.5044862E-02  3.5134584E-02
  2.7773246E-02
  0.0000000E+00  0.2312398      0.1138866      8.2748778E-02  6.6455953E-02
  0.0000000E+00  0.4312806      0.2312398      0.1828915    
  0.0000000E+00   1.000000      0.6258157    
  0.0000000E+00   3.619494    
   26.63132    
  1.0000000E+08
  0.0000000E+00  1.6398437E-02  6.7929686E-03  3.9277342E-03  2.5917969E-03
  1.8324218E-03  1.3544922E-03  1.0322266E-03
  0.0000000E+00  1.9294921E-02  8.0585936E-03  4.7226562E-03  3.1542969E-03
  2.2558593E-03  1.6824218E-03  1.2906250E-03
  0.0000000E+00  2.3300780E-02  9.8125003E-03  5.8183596E-03  3.9316406E-03
  2.8398435E-03  2.1347655E-03  1.6478515E-03
  0.0000000E+00  2.8886719E-02  1.2275390E-02  7.3613278E-03  5.0312495E-03
  3.6718750E-03  2.7812500E-03  0.0000000E+00
  0.0000000E+00  3.6816407E-02  1.5808593E-02  9.5957033E-03  6.6386717E-03
  4.8925779E-03  3.7343749E-03  0.0000000E+00
  0.0000000E+00  4.8398439E-02  2.1035157E-02  1.2955078E-02  9.0859374E-03
  6.7734374E-03  5.2031251E-03  0.0000000E+00
  0.0000000E+00  6.5957032E-02  2.9101562E-02  1.8259764E-02  1.3025390E-02
  9.8339841E-03  7.5605470E-03  0.0000000E+00
  0.0000000E+00  9.4042964E-02  4.2343751E-02  2.7226562E-02  1.9843750E-02
  1.5144531E-02  1.1222657E-02
  0.0000000E+00  0.1422070      6.5898433E-02  4.3828126E-02  3.2812499E-02
  2.4550781E-02
  0.0000000E+00  0.2335937      0.1130273      7.9082035E-02  5.9746094E-02
  0.0000000E+00  0.4345703      0.2261719      0.1677539    
  0.0000000E+00   1.000000      0.5880859    
  0.0000000E+00   3.513672    
   28.67188    
  1.0000000E+09
  0.0000000E+00  2.5391622E-02  9.3551921E-03  4.7304193E-03  2.7996358E-03
  1.8189435E-03  1.2590165E-03  9.1147539E-04
  0.0000000E+00  2.7103826E-02  1.0386157E-02  5.4462659E-03  3.3114755E-03
  2.1967213E-03  1.5433517E-03  1.1296903E-03
  0.0000000E+00  2.9781422E-02  1.1821494E-02  6.4280513E-03  4.0163938E-03
  2.7194901E-03  1.9380694E-03  1.4327869E-03
  0.0000000E+00  3.4116574E-02  1.3912568E-02  7.8196721E-03  5.0145723E-03
  3.4590163E-03  2.4990893E-03  0.0000000E+00
  0.0000000E+00  4.1020039E-02  1.7065575E-02  9.8652095E-03  6.4772316E-03
  4.5464481E-03  3.3205829E-03  0.0000000E+00
  0.0000000E+00  5.1839709E-02  2.1948999E-02  1.2992715E-02  8.7085608E-03
  6.2040072E-03  4.5646634E-03  0.0000000E+00
  0.0000000E+00  6.8961747E-02  2.9726777E-02  1.7979963E-02  1.2280511E-02
  8.8542802E-03  6.5045538E-03  0.0000000E+00
  0.0000000E+00  9.6939892E-02  4.2641167E-02  2.6411658E-02  1.8378872E-02
  1.3318762E-02  9.3788709E-03
  0.0000000E+00  0.1454645      6.5683059E-02  4.1857924E-02  2.9635701E-02
  2.0819673E-02
  0.0000000E+00  0.2377049      0.1113479      7.3624775E-02  5.1657557E-02
  0.0000000E+00  0.4398907      0.2182149      0.1487796    
  0.0000000E+00   1.000000      0.5389799    
  0.0000000E+00   3.375228    
   32.05829    
  1.0000000E+10
  0.0000000E+00  4.2273913E-02  1.3449903E-02  5.9856861E-03  3.1977878E-03
  1.9160701E-03  1.2421926E-03  8.5230969E-04
  0.0000000E+00  4.6161354E-02  1.4946324E-02  6.7599216E-03  3.6629797E-03
  2.2202344E-03  1.4529928E-03  1.0048796E-03
  0.0000000E+00  5.0309043E-02  1.6720885E-02  7.7456078E-03  4.2778137E-03
  2.6350031E-03  1.7469095E-03  1.2199089E-03
  0.0000000E+00  5.4863371E-02  1.8916721E-02  9.0533504E-03  5.1317499E-03
  3.2238124E-03  2.1698114E-03  0.0000000E+00
  0.0000000E+00  6.0409892E-02  2.1844503E-02  1.0891346E-02  6.3711777E-03
  4.0988936E-03  2.8057906E-03  0.0000000E+00
  0.0000000E+00  6.8575144E-02  2.6106050E-02  1.3648340E-02  8.2693556E-03
  5.4489262E-03  3.7817175E-03  0.0000000E+00
  0.0000000E+00  8.2465842E-02  3.2888744E-02  1.8038386E-02  1.1314249E-02
  7.6122317E-03  5.3025372E-03  0.0000000E+00
  0.0000000E+00  0.1076122      4.4534806E-02  2.5504228E-02  1.6476901E-02
  1.1192258E-02  7.4821077E-03
  0.0000000E+00  0.1542941      6.5956406E-02  3.9150942E-02  2.5764475E-02
  1.6932335E-02
  0.0000000E+00  0.2459337      0.1087996      6.6574499E-02  4.2957060E-02
  0.0000000E+00  0.4481132      0.2067339      0.1274398    
  0.0000000E+00   1.000000      0.4812947    
  0.0000000E+00   3.215680    
   32.80742    
  9.9999998E+10
  0.0000000E+00  6.2081985E-02  1.9120820E-02  8.2497299E-03  4.2853290E-03
  2.5053937E-03  1.5884574E-03  1.0685006E-03
  0.0000000E+00  6.5951996E-02  2.0361381E-02  8.8079832E-03  4.5860303E-03
  2.6860842E-03  1.7057713E-03  1.1481930E-03
  0.0000000E+00  7.1817689E-02  2.2276159E-02  9.6750269E-03  5.0566341E-03
  2.9706042E-03  1.8905069E-03  1.2745416E-03
  0.0000000E+00  7.9975724E-02  2.4986515E-02  1.0933118E-02  5.7497299E-03
  3.3953611E-03  2.1696333E-03  0.0000000E+00
  0.0000000E+00  9.0641849E-02  2.8681230E-02  1.2703613E-02  6.7529669E-03
  4.0223841E-03  2.5863000E-03  0.0000000E+00
  0.0000000E+00  0.1040723      3.3670440E-02  1.5223840E-02  8.2348976E-03
  4.9716830E-03  3.2227617E-03  0.0000000E+00
  0.0000000E+00  0.1211839      4.0641855E-02  1.8999461E-02  1.0551510E-02
  6.4886734E-03  4.2300434E-03  0.0000000E+00
  0.0000000E+00  0.1452265      5.1321466E-02  2.5161812E-02  1.4468716E-02
  9.0493532E-03  5.7146708E-03
  0.0000000E+00  0.1863538      7.0010789E-02  3.6340345E-02  2.1574974E-02
  1.3187702E-02
  0.0000000E+00  0.2704962      0.1073759      5.8603022E-02  3.4425568E-02
  0.0000000E+00  0.4653452      0.1929612      0.1058252    
  0.0000000E+00   1.000000      0.4197681    
  0.0000000E+00   3.043420    
   32.61866    
  1.0000000E+12
  0.0000000E+00  0.1080583      3.3116505E-02  1.4213593E-02  7.3466022E-03
  4.2737867E-03  2.6980583E-03  1.8067962E-03
  0.0000000E+00  0.1162136      3.5611652E-02  1.5281553E-02  7.8990292E-03
  4.5941747E-03  2.8990293E-03  1.9398059E-03
  0.0000000E+00  0.1207767      3.7038837E-02  1.5902912E-02  8.2194181E-03
  4.7796117E-03  3.0135924E-03  2.0135925E-03
  0.0000000E+00  0.1234952      3.7883494E-02  1.6271846E-02  8.4165046E-03
  4.8932037E-03  3.0815536E-03  0.0000000E+00
  0.0000000E+00  0.1282524      3.9427184E-02  1.6961165E-02  8.7766992E-03
  5.1029124E-03  3.2087381E-03  0.0000000E+00
  0.0000000E+00  0.1393204      4.2961165E-02  1.8533980E-02  9.6106799E-03
  5.5893203E-03  3.5029128E-03  0.0000000E+00
  0.0000000E+00  0.1596117      4.9504858E-02  2.1475730E-02  1.1184466E-02
  6.5077669E-03  4.0417477E-03  0.0000000E+00
  0.0000000E+00  0.1918447      6.0281556E-02  2.6475729E-02  1.3893204E-02
  8.0679609E-03  4.7902917E-03
  0.0000000E+00  0.2421359      7.8000002E-02  3.5077669E-02  1.8631069E-02
  1.0475729E-02
  0.0000000E+00  0.3277670      0.1100971      5.1388349E-02  2.7000001E-02
  0.0000000E+00  0.5080582      0.1793204      8.5126214E-02
  0.0000000E+00   1.000000      0.3560194    
  0.0000000E+00   2.829126    
   31.90291    
  9.9999998E+12
  0.0000000E+00  9.8460689E-02  3.0153930E-02  1.2924683E-02  6.6739968E-03
  3.8807036E-03  2.4474987E-03  1.6377131E-03
  0.0000000E+00  0.1238593      3.7916437E-02  1.6250687E-02  8.3892252E-03
  4.8719076E-03  3.0692688E-03  2.0511269E-03
  0.0000000E+00  0.1547004      4.7344696E-02  2.0280372E-02  1.0461791E-02
  6.0692686E-03  3.8196810E-03  2.5470038E-03
  0.0000000E+00  0.1885651      5.7669047E-02  2.4689389E-02  1.2726774E-02
  7.3776799E-03  4.6300166E-03  0.0000000E+00
  0.0000000E+00  0.2181968      6.6739962E-02  2.8548652E-02  1.4700385E-02
  8.5046729E-03  5.3194063E-03  0.0000000E+00
  0.0000000E+00  0.2344145      7.1687743E-02  3.0637713E-02  1.5750412E-02
  9.0819132E-03  5.6459592E-03  0.0000000E+00
  0.0000000E+00  0.2387026      7.2952174E-02  3.1170974E-02  1.5986806E-02
  9.1698738E-03  5.6129741E-03  0.0000000E+00
  0.0000000E+00  0.2500275      7.6470591E-02  3.2644309E-02  1.6679494E-02
  9.4392514E-03  5.4650907E-03
  0.0000000E+00  0.2886751      8.8455193E-02  3.7746012E-02  1.9098405E-02
  1.0258383E-02
  0.0000000E+00  0.3736668      0.1151182      4.9054425E-02  2.3771301E-02
  0.0000000E+00  0.5514019      0.1711930      7.1137987E-02
  0.0000000E+00   1.000000      0.3010445    
  0.0000000E+00   2.574492    
   30.09895    
  1.0000000E+14
  0.0000000E+00  4.6820678E-02  1.4332114E-02  6.1436417E-03  3.1724612E-03
  1.8435499E-03  1.1623971E-03  7.7790488E-04
  0.0000000E+00  6.2580056E-02  1.9146843E-02  8.2044825E-03  4.2337603E-03
  2.4588290E-03  1.5484904E-03  1.0345380E-03
  0.0000000E+00  8.5773103E-02  2.6235132E-02  1.1235133E-02  5.7936874E-03
  3.3600184E-03  2.1132205E-03  1.4085087E-03
  0.0000000E+00  0.1206084      3.6870997E-02  1.5773103E-02  8.1244288E-03
  4.7049406E-03  2.9528819E-03  0.0000000E+00
  0.0000000E+00  0.1728957      5.2813359E-02  2.2570906E-02  1.1607960E-02
  6.7063128E-03  4.1903020E-03  0.0000000E+00
  0.0000000E+00  0.2483989      7.5777680E-02  3.2342181E-02  1.6591948E-02
  9.5494064E-03  5.9240623E-03  0.0000000E+00
  0.0000000E+00  0.3424062      0.1043458      4.4441905E-02  2.2715004E-02
  1.2982617E-02  7.9185730E-03  0.0000000E+00
  0.0000000E+00  0.4208600      0.1279963      5.4322965E-02  2.7584629E-02
  1.5512351E-02  8.9158285E-03
  0.0000000E+00  0.4457914      0.1352013      5.7044830E-02  2.8545288E-02
  1.5137237E-02
  0.0000000E+00  0.4725526      0.1426578      5.9400734E-02  2.8087832E-02
  0.0000000E+00  0.6033852      0.1801921      7.1271732E-02
  0.0000000E+00   1.000000      0.2833943    
  0.0000000E+00   2.424520    
   28.40805    
