   100.0000    
  0.0000000E+00  1.5401024E-02  5.6356653E-03  2.9104096E-03  1.7465871E-03
  1.1433447E-03  7.9308875E-04  5.7423208E-04
  0.0000000E+00  1.8916382E-02  6.9317408E-03  3.5861775E-03  2.1561433E-03
  1.4138225E-03  9.8208187E-04  7.1211602E-04
  0.0000000E+00  2.3609214E-02  8.6604096E-03  4.4923211E-03  2.7073380E-03
  1.7790103E-03  1.2380546E-03  8.9846412E-04
  0.0000000E+00  3.0008532E-02  1.1023890E-02  5.7354951E-03  3.4667235E-03
  2.2832763E-03  1.5930034E-03  0.0000000E+00
  0.0000000E+00  3.8976111E-02  1.4351536E-02  7.4931742E-03  4.5452220E-03
  3.0034129E-03  2.0998293E-03  0.0000000E+00
  0.0000000E+00  5.1979523E-02  1.9197952E-02  1.0068259E-02  6.1339587E-03
  4.0691127E-03  2.8481227E-03  0.0000000E+00
  0.0000000E+00  7.1587034E-02  2.6535837E-02  1.4001707E-02  8.5836174E-03
  5.7167239E-03  3.9906143E-03  0.0000000E+00
  0.0000000E+00  0.1027304      3.8284983E-02  2.0366894E-02  1.2576792E-02
  8.3907852E-03  5.6476113E-03
  0.0000000E+00  0.1555461      5.8404434E-02  3.1441979E-02  1.9573379E-02
  1.2713310E-02
  0.0000000E+00  0.2537543      9.6245736E-02  5.2662116E-02  3.2389078E-02
  0.0000000E+00  0.4614334      0.1779010      9.8037541E-02
  0.0000000E+00   1.000000      0.3909556    
  0.0000000E+00   2.993174    
   23.54096    
   1000.000    
  0.0000000E+00  1.5409556E-02  5.6373719E-03  2.9112627E-03  1.7465871E-03
  1.1424915E-03  7.9274748E-04  5.7380548E-04
  0.0000000E+00  1.8924914E-02  6.9343001E-03  3.5870308E-03  2.1561433E-03
  1.4138225E-03  9.8208187E-04  7.1151881E-04
  0.0000000E+00  2.3617748E-02  8.6689424E-03  4.4931741E-03  2.7073380E-03
  1.7781570E-03  1.2372014E-03  8.9761097E-04
  0.0000000E+00  3.0017065E-02  1.1032423E-02  5.7363482E-03  3.4667235E-03
  2.2824232E-03  1.5912970E-03  0.0000000E+00
  0.0000000E+00  3.8993172E-02  1.4360068E-02  7.4948808E-03  4.5443685E-03
  3.0025598E-03  2.0972695E-03  0.0000000E+00
  0.0000000E+00  5.1996585E-02  1.9197952E-02  1.0068259E-02  6.1331061E-03
  4.0665530E-03  2.8447099E-03  0.0000000E+00
  0.0000000E+00  7.1612626E-02  2.6544368E-02  1.4001707E-02  8.5836174E-03
  5.7124575E-03  3.9820820E-03  0.0000000E+00
  0.0000000E+00  0.1027304      3.8293514E-02  2.0366894E-02  1.2576792E-02
  8.3796931E-03  5.6194537E-03
  0.0000000E+00  0.1556314      5.8412973E-02  3.1433448E-02  1.9556316E-02
  1.2662116E-02
  0.0000000E+00  0.2538396      9.6331060E-02  5.2645054E-02  3.2295223E-02
  0.0000000E+00  0.4616041      0.1779010      9.7866893E-02
  0.0000000E+00   1.000000      0.3905290    
  0.0000000E+00   2.992321    
   23.54096    
   10000.00    
  0.0000000E+00  1.5404944E-02  5.6368285E-03  2.9096333E-03  1.7450980E-03
  1.1415174E-03  7.9138955E-04  5.7237846E-04
  0.0000000E+00  1.8925831E-02  6.9326507E-03  3.5856776E-03  2.1543051E-03
  1.4117646E-03  9.8039210E-04  7.0963340E-04
  0.0000000E+00  2.3614662E-02  8.6615514E-03  4.4910484E-03  2.7050299E-03
  1.7757885E-03  1.2352942E-03  8.9514063E-04
  0.0000000E+00  3.0017050E-02  1.1031543E-02  5.7340153E-03  3.4629155E-03
  2.2796248E-03  1.5882353E-03  0.0000000E+00
  0.0000000E+00  3.8994029E-02  1.4356351E-02  7.4901958E-03  4.5404942E-03
  2.9974424E-03  2.0920716E-03  0.0000000E+00
  0.0000000E+00  5.1986355E-02  1.9198636E-02  1.0059675E-02  6.1261724E-03
  4.0588235E-03  2.8363171E-03  0.0000000E+00
  0.0000000E+00  7.1602724E-02  2.6538787E-02  1.3998295E-02  8.5677747E-03
  5.6982096E-03  3.9641941E-03  0.0000000E+00
  0.0000000E+00  0.1027280      3.8277920E-02  2.0349531E-02  1.2557545E-02
  8.3503835E-03  5.5703321E-03
  0.0000000E+00  0.1555840      5.8388744E-02  3.1406648E-02  1.9505542E-02
  1.2574595E-02
  0.0000000E+00  0.2537937      9.6248932E-02  5.2557547E-02  3.2122761E-02
  0.0000000E+00  0.4615516      0.1777494      9.7527698E-02
  0.0000000E+00   1.000000      0.3895141    
  0.0000000E+00   2.988917    
   23.52089    
   100000.0    
  0.0000000E+00  1.5417377E-02  5.6396937E-03  2.9097104E-03  1.7436116E-03
  1.1396933E-03  7.8926748E-04  5.7018740E-04
  0.0000000E+00  1.8935263E-02  6.9352640E-03  3.5851789E-03  2.1524702E-03
  1.4088587E-03  9.7700174E-04  7.0664397E-04
  0.0000000E+00  2.3628620E-02  8.6626913E-03  4.4897781E-03  2.7018741E-03
  1.7725724E-03  1.2308348E-03  8.9097105E-04
  0.0000000E+00  3.0034071E-02  1.1030665E-02  5.7325382E-03  3.4591141E-03
  2.2742760E-03  1.5826235E-03  0.0000000E+00
  0.0000000E+00  3.9011925E-02  1.4361158E-02  7.4880752E-03  4.5349235E-03
  2.9897785E-03  2.0834752E-03  0.0000000E+00
  0.0000000E+00  5.2018743E-02  1.9199317E-02  1.0059625E-02  6.1175469E-03
  4.0468480E-03  2.8211242E-03  0.0000000E+00
  0.0000000E+00  7.1643949E-02  2.6541738E-02  1.3986371E-02  8.5519589E-03
  5.6771720E-03  3.9335606E-03  0.0000000E+00
  0.0000000E+00  0.1028109      3.8279388E-02  2.0332197E-02  1.2521295E-02
  8.3032362E-03  5.4982961E-03
  0.0000000E+00  0.1557070      5.8390122E-02  3.1362861E-02  1.9429302E-02
  1.2436116E-02
  0.0000000E+00  0.2539182      9.6252128E-02  5.2436113E-02  3.1848382E-02
  0.0000000E+00  0.4616695      0.1775980      9.6933559E-02
  0.0000000E+00   1.000000      0.3881601    
  0.0000000E+00   2.984668    
   23.50937    
   1000000.    
  0.0000000E+00  1.5433673E-02  5.6437072E-03  2.9090138E-03  1.7406463E-03
  1.1360544E-03  7.8494899E-04  5.6573132E-04
  0.0000000E+00  1.8962586E-02  6.9404761E-03  3.5833335E-03  2.1488096E-03
  1.4039116E-03  9.7193877E-04  7.0059521E-04
  0.0000000E+00  2.3656463E-02  8.6734695E-03  4.4872449E-03  2.6964284E-03
  1.7653061E-03  1.2236395E-03  8.8265305E-04
  0.0000000E+00  3.0068027E-02  1.1037415E-02  5.7278913E-03  3.4515306E-03
  2.2644557E-03  1.5714286E-03  0.0000000E+00
  0.0000000E+00  3.9047617E-02  1.4362245E-02  7.4804425E-03  4.5221085E-03
  2.9753400E-03  2.0663266E-03  0.0000000E+00
  0.0000000E+00  5.2057821E-02  1.9209184E-02  1.0042517E-02  6.0986392E-03
  4.0229592E-03  2.7925170E-03  0.0000000E+00
  0.0000000E+00  7.1700685E-02  2.6547620E-02  1.3962585E-02  8.5204085E-03
  5.6352038E-03  3.8801022E-03  0.0000000E+00
  0.0000000E+00  0.1028912      3.8273811E-02  2.0297619E-02  1.2457483E-02
  8.2159862E-03  5.3852042E-03
  0.0000000E+00  0.1557823      5.8367349E-02  3.1275511E-02  1.9285714E-02
  1.2219388E-02
  0.0000000E+00  0.2540816      9.6173473E-02  5.2202381E-02  3.1403061E-02
  0.0000000E+00  0.4619048      0.1772109      9.5918365E-02
  0.0000000E+00   1.000000      0.3856293    
  0.0000000E+00   2.977891    
   23.50340    
  1.0000000E+07
  0.0000000E+00  1.5525424E-02  5.6584748E-03  2.9067795E-03  1.7338983E-03
  1.1271187E-03  7.7593222E-04  5.5677968E-04
  0.0000000E+00  1.9033898E-02  6.9516948E-03  3.5796610E-03  2.1389832E-03
  1.3932204E-03  9.6016953E-04  6.8906776E-04
  0.0000000E+00  2.3728812E-02  8.6779660E-03  4.4805086E-03  2.6838984E-03
  1.7508476E-03  1.2076271E-03  8.6694915E-04
  0.0000000E+00  3.0127117E-02  1.1042373E-02  5.7169492E-03  3.4338983E-03
  2.2440678E-03  1.5491525E-03  0.0000000E+00
  0.0000000E+00  3.9110169E-02  1.4372882E-02  7.4635595E-03  4.4966103E-03
  2.9449153E-03  2.0338984E-03  0.0000000E+00
  0.0000000E+00  5.2135590E-02  1.9203389E-02  1.0016949E-02  6.0584745E-03
  3.9762715E-03  2.7406779E-03  0.0000000E+00
  0.0000000E+00  7.1788140E-02  2.6533898E-02  1.3923730E-02  8.4567796E-03
  5.5550849E-03  3.7898305E-03  0.0000000E+00
  0.0000000E+00  0.1029661      3.8254239E-02  2.0211864E-02  1.2338983E-02
  8.0635594E-03  5.2144066E-03
  0.0000000E+00  0.1559322      5.8296613E-02  3.1101696E-02  1.9016948E-02
  1.1881356E-02
  0.0000000E+00  0.2543221      9.5932208E-02  5.1737290E-02  3.0686440E-02
  0.0000000E+00  0.4621186      0.1765254      9.4237290E-02
  0.0000000E+00   1.000000      0.3812712    
  0.0000000E+00   2.965254    
   23.70339    
  1.0000000E+08
  0.0000000E+00  1.6121417E-02  5.7698144E-03  2.9215852E-03  1.7217539E-03
  1.1087690E-03  7.5649243E-04  5.3853291E-04
  0.0000000E+00  1.9536257E-02  7.0396289E-03  3.5851602E-03  2.1222597E-03
  1.3701518E-03  9.3676226E-04  6.6703203E-04
  0.0000000E+00  2.4139967E-02  8.7436764E-03  4.4772346E-03  2.6602023E-03
  1.7217539E-03  1.1779089E-03  8.3887012E-04
  0.0000000E+00  3.0472176E-02  1.1096121E-02  5.7032038E-03  3.4005058E-03
  2.2048904E-03  1.5101181E-03  0.0000000E+00
  0.0000000E+00  3.9409779E-02  1.4401349E-02  7.4367621E-03  4.4494099E-03
  2.8903878E-03  1.9780777E-03  0.0000000E+00
  0.0000000E+00  5.2403037E-02  1.9224284E-02  9.9747051E-03  5.9865094E-03
  3.8946038E-03  2.6568298E-03  0.0000000E+00
  0.0000000E+00  7.2057337E-02  2.6543003E-02  1.3836426E-02  8.3389543E-03
  5.4207421E-03  3.6526138E-03  0.0000000E+00
  0.0000000E+00  0.1032884      3.8220908E-02  2.0059021E-02  1.2124789E-02
  7.8204051E-03  4.9772342E-03
  0.0000000E+00  0.1563238      5.8195617E-02  3.0792581E-02  1.8583473E-02
  1.1399663E-02
  0.0000000E+00  0.2548904      9.5615514E-02  5.0961211E-02  2.9629005E-02
  0.0000000E+00  0.4629005      0.1752951      9.1736935E-02
  0.0000000E+00   1.000000      0.3745363    
  0.0000000E+00   2.946880    
   25.52276    
  1.0000000E+09
  0.0000000E+00  1.8846154E-02  6.3904687E-03  3.0468227E-03  1.7173913E-03
  1.0702341E-03  7.1379601E-04  4.9983279E-04
  0.0000000E+00  2.2073578E-02  7.5877924E-03  3.6780937E-03  2.0986621E-03
  1.3193981E-03  8.8461541E-04  6.2140473E-04
  0.0000000E+00  2.6413042E-02  9.2056859E-03  4.5334450E-03  2.6170569E-03
  1.6571906E-03  1.1162207E-03  7.8486628E-04
  0.0000000E+00  3.2441471E-02  1.1446488E-02  5.7198997E-03  3.3344482E-03
  2.1245820E-03  1.4339464E-03  0.0000000E+00
  0.0000000E+00  4.1053511E-02  1.4657191E-02  7.4105356E-03  4.3545151E-03
  2.7851171E-03  1.8804348E-03  0.0000000E+00
  0.0000000E+00  5.3737462E-02  1.9389633E-02  9.8913042E-03  5.8486620E-03
  3.7491638E-03  2.5217393E-03  0.0000000E+00
  0.0000000E+00  7.3152177E-02  2.6613712E-02  1.3687291E-02  8.1270905E-03
  5.2015055E-03  3.4515050E-03  0.0000000E+00
  0.0000000E+00  0.1042642      3.8193982E-02  1.9782608E-02  1.1772575E-02
  7.4556856E-03  4.6638795E-03
  0.0000000E+00  0.1572742      5.7993311E-02  3.0234115E-02  1.7901339E-02
  1.0744148E-02
  0.0000000E+00  0.2559364      9.4983280E-02  4.9673915E-02  2.8143812E-02
  0.0000000E+00  0.4641304      0.1730769      8.8043481E-02
  0.0000000E+00   1.000000      0.3644649    
  0.0000000E+00   2.919733    
   30.56856    
  1.0000000E+10
  0.0000000E+00  2.4191419E-02  7.6353136E-03  3.3754127E-03  1.7912542E-03
  1.0660066E-03  6.8572612E-04  4.6707920E-04
  0.0000000E+00  2.8102310E-02  8.9686476E-03  4.0082508E-03  2.1468648E-03
  1.2871288E-03  8.3250826E-04  5.6938943E-04
  0.0000000E+00  3.2945544E-02  1.0660066E-02  4.8366338E-03  2.6221124E-03
  1.5858086E-03  1.0330033E-03  7.0948846E-04
  0.0000000E+00  3.9199673E-02  1.2896040E-02  5.9595713E-03  3.2772277E-03
  2.0033005E-03  1.3143565E-03  0.0000000E+00
  0.0000000E+00  4.7698021E-02  1.5981849E-02  7.5445543E-03  4.2161718E-03
  2.6039605E-03  1.7169967E-03  0.0000000E+00
  0.0000000E+00  5.9925742E-02  2.0462045E-02  9.8844888E-03  5.6089112E-03
  3.4942245E-03  2.3061058E-03  0.0000000E+00
  0.0000000E+00  7.8556105E-02  2.7334984E-02  1.3481849E-02  7.7541256E-03
  4.8465347E-03  3.1625412E-03  0.0000000E+00
  0.0000000E+00  0.1087459      3.8506605E-02  1.9323433E-02  1.1188119E-02
  6.9315182E-03  4.2665014E-03
  0.0000000E+00  0.1608086      5.7813529E-02  2.9323433E-02  1.6905941E-02
  9.9092415E-03
  0.0000000E+00  0.2589109      9.3976900E-02  4.7731023E-02  2.6212871E-02
  0.0000000E+00  0.4668317      0.1696370      8.3085805E-02
  0.0000000E+00   1.000000      0.3504125    
  0.0000000E+00   2.882838    
   33.10231    
  9.9999998E+10
  0.0000000E+00  2.9098229E-02  8.9533012E-03  3.8582932E-03  2.0024155E-03
  1.1690821E-03  7.4009661E-04  4.9710146E-04
  0.0000000E+00  3.3808377E-02  1.0426731E-02  4.5008054E-03  2.3389694E-03
  1.3671498E-03  8.6634466E-04  5.8188406E-04
  0.0000000E+00  3.9951693E-02  1.2359099E-02  5.3534620E-03  2.7898552E-03
  1.6336554E-03  1.0362319E-03  6.9621584E-04
  0.0000000E+00  4.7987118E-02  1.4919485E-02  6.4983899E-03  3.4017714E-03
  1.9991950E-03  1.2705314E-03  0.0000000E+00
  0.0000000E+00  5.8574881E-02  1.8365540E-02  8.0676330E-03  4.2528179E-03
  2.5120773E-03  1.6006442E-03  0.0000000E+00
  0.0000000E+00  7.2809987E-02  2.3107890E-02  1.0289855E-02  5.4830923E-03
  3.2608695E-03  2.0821257E-03  0.0000000E+00
  0.0000000E+00  9.2914656E-02  2.9967796E-02  1.3599034E-02  7.3534623E-03
  4.4066021E-03  2.7987119E-03  0.0000000E+00
  0.0000000E+00  0.1234300      4.0611915E-02  1.8888891E-02  1.0370370E-02
  6.2133656E-03  3.7592594E-03
  0.0000000E+00  0.1744767      5.8687601E-02  2.8003221E-02  1.5475041E-02
  8.8566830E-03
  0.0000000E+00  0.2699678      9.2753626E-02  4.4879228E-02  2.3784220E-02
  0.0000000E+00  0.4741546      0.1643317      7.6739132E-02
  0.0000000E+00   1.000000      0.3316425    
  0.0000000E+00   2.830918    
   33.48631    
  1.0000000E+12
  0.0000000E+00  3.8064022E-02  1.1661585E-02  5.0030486E-03  2.5853657E-03
  1.5038110E-03  9.4893289E-04  6.3536590E-04
  0.0000000E+00  4.3628048E-02  1.3368903E-02  5.7347561E-03  2.9634144E-03
  1.7225610E-03  1.0861281E-03  7.2652433E-04
  0.0000000E+00  5.0068598E-02  1.5342987E-02  6.5823169E-03  3.4001525E-03
  1.9763720E-03  1.2446647E-03  8.3079271E-04
  0.0000000E+00  5.8033537E-02  1.7789634E-02  7.6371953E-03  3.9435974E-03
  2.2903965E-03  1.4405487E-03  0.0000000E+00
  0.0000000E+00  6.8841465E-02  2.1120425E-02  9.0701217E-03  4.6859756E-03
  2.7195122E-03  1.7065549E-03  0.0000000E+00
  0.0000000E+00  8.4451221E-02  2.5960365E-02  1.1166158E-02  5.7721036E-03
  3.3452744E-03  2.0891770E-03  0.0000000E+00
  0.0000000E+00  0.1074695      3.3155486E-02  1.4314024E-02  7.4100611E-03
  4.2850613E-03  2.6432925E-03  0.0000000E+00
  0.0000000E+00  0.1421494      4.4138718E-02  1.9184452E-02  9.9618901E-03
  5.7172254E-03  3.3506099E-03
  0.0000000E+00  0.1971799      6.1844513E-02  2.7202744E-02  1.4138719E-02
  7.7667679E-03
  0.0000000E+00  0.2944360      9.3292683E-02  4.1577742E-02  2.0907013E-02
  0.0000000E+00  0.4942835      0.1573933      6.8658531E-02
  0.0000000E+00   1.000000      0.3057927    
  0.0000000E+00   2.739329    
   33.17073    
  9.9999998E+12
  0.0000000E+00  4.2016350E-02  1.2861036E-02  5.5136243E-03  2.8474117E-03
  1.6546322E-03  1.0435968E-03  6.9822895E-04
  0.0000000E+00  5.0831065E-02  1.5558585E-02  6.6662128E-03  3.4400546E-03
  1.9979565E-03  1.2588557E-03  8.4059947E-04
  0.0000000E+00  6.1696187E-02  1.8876022E-02  8.0858311E-03  4.1682562E-03
  2.4182564E-03  1.5211173E-03  1.0136240E-03
  0.0000000E+00  7.4795641E-02  2.2867849E-02  9.7888289E-03  5.0429157E-03
  2.9216623E-03  1.8331063E-03  0.0000000E+00
  0.0000000E+00  9.0054505E-02  2.7527248E-02  1.1771118E-02  6.0572210E-03
  3.5020439E-03  2.1893734E-03  0.0000000E+00
  0.0000000E+00  0.1075613      3.2847412E-02  1.4032698E-02  7.2070849E-03
  4.1525890E-03  2.5790192E-03  0.0000000E+00
  0.0000000E+00  0.1289510      3.9366487E-02  1.6798366E-02  8.6035421E-03
  4.9250685E-03  3.0095370E-03  0.0000000E+00
  0.0000000E+00  0.1608992      4.9073573E-02  2.0899184E-02  1.0647139E-02
  6.0040876E-03  3.4618531E-03
  0.0000000E+00  0.2153951      6.5667577E-02  2.7874660E-02  1.4025887E-02
  7.4795643E-03
  0.0000000E+00  0.3137602      9.5504090E-02  4.0238421E-02  1.9250682E-02
  0.0000000E+00  0.5113079      0.1538147      6.2132157E-02
  0.0000000E+00   1.000000      0.2793597    
  0.0000000E+00   2.610354    
   32.13897    
  1.0000000E+14
  0.0000000E+00  3.7801504E-02  1.1569533E-02  4.9596080E-03  2.5608770E-03
  1.4881708E-03  9.3825738E-04  6.2781305E-04
  0.0000000E+00  4.6889789E-02  1.4345067E-02  6.1454126E-03  3.1713792E-03
  1.8413157E-03  1.1598385E-03  7.7495672E-04
  0.0000000E+00  5.9030589E-02  1.8049626E-02  7.7264863E-03  3.9838431E-03
  2.3104444E-03  1.4529717E-03  9.6826319E-04
  0.0000000E+00  7.5418353E-02  2.3046741E-02  9.8615121E-03  5.0773229E-03
  2.9399886E-03  1.8442009E-03  0.0000000E+00
  0.0000000E+00  9.7749569E-02  2.9855743E-02  1.2758224E-02  6.5608774E-03
  3.7882288E-03  2.3669938E-03  0.0000000E+00
  0.0000000E+00  0.1280439      3.9059434E-02  1.6664743E-02  8.5458746E-03
  4.9169073E-03  3.0490479E-03  0.0000000E+00
  0.0000000E+00  0.1677438      5.1090598E-02  2.1748414E-02  1.1107906E-02
  6.3473745E-03  3.8678593E-03  0.0000000E+00
  0.0000000E+00  0.2160416      6.5666474E-02  2.7847664E-02  1.4125794E-02
  7.9342183E-03  4.5533762E-03
  0.0000000E+00  0.2720139      8.2400464E-02  3.4708597E-02  1.7322563E-02
  9.1690719E-03
  0.0000000E+00  0.3570110      0.1074437      4.4575881E-02  2.0986730E-02
  0.0000000E+00  0.5394691      0.1598961      6.2723607E-02
  0.0000000E+00   1.000000      0.2768610    
  0.0000000E+00   2.566648    
   31.44258    
