   100.0000    
  4.0357020E-02  1.4271964E-02  7.3363669E-03  4.6114810E-03  3.2184112E-03
  2.3906198E-03  1.8515927E-03  1.4786490E-03
  4.9037453E-02  1.7408121E-02  9.0024509E-03  5.6947852E-03  3.9972002E-03
  2.9873995E-03  2.3276166E-03  1.8708436E-03
  6.0448024E-02  2.1561079E-02  1.1232061E-02  7.1561085E-03  5.0612534E-03
  3.8099405E-03  2.9926498E-03  2.4238713E-03
  7.5778790E-02  2.7213860E-02  1.4292966E-02  9.1897100E-03  6.5593282E-03
  4.9859993E-03  3.9534480E-03  0.0000000E+00
  9.6937351E-02  3.5071753E-02  1.8620932E-02  1.2115857E-02  8.7504378E-03
  6.7343367E-03  5.4095211E-03  0.0000000E+00
  0.1270564      4.6447325E-02  2.5008753E-02  1.6508576E-02  1.2112357E-02
  9.4802240E-03  7.7528874E-03  0.0000000E+00
  0.1716311      6.3615687E-02  3.4861743E-02  2.3486177E-02  1.7605880E-02
  1.4114456E-02  1.1823592E-02  0.0000000E+00
  0.2408120      9.0952046E-02  5.1102556E-02  3.5404272E-02  2.7406372E-02
  2.2751138E-02  1.9285966E-02
  0.3554428      0.1378719      8.0259018E-02  5.8032908E-02  4.7234863E-02
  4.0654533E-02
  0.5616031      0.2271614      0.1397970      0.1085054      9.4872251E-02
  0.9812741      0.4254463      0.2891145      0.2537627    
   2.014351       1.000000      0.8300666    
   5.603781       3.857193    
   34.31922    
   1000.000    
  4.0367134E-02  1.4276223E-02  7.3391609E-03  4.6118880E-03  3.2167831E-03
  2.3898601E-03  1.8496504E-03  1.4762237E-03
  4.9038462E-02  1.7414335E-02  9.0052448E-03  5.6940559E-03  3.9965035E-03
  2.9842656E-03  2.3251749E-03  1.8671327E-03
  6.0437061E-02  2.1573426E-02  1.1234265E-02  7.1573425E-03  5.0594406E-03
  3.8076923E-03  2.9877622E-03  2.4178321E-03
  7.5769223E-02  2.7220279E-02  1.4295454E-02  9.1905594E-03  6.5576923E-03
  4.9807690E-03  3.9475523E-03  0.0000000E+00
  9.6940555E-02  3.5087410E-02  1.8636363E-02  1.2115384E-02  8.7465039E-03
  6.7272722E-03  5.4003499E-03  0.0000000E+00
  0.1270629      4.6468530E-02  2.5017481E-02  1.6506994E-02  1.2106643E-02
  9.4685312E-03  7.7342656E-03  0.0000000E+00
  0.1716434      6.3618876E-02  3.4877621E-02  2.3479020E-02  1.7587412E-02
  1.4089161E-02  1.1772728E-02  0.0000000E+00
  0.2409091      9.0979017E-02  5.1101398E-02  3.5384614E-02  2.7377622E-02
  2.2674825E-02  1.9073425E-02
  0.3554196      0.1379021      8.0262236E-02  5.8006991E-02  4.7132865E-02
  4.0314686E-02
  0.5617133      0.2270979      0.1397727      0.1083741      9.4248250E-02
  0.9812937      0.4255245      0.2888112      0.2524475    
   2.013986       1.000000      0.8270978    
   5.604895       3.847902    
   34.28322    
   10000.00    
  4.0383946E-02  1.4289704E-02  7.3455498E-03  4.6143108E-03  3.2181502E-03
  2.3874347E-03  1.8464224E-03  1.4717279E-03
  4.9057592E-02  1.7431065E-02  9.0122167E-03  5.6963353E-03  3.9947648E-03
  2.9825480E-03  2.3211171E-03  1.8603839E-03
  6.0471211E-02  2.1588134E-02  1.1242583E-02  7.1588135E-03  5.0575919E-03
  3.8027924E-03  2.9808029E-03  2.4083771E-03
  7.5811520E-02  2.7242584E-02  1.4305411E-02  9.1919722E-03  6.5549742E-03
  4.9738218E-03  3.9371727E-03  0.0000000E+00
  9.6980810E-02  3.5113439E-02  1.8638745E-02  1.2116929E-02  8.7417103E-03
  6.7155324E-03  5.3804540E-03  0.0000000E+00
  0.1271204      4.6509601E-02  2.5026180E-02  1.6509600E-02  1.2097731E-02
  9.4467718E-03  7.6945899E-03  0.0000000E+00
  0.1717278      6.3682377E-02  3.4886561E-02  2.3472950E-02  1.7574171E-02
  1.4041886E-02  1.1675393E-02  0.0000000E+00
  0.2410122      9.1047123E-02  5.1134381E-02  3.5375219E-02  2.7329845E-02
  2.2547996E-02  1.8743457E-02
  0.3556719      0.1380105      8.0296688E-02  5.7958115E-02  4.6945900E-02
  3.9738223E-02
  0.5619546      0.2272251      0.1397906      0.1081326      9.3158819E-02
  0.9818500      0.4256545      0.2886562      0.2502618    
   2.015707       1.000000      0.8221641    
   5.607330       3.834206    
   34.20594    
   100000.0    
  4.0417392E-02  1.4314782E-02  7.3547824E-03  4.6173912E-03  3.2156520E-03
  2.3826086E-03  1.8400000E-03  1.4626086E-03
  4.9095653E-02  1.7460870E-02  9.0243472E-03  5.6991302E-03  3.9930432E-03
  2.9756520E-03  2.3113042E-03  1.8469566E-03
  6.0504347E-02  2.1617392E-02  1.1255652E-02  7.1617393E-03  5.0539128E-03
  3.7930433E-03  2.9669565E-03  2.3878259E-03
  7.5860865E-02  2.7286954E-02  1.4321738E-02  9.1947820E-03  6.5478259E-03
  4.9599996E-03  3.9130431E-03  0.0000000E+00
  9.7043477E-02  3.5165217E-02  1.8660869E-02  1.2118260E-02  8.7304348E-03
  6.6904346E-03  5.3426083E-03  0.0000000E+00
  0.1272174      4.6573911E-02  2.5043478E-02  1.6507827E-02  1.2074783E-02
  9.4017396E-03  7.6208692E-03  0.0000000E+00
  0.1718435      6.3756518E-02  3.4921739E-02  2.3460869E-02  1.7530434E-02
  1.3946086E-02  1.1500869E-02  0.0000000E+00
  0.2412174      9.1165215E-02  5.1165216E-02  3.5339128E-02  2.7217392E-02
  2.2295652E-02  1.8226087E-02
  0.3558261      0.1381739      8.0313042E-02  5.7843477E-02  4.6591304E-02
  3.8817391E-02
  0.5624347      0.2274783      0.1397565      0.1076348      9.1426082E-02
  0.9827826      0.4260869      0.2880000      0.2467826    
   2.017391       1.000000      0.8137391    
   5.612174       3.810435    
   34.08696    
   1000000.    
  4.0508296E-02  1.4367219E-02  7.3772473E-03  4.6230983E-03  3.2123099E-03
  2.3737897E-03  1.8257261E-03  1.4448479E-03
  4.9187414E-02  1.7513830E-02  9.0491008E-03  5.7053939E-03  3.9885892E-03
  2.9633471E-03  2.2908021E-03  1.8222684E-03
  6.0632776E-02  2.1697786E-02  1.1286307E-02  7.1680495E-03  5.0466806E-03
  3.7742045E-03  2.9374135E-03  2.3513141E-03
  7.6002762E-02  2.7368601E-02  1.4356845E-02  9.2012445E-03  6.5335408E-03
  4.9308436E-03  3.8692947E-03  0.0000000E+00
  9.7216457E-02  3.5269707E-02  1.8706778E-02  1.2123099E-02  8.7067764E-03
  6.6424622E-03  5.2679805E-03  0.0000000E+00
  0.1274378      4.6697784E-02  2.5103733E-02  1.6504148E-02  1.2029737E-02
  9.3136234E-03  7.4827108E-03  0.0000000E+00
  0.1721646      6.3934997E-02  3.4975797E-02  2.3443984E-02  1.7444676E-02
  1.3769018E-02  1.1201590E-02  0.0000000E+00
  0.2417012      9.1407329E-02  5.1227525E-02  3.5287000E-02  2.7005533E-02
  2.1853389E-02  1.7461965E-02
  0.3565007      0.1385201      8.0394194E-02  5.7624482E-02  4.5937069E-02
  3.7396263E-02
  0.5636238      0.2280429      0.1396957      0.1067427      8.8692941E-02
  0.9849585      0.4268672      0.2869986      0.2410097    
   2.021093       1.000000      0.8003112    
   5.622406       3.772476    
   33.92116    
  1.0000000E+07
  4.0886533E-02  1.4477152E-02  7.4225571E-03  4.6380283E-03  3.2072566E-03
  2.3549546E-03  1.7970221E-03  1.4105769E-03
  4.9546465E-02  1.7645046E-02  9.0980660E-03  5.7179532E-03  3.9774091E-03
  2.9368475E-03  2.2522677E-03  1.7747734E-03
  6.0961835E-02  2.1838097E-02  1.1341777E-02  7.1795313E-03  5.0282390E-03
  3.7360946E-03  2.8820811E-03  2.2813624E-03
  7.6347768E-02  2.7537225E-02  1.4420674E-02  9.2075989E-03  6.5035084E-03
  4.8707859E-03  3.7840153E-03  0.0000000E+00
  9.7621083E-02  3.5495464E-02  1.8774603E-02  1.2122198E-02  8.6530894E-03
  6.5462948E-03  5.1309261E-03  0.0000000E+00
  0.1279308      4.6979293E-02  2.5192538E-02  1.6491529E-02  1.1935649E-02
  9.1459872E-03  7.2377203E-03  0.0000000E+00
  0.1728564      6.4299166E-02  3.5084717E-02  2.3395516E-02  1.7251411E-02
  1.3438302E-02  1.0706828E-02  0.0000000E+00
  0.2425124      9.1887727E-02  5.1343489E-02  3.5136063E-02  2.6578812E-02
  2.1085059E-02  1.6325517E-02
  0.3580352      0.1392093      8.0472358E-02  5.7196647E-02  4.4788636E-02
  3.5290092E-02
  0.5659764      0.2289920      0.1395516      0.1050830      8.4494270E-02
  0.9893890      0.4282047      0.2851275      0.2320726    
   2.031491       1.000000      0.7788807    
   5.640938       3.710423    
   33.66421    
  1.0000000E+08
  4.3400671E-02  1.4791247E-02  7.5639733E-03  4.6919188E-03  3.2087541E-03
  2.3232321E-03  1.7474745E-03  1.3489899E-03
  5.1632997E-02  1.7962962E-02  9.2306389E-03  5.7592592E-03  3.9629629E-03
  2.8872052E-03  2.1818180E-03  1.6902356E-03
  6.2710434E-02  2.2171717E-02  1.1471380E-02  7.2087543E-03  4.9932655E-03
  3.6599326E-03  2.7811446E-03  2.1632996E-03
  7.7845119E-02  2.7912458E-02  1.4555556E-02  9.2222216E-03  6.4410772E-03
  4.7558919E-03  3.6329965E-03  0.0000000E+00
  9.8989896E-02  3.5925925E-02  1.8922558E-02  1.2116161E-02  8.5471375E-03
  6.3653197E-03  4.8939395E-03  0.0000000E+00
  0.1293098      4.7508415E-02  2.5353534E-02  1.6447810E-02  1.1745791E-02
  8.8400664E-03  6.8367003E-03  0.0000000E+00
  0.1744108      6.4983167E-02  3.5269357E-02  2.3282828E-02  1.6902357E-02
  1.2872053E-02  9.9612791E-03  0.0000000E+00
  0.2446128      9.2811450E-02  5.1531985E-02  3.4831647E-02  2.5824916E-02
  1.9898988E-02  1.4809764E-02
  0.3609428      0.1405050      8.0589227E-02  5.6329966E-02  4.2895623E-02
  3.2356903E-02
  0.5708754      0.2309764      0.1391414      0.1022054      7.8484848E-02
  0.9981481      0.4308081      0.2814815      0.2188552    
   2.048821       1.000000      0.7466330    
   5.681818       3.617845    
   33.48485    
  1.0000000E+09
  5.6034762E-02  1.7005574E-02  8.4273526E-03  5.0081993E-03  3.2764841E-03
  2.2777959E-03  1.6530009E-03  1.2371269E-03
  6.2971465E-02  1.9662185E-02  9.9262055E-03  6.0068872E-03  3.9898329E-03
  2.8074777E-03  2.0547721E-03  1.5478845E-03
  7.2794355E-02  2.3499507E-02  1.2021974E-02  7.3827482E-03  4.9688420E-03
  3.5339457E-03  2.6074122E-03  1.9727780E-03
  8.6536564E-02  2.9025909E-02  1.4998360E-02  9.3227290E-03  6.3496227E-03
  4.5588715E-03  3.3863559E-03  0.0000000E+00
  0.1062479      3.6962938E-02  1.9301409E-02  1.2138406E-02  8.3584776E-03
  6.0560838E-03  4.5244345E-03  0.0000000E+00
  0.1353558      4.8622496E-02  2.5696950E-02  1.6366020E-02  1.1403739E-02
  8.3371596E-03  6.2479498E-03  0.0000000E+00
  0.1797311      6.6284023E-02  3.5585437E-02  2.3023942E-02  1.6265988E-02
  1.1990816E-02  8.9471955E-03  0.0000000E+00
  0.2499180      9.4489999E-02  5.1803868E-02  3.4224335E-02  2.4565430E-02
  1.8186290E-02  1.2959986E-02
  0.3674975      0.1428173      8.0632992E-02  5.4788452E-02  4.0013120E-02
  2.8665135E-02
  0.5805182      0.2343391      0.1381928      9.7589366E-02  7.0662513E-02
   1.015087      0.4352247      0.2751722      0.2008855    
   2.082650       1.000000      0.7015415    
   5.755986       3.489668    
   34.27353    
  1.0000000E+10
  0.1292349      2.8101385E-02  1.1111461E-02  5.6627830E-03  3.3233624E-03
  2.1347606E-03  1.4593828E-03  1.0442380E-03
  0.1230636      3.0085010E-02  1.2632241E-02  6.6750632E-03  4.0144837E-03
  2.6227960E-03  1.8151762E-03  1.3095088E-03
  0.1207179      3.2714106E-02  1.4606423E-02  8.0179470E-03  4.9448991E-03
  3.2871536E-03  2.3032115E-03  1.6750630E-03
  0.1254566      3.6586899E-02  1.7285895E-02  9.8535893E-03  6.2342566E-03
  4.2175693E-03  2.9880351E-03  0.0000000E+00
  0.1396096      4.2742442E-02  2.1142947E-02  1.2476386E-02  8.0872169E-03
  5.5604530E-03  3.9782748E-03  0.0000000E+00
  0.1651448      5.2928213E-02  2.7046598E-02  1.6420025E-02  1.0875315E-02
  7.5834384E-03  5.4534003E-03  0.0000000E+00
  0.2059194      6.9757558E-02  3.6492441E-02  2.2685768E-02  1.5292821E-02
  1.0768262E-02  7.7046594E-03  0.0000000E+00
  0.2723552      9.7874686E-02  5.2298490E-02  3.3202138E-02  2.2732997E-02
  1.6010705E-02  1.0908375E-02
  0.3875945      0.1468356      8.0541559E-02  5.2314233E-02  3.6177579E-02
  2.4480477E-02
  0.6023300      0.2396096      0.1363350      9.0963475E-02  6.1460957E-02
   1.047072      0.4422229      0.2657431      0.1789987    
   2.144207       1.000000      0.6443640    
   5.889483       3.326511    
   35.59509    
