   100.0000    
  4.2481679E-02  1.4735910E-02  7.3490012E-03  4.4604498E-03  3.0022743E-03
  2.1544099E-03  1.6143543E-03  1.2491787E-03
  5.1756382E-02  1.8013647E-02  9.0270406E-03  5.5066966E-03  3.7250442E-03
  2.6838514E-03  2.0194591E-03  1.5693706E-03
  6.3987866E-02  2.2362901E-02  1.1271165E-02  6.9143292E-03  4.7030579E-03
  3.4091482E-03  2.5777102E-03  2.0144049E-03
  8.0490269E-02  2.8278997E-02  1.4349254E-02  8.8678291E-03  6.0753096E-03
  4.4326507E-03  3.3762951E-03  0.0000000E+00
  0.1032853      3.6517564E-02  1.8701036E-02  1.1660349E-02  8.0591356E-03
  5.9337881E-03  4.5615365E-03  0.0000000E+00
  0.1358100      4.8445791E-02  2.5084659E-02  1.5825119E-02  1.1068990E-02
  8.2461461E-03  6.4114230E-03  0.0000000E+00
  0.1840536      6.6413946E-02  3.4900177E-02  2.2362901E-02  1.5893353E-02
  1.2036896E-02  9.4844578E-03  0.0000000E+00
  0.2590346      9.4996206E-02  5.0922416E-02  3.3358604E-02  2.4258275E-02
  1.8779378E-02  1.4680313E-02
  0.3831185      0.1438211      7.9327770E-02  5.3677022E-02  4.0384129E-02
  3.1640131E-02
  0.6065201      0.2358858      0.1360121      9.6891582E-02  7.5865552E-02
   1.059388      0.4371999      0.2719232      0.2100834    
   2.164266       1.000000      0.7182209    
   5.916098       3.540561    
   33.30806    
   1000.000    
  4.2485476E-02  1.4741096E-02  7.3503405E-03  4.4607222E-03  3.0032836E-03
  2.1535740E-03  1.6130335E-03  1.2475372E-03
  5.1755492E-02  1.8019702E-02  9.0275314E-03  5.5064410E-03  3.7231625E-03
  2.6824956E-03  2.0176813E-03  1.5670625E-03
  6.4006060E-02  2.2369284E-02  1.1273048E-02  6.9158874E-03  4.7032079E-03
  3.4049002E-03  2.5764082E-03  2.0108612E-03
  8.0474868E-02  2.8289970E-02  1.4352108E-02  8.8658752E-03  6.0722409E-03
  4.4278861E-03  3.3720636E-03  0.0000000E+00
  0.1032837      3.6524374E-02  1.8704217E-02  1.1659510E-02  8.0575896E-03
  5.9282645E-03  4.5541804E-03  0.0000000E+00
  0.1358424      4.8471835E-02  2.5089670E-02  1.5824703E-02  1.1063399E-02
  8.2369288E-03  6.3980804E-03  0.0000000E+00
  0.1840616      6.6430911E-02  3.4907803E-02  2.2359179E-02  1.5885323E-02
  1.2020713E-02  9.4518811E-03  0.0000000E+00
  0.2591563      9.5023997E-02  5.0921947E-02  3.3341751E-02  2.4235917E-02
  1.8734528E-02  1.4561757E-02
  0.3831776      0.1438494      7.9338215E-02  5.3649910E-02  4.0338468E-02
  3.1422075E-02
  0.6067189      0.2359182      0.1359939      9.6792117E-02  7.5473607E-02
   1.059611      0.4372316      0.2717858      0.2093205    
   2.164435       1.000000      0.7165951    
   5.918161       3.536247    
   33.29124    
   10000.00    
  4.2493060E-02  1.4748927E-02  7.3530152E-03  4.4612670E-03  3.0027758E-03
  2.1514005E-03  1.6101438E-03  1.2442594E-03
  5.1778957E-02  1.8029273E-02  9.0310378E-03  5.5059302E-03  3.7219280E-03
  2.6797883E-03  2.0138784E-03  1.5622004E-03
  6.4017162E-02  2.2382036E-02  1.1276811E-02  6.9139539E-03  4.7009843E-03
  3.4014636E-03  2.5712843E-03  2.0040374E-03
  8.0494575E-02  2.8286653E-02  1.4355287E-02  8.8670198E-03  6.0686348E-03
  4.4234167E-03  3.3636135E-03  0.0000000E+00
  0.1033056      3.6563210E-02  1.8710574E-02  1.1660358E-02  8.0519812E-03
  5.9197582E-03  4.5394902E-03  0.0000000E+00
  0.1358567      4.8473381E-02  2.5094625E-02  1.5821349E-02  1.1052233E-02
  8.2210451E-03  6.3714362E-03  0.0000000E+00
  0.1841030      6.6464804E-02  3.4897804E-02  2.2351753E-02  1.5866768E-02
  1.1985870E-02  9.3918750E-03  0.0000000E+00
  0.2591471      9.5054261E-02  5.0946254E-02  3.3333335E-02  2.4193794E-02
  1.8644966E-02  1.4360333E-02
  0.3832955      0.1439061      7.9333842E-02  5.3595759E-02  4.0196821E-02
  3.1087561E-02
  0.6068635      0.2360081      0.1359576      9.6618719E-02  7.4817061E-02
   1.059803      0.4372950      0.2715115      0.2079485    
   2.165279       1.000000      0.7133485    
   5.919758       3.525107    
   33.23240    
   100000.0    
  4.2518891E-02  1.4768262E-02  7.3602013E-03  4.4634761E-03  3.0000000E-03
  2.1473551E-03  1.6047860E-03  1.2377835E-03
  5.1788416E-02  1.8052896E-02  9.0403026E-03  5.5062971E-03  3.7178844E-03
  2.6725442E-03  2.0062972E-03  1.5531486E-03
  6.4030223E-02  2.2410579E-02  1.1287154E-02  6.9168764E-03  4.6952143E-03
  3.3929471E-03  2.5591941E-03  1.9906801E-03
  8.0554157E-02  2.8337531E-02  1.4367758E-02  8.8664982E-03  6.0629724E-03
  4.4105793E-03  3.3476071E-03  0.0000000E+00
  0.1033753      3.6599498E-02  1.8722922E-02  1.1657431E-02  8.0403024E-03
  5.8992445E-03  4.5138537E-03  0.0000000E+00
  0.1359446      4.8539046E-02  2.5110831E-02  1.5816120E-02  1.1035265E-02
  8.1889173E-03  6.3224183E-03  0.0000000E+00
  0.1842066      6.6523932E-02  3.4937028E-02  2.2340052E-02  1.5828716E-02
  1.1921914E-02  9.2821158E-03  0.0000000E+00
  0.2591940      9.5163733E-02  5.0957181E-02  3.3299748E-02  2.4110831E-02
  1.8483628E-02  1.4055416E-02
  0.3836272      0.1440302      7.9345092E-02  5.3501260E-02  3.9949622E-02
  3.0528966E-02
  0.6073048      0.2361965      0.1359194      9.6272036E-02  7.3753148E-02
   1.060705      0.4375315      0.2712846      0.2057431    
   2.167003       1.000000      0.7080605    
   5.921915       3.511335    
   33.17381    
   1000000.    
  4.2602360E-02  1.4812861E-02  7.3750312E-03  4.4662147E-03  2.9967343E-03
  2.1401658E-03  1.5948253E-03  1.2255714E-03
  5.1896509E-02  1.8103492E-02  9.0580257E-03  5.5111777E-03  3.7151470E-03
  2.6626475E-03  1.9924641E-03  1.5362973E-03
  6.4129613E-02  2.2471741E-02  1.1308717E-02  6.9178594E-03  4.6872646E-03
  3.3785480E-03  2.5395628E-03  1.9660890E-03
  8.0658123E-02  2.8409947E-02  1.4393369E-02  8.8696303E-03  6.0512433E-03
  4.3883445E-03  3.3182616E-03  0.0000000E+00
  0.1035167      3.6674201E-02  1.8751569E-02  1.1657874E-02  8.0205975E-03
  5.8653601E-03  4.4637024E-03  0.0000000E+00
  0.1361467      4.8656117E-02  2.5144435E-02  1.5810098E-02  1.0999748E-02
  8.1286104E-03  6.2346142E-03  0.0000000E+00
  0.1845014      6.6691779E-02  3.4966089E-02  2.2321025E-02  1.5762370E-02
  1.1803566E-02  9.0957042E-03  0.0000000E+00
  0.2597337      9.5378049E-02  5.0992213E-02  3.3232857E-02  2.3961315E-02
  1.8203968E-02  1.3599598E-02
  0.3843255      0.1443356      7.9402156E-02  5.3353425E-02  3.9537802E-02
  2.9691031E-02
  0.6083899      0.2366491      0.1358704      9.5679469E-02  7.2092436E-02
   1.062798      0.4383321      0.2705350      0.2022356    
   2.171314       1.000000      0.6998241    
   5.933182       3.486561    
   33.08214    
  1.0000000E+07
  4.2903546E-02  1.4895053E-02  7.4062967E-03  4.4702650E-03  2.9885059E-03
  2.1241880E-03  1.5739631E-03  1.2016492E-03
  5.2148927E-02  1.8198401E-02  9.0904552E-03  5.5147428E-03  3.7006496E-03
  2.6411796E-03  1.9642680E-03  1.5034983E-03
  6.4392805E-02  2.2581210E-02  1.1341830E-02  6.9190403E-03  4.6701650E-03
  3.3483261E-03  2.4987508E-03  1.9192904E-03
  8.0934532E-02  2.8535733E-02  1.4432784E-02  8.8655679E-03  6.0219890E-03
  4.3428284E-03  3.2583710E-03  0.0000000E+00
  0.1038231      3.6856573E-02  1.8798102E-02  1.1646677E-02  7.9760123E-03
  5.7946029E-03  4.3703150E-03  0.0000000E+00
  0.1365068      4.8850577E-02  2.5187405E-02  1.5787106E-02  1.0922039E-02
  8.0084959E-03  6.0719643E-03  0.0000000E+00
  0.1849825      6.6941530E-02  3.5032485E-02  2.2266367E-02  1.5619691E-02
  1.1576711E-02  8.7806098E-03  0.0000000E+00
  0.2603698      9.5727138E-02  5.1049478E-02  3.3108447E-02  2.3660671E-02
  1.7708646E-02  1.2913543E-02
  0.3853073      0.1448276      7.9410292E-02  5.2998502E-02  3.8755625E-02
  2.8385809E-02
  0.6101949      0.2373563      0.1356822      9.4502747E-02  6.9490254E-02
   1.065967      0.4392804      0.2688656      0.1965267    
   2.178161       1.000000      0.6859071    
   5.947026       3.448276    
   32.90855    
  1.0000000E+08
  4.5141298E-02  1.5131384E-02  7.4962815E-03  4.4967774E-03  2.9771940E-03
  2.0949431E-03  1.5349529E-03  1.1576599E-03
  5.3991076E-02  1.8435797E-02  9.1769956E-03  5.5304910E-03  3.6812096E-03
  2.6003968E-03  1.9117501E-03  1.4454635E-03
  6.5914728E-02  2.2833416E-02  1.1430343E-02  6.9286069E-03  4.6355976E-03
  3.2895389E-03  2.4271195E-03  1.8386218E-03
  8.2201295E-02  2.8829945E-02  1.4524046E-02  8.8646505E-03  5.9667826E-03
  4.2563216E-03  3.1531979E-03  0.0000000E+00
  0.1049579      3.7183937E-02  1.8896878E-02  1.1628657E-02  7.8879520E-03
  5.6618745E-03  4.2092218E-03  0.0000000E+00
  0.1376301      4.9281113E-02  2.5309866E-02  1.5738722E-02  1.0775904E-02
  7.7912747E-03  5.8056521E-03  0.0000000E+00
  0.1862668      6.7501239E-02  3.5151213E-02  2.2156669E-02  1.5354488E-02
  1.1187407E-02  8.2994541E-03  0.0000000E+00
  0.2620228      9.6455134E-02  5.1165096E-02  3.2870602E-02  2.3123452E-02
  1.6918693E-02  1.1975707E-02
  0.3877045      0.1458602      7.9449683E-02  5.2354984E-02  3.7481409E-02
  2.6549330E-02
  0.6140308      0.2388200      0.1353247      9.2488848E-02  6.5666832E-02
   1.073376      0.4412494      0.2662370      0.1879772    
   2.193357       1.000000      0.6648488    
   5.981656       3.388696    
   32.89539    
  1.0000000E+09
  5.6803718E-02  1.6735194E-02  8.0494368E-03  4.6647089E-03  2.9858053E-03
  2.0364658E-03  1.4527655E-03  1.0714635E-03
  6.4537443E-02  1.9669604E-02  9.6157612E-03  5.6534507E-03  3.6612824E-03
  2.5208029E-03  1.8091042E-03  1.3392071E-03
  7.5208023E-02  2.3803230E-02  1.1771904E-02  7.0019579E-03  4.5814975E-03
  3.1791483E-03  2.2936857E-03  1.7023984E-03
  9.0112582E-02  2.9637787E-02  1.4796867E-02  8.8888882E-03  5.8663730E-03
  4.0969159E-03  2.9711209E-03  0.0000000E+00
  0.1114293      3.7958883E-02  1.9128732E-02  1.1598140E-02  7.7214874E-03
  5.4258439E-03  3.9451788E-03  0.0000000E+00
  0.1428781      5.0122369E-02  2.5501711E-02  1.5631424E-02  1.0499266E-02
  7.4229077E-03  5.3989231E-03  0.0000000E+00
  0.1907244      6.8502203E-02  3.5340186E-02  2.1921193E-02  1.4872735E-02
  1.0565345E-02  7.6186978E-03  0.0000000E+00
  0.2665198      9.7748406E-02  5.1297113E-02  3.2354381E-02  2.2202643E-02
  1.5748899E-02  1.0778267E-02
  0.3930494      0.1476260      7.9368576E-02  5.1150270E-02  3.5462555E-02
  2.4133626E-02
  0.6218796      0.2413363      0.1344591      8.9109153E-02  6.0474794E-02
   1.086882      0.4444444      0.2616251      0.1758688    
   2.220999       1.000000      0.6338717    
   6.042584       3.299070    
   33.82281    
  1.0000000E+10
  0.1161143      2.5120076E-02  9.9231508E-03  5.0408263E-03  2.9466860E-03
  1.8832852E-03  1.2807397E-03  9.1162341E-04
  0.1144813      2.7521614E-02  1.1479347E-02  6.0230549E-03  3.5951009E-03
  2.3318925E-03  1.6018251E-03  1.1476945E-03
  0.1166426      3.0715657E-02  1.3520653E-02  7.3342938E-03  4.4740634E-03
  2.9418829E-03  2.0408260E-03  1.4702210E-03
  0.1252642      3.5278577E-02  1.6308837E-02  9.1330456E-03  5.6892410E-03
  3.7944284E-03  2.6536982E-03  0.0000000E+00
  0.1425312      4.2267051E-02  2.0307397E-02  1.1697887E-02  7.4279541E-03
  5.0168107E-03  3.5278578E-03  0.0000000E+00
  0.1707493      5.3314120E-02  2.6344862E-02  1.5528338E-02  1.0024016E-02
  6.8347743E-03  4.8150816E-03  0.0000000E+00
  0.2148175      7.1085490E-02  3.5830934E-02  2.1524975E-02  1.4082612E-02
  9.6517773E-03  6.7387125E-03  0.0000000E+00
  0.2862632      0.1003122      5.1512968E-02  3.1460132E-02  2.0797309E-02
  1.4193083E-02  9.3828049E-03
  0.4101825      0.1507445      7.9130642E-02  4.9183477E-02  3.2636885E-02
  2.1253601E-02
  0.6397694      0.2454371      0.1328050      8.4149852E-02  5.4058596E-02
   1.112872      0.4498079      0.2540826      0.1603506    
   2.271133       1.000000      0.5926993    
   6.152738       3.182037    
   35.56676    
