   100.0000    
  3.6147356E-02  1.3110236E-02  7.0866141E-03  4.7710910E-03  3.6102363E-03
  2.9358831E-03  2.5067492E-03  2.2193477E-03
  4.3526433E-02  1.5877390E-02  8.6614173E-03  5.8886390E-03  4.5028124E-03
  3.7052869E-03  3.2064118E-03  2.8830147E-03
  5.3172104E-02  1.9533183E-02  1.0764904E-02  7.4071996E-03  5.7424074E-03
  4.7947131E-03  4.2221597E-03  3.8757031E-03
  6.6085495E-02  2.4482565E-02  1.3667042E-02  9.5388079E-03  7.5196852E-03
  6.4060744E-03  5.7705287E-03  0.0000000E+00
  8.3802029E-02  3.1383578E-02  1.7795276E-02  1.2654668E-02  1.0196851E-02
  8.9145107E-03  8.3070863E-03  0.0000000E+00
  0.1089426      4.1361082E-02  2.3931384E-02  1.7435320E-02  1.4471317E-02
  1.3149606E-02  1.2879640E-02  0.0000000E+00
  0.1460630      5.6467943E-02  3.3532061E-02  2.5264343E-02  2.1906637E-02
  2.1107987E-02  2.2424072E-02  0.0000000E+00
  0.2035996      8.0652423E-02  4.9696289E-02  3.9336331E-02  3.6541060E-02
  3.8925759E-02  4.6614174E-02
  0.2988189      0.1226659      7.9808779E-02  6.8447694E-02  7.1934760E-02
  9.0776153E-02
  0.4709224      0.2042182      0.1454443      0.1449944      0.1928571    
  0.8239595      0.3930259      0.3350394      0.4618673    
   1.708099       1.000000       1.326772    
   4.971316       5.273341    
   40.54556    
   1000.000    
  3.6116071E-02  1.3113840E-02  7.0926338E-03  4.7734375E-03  3.6116070E-03
  2.9358258E-03  2.5050223E-03  2.2154017E-03
  4.3487720E-02  1.5881695E-02  8.6662946E-03  5.8872765E-03  4.5044641E-03
  3.7047991E-03  3.2036828E-03  2.8766741E-03
  5.3125001E-02  1.9536830E-02  1.0770090E-02  7.4107139E-03  5.7421876E-03
  4.7935266E-03  4.2170756E-03  3.8638392E-03
  6.6015624E-02  2.4481025E-02  1.3671875E-02  9.5424103E-03  7.5223213E-03
  6.4006695E-03  5.7645091E-03  0.0000000E+00
  8.3705358E-02  3.1383928E-02  1.7801339E-02  1.2661831E-02  1.0195313E-02
  8.9118304E-03  8.2868300E-03  0.0000000E+00
  0.1088170      4.1356027E-02  2.3934152E-02  1.7438617E-02  1.4469866E-02
  1.3130579E-02  1.2818080E-02  0.0000000E+00
  0.1459263      5.6473214E-02  3.3543527E-02  2.5273437E-02  2.1897322E-02
  2.1049106E-02  2.2204239E-02  0.0000000E+00
  0.2034040      8.0636166E-02  4.9709823E-02  3.9341517E-02  3.6489956E-02
  3.8655136E-02  4.5362722E-02
  0.2986049      0.1226562      7.9799108E-02  6.8415172E-02  7.1595982E-02
  8.8727675E-02
  0.4705915      0.2041853      0.1454241      0.1446429      0.1892299    
  0.8231027      0.3930804      0.3346540      0.4549107    
   1.707589       1.000000       1.311384    
   4.969308       5.228795    
   40.30134    
   10000.00    
  3.6128856E-02  1.3133260E-02  7.1090306E-03  4.7835908E-03  3.6183922E-03
  2.9388766E-03  2.5038547E-03  2.2087004E-03
  4.3496698E-02  1.5903084E-02  8.6839208E-03  5.9030843E-03  4.5126653E-03
  3.7075991E-03  3.2004404E-03  2.8650882E-03
  5.3138766E-02  1.9564979E-02  1.0792952E-02  7.4229077E-03  5.7488987E-03
  4.7957050E-03  4.2092511E-03  3.8425110E-03
  6.6024229E-02  2.4520924E-02  1.3700441E-02  9.5649781E-03  7.5330399E-03
  6.3986788E-03  5.7433923E-03  0.0000000E+00
  8.3755508E-02  3.1431720E-02  1.7835904E-02  1.2681718E-02  1.0209251E-02
  8.9041851E-03  8.2433922E-03  0.0000000E+00
  0.1088656      4.1420706E-02  2.3981279E-02  1.7472466E-02  1.4482379E-02
  1.3100221E-02  1.2709251E-02  0.0000000E+00
  0.1459802      5.6552865E-02  3.3606827E-02  2.5313878E-02  2.1894274E-02
  2.0941630E-02  2.1806169E-02  0.0000000E+00
  0.2034692      8.0781937E-02  4.9801763E-02  3.9383259E-02  3.6415201E-02
  3.8166299E-02  4.3452643E-02
  0.2987335      0.1228524      7.9955943E-02  6.8392068E-02  7.1035244E-02
  8.5517623E-02
  0.4708150      0.2045154      0.1455947      0.1440529      0.1835903    
  0.8237886      0.3936674      0.3342511      0.4440529    
   1.708700       1.000000       1.287445    
   4.973568       5.161344    
   39.94493    
   100000.0    
  3.6127821E-02  1.3163265E-02  7.1267453E-03  4.7975294E-03  3.6251340E-03
  2.9377013E-03  2.4940923E-03  2.1890439E-03
  4.3496240E-02  1.5939850E-02  8.7056924E-03  5.9183673E-03  4.5193341E-03
  3.7046187E-03  3.1847476E-03  2.8340495E-03
  5.3136412E-02  1.9607948E-02  1.0821697E-02  7.4436092E-03  5.7572504E-03
  4.7883992E-03  4.1831364E-03  3.7889367E-03
  6.6004299E-02  2.4570353E-02  1.3737916E-02  9.5864655E-03  7.5349086E-03
  6.3856072E-03  5.6981738E-03  0.0000000E+00
  8.3727174E-02  3.1493019E-02  1.7883996E-02  1.2712138E-02  1.0209452E-02
  8.8668093E-03  8.1471540E-03  0.0000000E+00
  0.1088614      4.1503761E-02  2.4044037E-02  1.7502684E-02  1.4468313E-02
  1.3012890E-02  1.2465091E-02  0.0000000E+00
  0.1459721      5.6659505E-02  3.3689581E-02  2.5349088E-02  2.1836735E-02
  2.0687433E-02  2.1074114E-02  0.0000000E+00
  0.2034909      8.0934472E-02  4.9914073E-02  3.9403863E-02  3.6186896E-02
  3.7223414E-02  4.0644471E-02
  0.2987648      0.1230934      8.0128886E-02  6.8259932E-02  6.9871105E-02
  8.0719650E-02
  0.4709989      0.2049409      0.1457572      0.1426960      0.1748657    
  0.8243824      0.3943609      0.3329753      0.4270139    
   1.710526       1.000000       1.249194    
   4.976369       5.051021    
   39.36090    
   1000000.    
  3.6246140E-02  1.3249228E-02  7.1781669E-03  4.8269825E-03  3.6374871E-03
  2.9335737E-03  2.4721937E-03  2.1477859E-03
  4.3619979E-02  1.6035017E-02  8.7641608E-03  5.9526265E-03  4.5314110E-03
  3.6946447E-03  3.1503604E-03  2.7703398E-03
  5.3244077E-02  1.9721936E-02  1.0890834E-02  7.4819778E-03  5.7672500E-03
  4.7682803E-03  4.1256440E-03  3.6843461E-03
  6.6168897E-02  2.4711637E-02  1.3820804E-02  9.6292477E-03  7.5437692E-03
  6.3439752E-03  5.5973227E-03  0.0000000E+00
  8.3934084E-02  3.1668384E-02  1.7991761E-02  1.2765191E-02  1.0205973E-02
  8.7847579E-03  7.9454174E-03  0.0000000E+00
  0.1091143      4.1730173E-02  2.4181256E-02  1.7564366E-02  1.4433574E-02
  1.2826983E-02  1.2023687E-02  0.0000000E+00
  0.1462925      5.6951597E-02  3.3872295E-02  2.5406796E-02  2.1704430E-02
  2.0200824E-02  1.9891866E-02  0.0000000E+00
  0.2040165      8.1359424E-02  5.0164778E-02  3.9412979E-02  3.5720907E-02
  3.5638519E-02  3.6735322E-02
  0.2995366      0.1237384      8.0432542E-02  6.7971162E-02  6.7816682E-02
  7.3892891E-02
  0.4723481      0.2059732      0.1459835      0.1402678      0.1623069    
  0.8269825      0.3960865      0.3306900      0.4019568    
   1.716272       1.000000       1.192585    
   4.990217       4.889804    
   38.53244    
  1.0000000E+07
  3.6813818E-02  1.3435701E-02  7.2840690E-03  4.8848367E-03  3.6569098E-03
  2.9174665E-03  2.4227449E-03  2.0652590E-03
  4.4136275E-02  1.6247600E-02  8.8819582E-03  6.0124760E-03  4.5441459E-03
  3.6621881E-03  3.0724569E-03  2.6453934E-03
  5.3742804E-02  1.9961612E-02  1.1026871E-02  7.5479848E-03  5.7725525E-03
  4.7096931E-03  4.0009599E-03  3.4880040E-03
  6.6698655E-02  2.5000000E-02  1.3977927E-02  9.6976962E-03  7.5287907E-03
  6.2380037E-03  5.3838771E-03  0.0000000E+00
  8.4500961E-02  3.2024954E-02  1.8181382E-02  1.2835892E-02  1.0158349E-02
  8.5892510E-03  7.5671785E-03  0.0000000E+00
  0.1098369      4.2188101E-02  2.4424184E-02  1.7634356E-02  1.4304223E-02
  1.2432822E-02  1.1257198E-02  0.0000000E+00
  0.1472169      5.7581574E-02  3.4184262E-02  2.5446257E-02  2.1372361E-02
  1.9294625E-02  1.8090213E-02  0.0000000E+00
  0.2053263      8.2245685E-02  5.0575815E-02  3.9309021E-02  3.4755278E-02
  3.3095010E-02  3.1641074E-02
  0.3015835      0.1250000      8.0902115E-02  6.7226484E-02  6.4347409E-02
  6.4779274E-02
  0.4757198      0.2079654      0.1461132      0.1358445      0.1450576    
  0.8330134      0.3991843      0.3261516      0.3667946    
   1.730326       1.000000       1.111804    
   5.019194       4.658350    
   37.40403    
  1.0000000E+08
  4.0218227E-02  1.4026530E-02  7.6422761E-03  5.0919983E-03  3.7466837E-03
  2.9148480E-03  2.3470260E-03  1.9328197E-03
  4.7068890E-02  1.6812151E-02  9.2126653E-03  6.1874194E-03  4.5956355E-03
  3.6131791E-03  2.9396662E-03  2.4441590E-03
  5.6268718E-02  2.0547710E-02  1.1343603E-02  7.6936241E-03  5.7809157E-03
  4.5999144E-03  3.7830551E-03  3.1775779E-03
  6.8934530E-02  2.5648266E-02  1.4313223E-02  9.8288404E-03  7.4839541E-03
  6.0333759E-03  5.0278134E-03  0.0000000E+00
  8.6606756E-02  3.2785621E-02  1.8553700E-02  1.2939666E-02  1.0021395E-02
  8.2156612E-03  6.9533591E-03  0.0000000E+00
  0.1120240      4.3132219E-02  2.4852375E-02  1.7693624E-02  1.4000855E-02
  1.1724433E-02  1.0115532E-02  0.0000000E+00
  0.1498074      5.8793325E-02  3.4702606E-02  2.5395807E-02  2.0684637E-02
  1.7817715E-02  1.5686776E-02  0.0000000E+00
  0.2087291      8.3910994E-02  5.1176719E-02  3.8925976E-02  3.3029523E-02
  2.9503636E-02  2.5857937E-02
  0.3065468      0.1274711      8.1557550E-02  6.5639704E-02  5.9092849E-02
  5.4086436E-02
  0.4835258      0.2116816      0.1459563      0.1287120      0.1241763    
  0.8476679      0.4047497      0.3183141      0.3228498    
   1.760376       1.000000       1.008986    
   5.083440       4.364570    
   36.33290    
  1.0000000E+09
  5.5911679E-02  1.8717948E-02  9.8789176E-03  6.1431625E-03  4.1773506E-03
  3.0074785E-03  2.2564102E-03  1.7453703E-03
  6.0576919E-02  2.0302705E-02  1.1014957E-02  7.0584044E-03  4.9252138E-03
  3.6253559E-03  2.7674502E-03  2.1695157E-03
  6.8447292E-02  2.3169516E-02  1.2767094E-02  8.3760684E-03  5.9829061E-03
  4.4907406E-03  3.4857548E-03  2.7678064E-03
  7.9878911E-02  2.7752848E-02  1.5445156E-02  1.0320513E-02  7.5213672E-03
  5.7514245E-03  4.5334757E-03  0.0000000E+00
  9.6296296E-02  3.4697294E-02  1.9504987E-02  1.3251425E-02  9.8397434E-03
  7.6602567E-03  6.1253561E-03  0.0000000E+00
  0.1206197      4.5121081E-02  2.5730059E-02  1.7802708E-02  1.3482906E-02
  1.0687322E-02  8.6680911E-03  0.0000000E+00
  0.1579060      6.1146721E-02  3.5573363E-02  2.5195869E-02  1.9533476E-02
  1.5801281E-02  1.2938034E-02  0.0000000E+00
  0.2173433      8.6965814E-02  5.2065529E-02  3.8069800E-02  3.0409543E-02
  2.5124645E-02  2.0113960E-02
  0.3174857      0.1317308      8.2229346E-02  6.2856130E-02  5.2243590E-02
  4.3055557E-02
  0.5000000      0.2179843      0.1450142      0.1185897      0.1017450    
  0.8760684      0.4138176      0.3061966      0.2738248    
   1.818020       1.000000      0.8903134    
   5.210114       4.024217    
   36.25356    
  1.0000000E+10
  0.1802495      3.9899126E-02  1.5590657E-02  7.8869127E-03  4.6217153E-03
  2.9731882E-03  2.0432705E-03  1.4725246E-03
  0.1567030      4.0323865E-02  1.6883463E-02  8.9089470E-03  5.3729760E-03
  3.5333158E-03  2.4669501E-03  1.8006371E-03
  0.1380674      4.0934432E-02  1.8513406E-02  1.0244226E-02  6.3817361E-03
  4.2978502E-03  3.0554819E-03  2.2609504E-03
  0.1298381      4.2314839E-02  2.0687550E-02  1.2049376E-02  7.7807279E-03
  5.3782850E-03  3.8970006E-03  0.0000000E+00
  0.1350942      4.5686223E-02  2.3889037E-02  1.4640298E-02  9.8088672E-03
  6.9657555E-03  5.1446776E-03  0.0000000E+00
  0.1545262      5.3066105E-02  2.9068224E-02  1.8632866E-02  1.2933369E-02
  9.4239451E-03  7.0772502E-03  0.0000000E+00
  0.1893284      6.7268386E-02  3.7961245E-02  2.5213698E-02  1.8059464E-02
  1.3461640E-02  1.0188479E-02  0.0000000E+00
  0.2465092      9.2699766E-02  5.3623576E-02  3.6766656E-02  2.7103798E-02
  2.0501727E-02  1.5035838E-02
  0.3456331      0.1384391      8.2771435E-02  5.8773562E-02  4.4438548E-02
  3.2970533E-02
  0.5327847      0.2270773      0.1426334      0.1059729      8.0302633E-02
  0.9254048      0.4258030      0.2893550      0.2247412    
   1.912397       1.000000      0.7669233    
   5.410141       3.671357    
   36.10300    
