   100.0000    
  3.7337881E-02  1.3472696E-02  7.1988050E-03  4.7593853E-03  3.5204776E-03
  2.7849828E-03  2.3037542E-03  1.9675766E-03
  4.5093857E-02  1.6356654E-02  8.8054603E-03  5.8754263E-03  4.3856655E-03
  3.5034129E-03  2.9283275E-03  2.5307166E-03
  5.5247437E-02  2.0170648E-02  1.0964164E-02  7.3899310E-03  5.5784979E-03
  4.5110919E-03  3.8216722E-03  3.3532423E-03
  6.8839587E-02  2.5332764E-02  1.3933446E-02  9.5136510E-03  7.2824229E-03
  5.9820814E-03  5.1595559E-03  0.0000000E+00
  8.7542661E-02  3.2534126E-02  1.8148463E-02  1.2593856E-02  9.8208189E-03
  8.2389070E-03  7.2841300E-03  0.0000000E+00
  0.1140785      4.2935152E-02  2.4394197E-02  1.7295221E-02  1.3822525E-02
  1.1945392E-02  1.0947099E-02  0.0000000E+00
  0.1532423      5.8660407E-02  3.4129690E-02  2.4906142E-02  2.0631399E-02
  1.8634813E-02  1.8054608E-02  0.0000000E+00
  0.2140785      8.3831057E-02  5.0409552E-02  3.8370304E-02  3.3558022E-02
  3.2568261E-02  3.3856653E-02
  0.3145904      0.1273891      8.0383956E-02  6.5392487E-02  6.2738903E-02
  6.7977808E-02
  0.4960751      0.2113481      0.1443686      0.1322526      0.1494880    
  0.8677474      0.4034129      0.3201365      0.3722696    
   1.793515       1.000000       1.117747    
   5.146758       4.675767    
   37.72184    
   1000.000    
  3.7346940E-02  1.3486395E-02  7.2040819E-03  4.7627552E-03  3.5221088E-03
  2.7848638E-03  2.3018708E-03  1.9642857E-03
  4.5093536E-02  1.6369049E-02  8.8180266E-03  5.8792518E-03  4.3877549E-03
  3.5025510E-03  2.9260204E-03  2.5255100E-03
  5.5255100E-02  2.0178569E-02  1.0969387E-02  7.3954081E-03  5.5807820E-03
  4.5102038E-03  3.8180272E-03  3.3452380E-03
  6.8852037E-02  2.5348639E-02  1.3937075E-02  9.5153060E-03  7.2840136E-03
  5.9795915E-03  5.1513608E-03  0.0000000E+00
  8.7585032E-02  3.2551020E-02  1.8163266E-02  1.2602041E-02  9.8214289E-03
  8.2329931E-03  7.2678574E-03  0.0000000E+00
  0.1141156      4.2959183E-02  2.4404762E-02  1.7295917E-02  1.3818027E-02
  1.1930272E-02  1.0909864E-02  0.0000000E+00
  0.1532313      5.8698978E-02  3.4149662E-02  2.4914965E-02  2.0620748E-02
  1.8596938E-02  1.7925169E-02  0.0000000E+00
  0.2140306      8.3877556E-02  5.0433673E-02  3.8375851E-02  3.3520408E-02
  3.2406464E-02  3.3239793E-02
  0.3146259      0.1274660      8.0425166E-02  6.5382652E-02  6.2542513E-02
  6.6938780E-02
  0.4961735      0.2114796      0.1443878      0.1320578      0.1476190    
  0.8673469      0.4036565      0.3199830      0.3687075    
   1.794218       1.000000       1.109694    
   5.148809       4.653912    
   37.60204    
   10000.00    
  3.7347976E-02  1.3496622E-02  7.2128382E-03  4.7677364E-03  3.5236487E-03
  2.7837839E-03  2.2972974E-03  1.9569260E-03
  4.5101352E-02  1.6385136E-02  8.8260137E-03  5.8842911E-03  4.3885135E-03
  3.5000003E-03  2.9189191E-03  2.5135137E-03
  5.5261828E-02  2.0202704E-02  1.0988176E-02  7.4011828E-03  5.5819261E-03
  4.5059128E-03  3.8065880E-03  3.3251690E-03
  6.8859801E-02  2.5371624E-02  1.3952703E-02  9.5270276E-03  7.2846287E-03
  5.9712841E-03  5.1326016E-03  0.0000000E+00
  8.7584466E-02  3.2584462E-02  1.8175676E-02  1.2609798E-02  9.8226350E-03
  8.2170609E-03  7.2305743E-03  0.0000000E+00
  0.1141047      4.2998310E-02  2.4434123E-02  1.7305743E-02  1.3809122E-02
  1.1891892E-02  1.0827703E-02  0.0000000E+00
  0.1532939      5.8750007E-02  3.4180745E-02  2.4923988E-02  2.0591218E-02
  1.8496621E-02  1.7677367E-02  0.0000000E+00
  0.2141047      8.3952710E-02  5.0481420E-02  3.8369931E-02  3.3429056E-02
  3.2077704E-02  3.2221284E-02
  0.3146960      0.1275338      8.0481425E-02  6.5320954E-02  6.2128384E-02
  6.5211147E-02
  0.4962838      0.2116554      0.1444257      0.1315878      0.1445101    
  0.8682433      0.4039696      0.3194257      0.3625845    
   1.794764       1.000000       1.096284    
   5.150338       4.614020    
   37.39021    
   100000.0    
  3.7395656E-02  1.3539231E-02  7.2345575E-03  4.7796327E-03  3.5275458E-03
  2.7813022E-03  2.2888146E-03  1.9415693E-03
  4.5158595E-02  1.6427379E-02  8.8480795E-03  5.8981637E-03  4.3931552E-03
  3.4958264E-03  2.9056761E-03  2.4908180E-03
  5.5317197E-02  2.0258764E-02  1.1018364E-02  7.4173626E-03  5.5851419E-03
  4.4974955E-03  3.7854759E-03  3.2879799E-03
  6.8931557E-02  2.5442403E-02  1.3989984E-02  9.5409015E-03  7.2863107E-03
  5.9557594E-03  5.0951587E-03  0.0000000E+00
  8.7646075E-02  3.2662772E-02  1.8222036E-02  1.2629382E-02  9.8163607E-03
  8.1853084E-03  7.1594319E-03  0.0000000E+00
  0.1141903      4.3105174E-02  2.4490817E-02  1.7337227E-02  1.3797997E-02
  1.1828046E-02  1.0667779E-02  0.0000000E+00
  0.1535058      5.8889817E-02  3.4265440E-02  2.4949918E-02  2.0542571E-02
  1.8322203E-02  1.7245410E-02  0.0000000E+00
  0.2143573      8.4140234E-02  5.0584305E-02  3.8380634E-02  3.3255424E-02
  3.1502504E-02  3.0726211E-02
  0.3151085      0.1277963      8.0617689E-02  6.5217026E-02  6.1377294E-02
  6.2604345E-02
  0.4969950      0.2121035      0.1445743      0.1306344      0.1397329    
  0.8689482      0.4047579      0.3186144      0.3530885    
   1.797997       1.000000       1.075125    
   5.157763       4.553422    
   37.08681    
   1000000.    
  3.7491828E-02  1.3602941E-02  7.2687911E-03  4.7957515E-03  3.5302287E-03
  2.7712418E-03  2.2671567E-03  1.9076797E-03
  4.5253266E-02  1.6511437E-02  8.8888891E-03  5.9158499E-03  4.3929741E-03
  3.4803920E-03  2.8733660E-03  2.4403594E-03
  5.5433005E-02  2.0343138E-02  1.1062091E-02  7.4362750E-03  5.5825161E-03
  4.4714054E-03  3.7352943E-03  3.2099672E-03
  6.9060460E-02  2.5547387E-02  1.4052288E-02  9.5669935E-03  7.2761439E-03
  5.9117652E-03  5.0122547E-03  0.0000000E+00
  8.7826796E-02  3.2802287E-02  1.8292485E-02  1.2655228E-02  9.7957524E-03
  8.1062093E-03  7.0089875E-03  0.0000000E+00
  0.1144608      4.3276142E-02  2.4575163E-02  1.7352941E-02  1.3741829E-02
  1.1666667E-02  1.0359477E-02  0.0000000E+00
  0.1537582      5.9117649E-02  3.4370914E-02  2.4950981E-02  2.0408498E-02
  1.7957516E-02  1.6495097E-02  0.0000000E+00
  0.2147876      8.4477127E-02  5.0727125E-02  3.8325164E-02  3.2867648E-02
  3.0449348E-02  2.8496733E-02
  0.3157680      0.1282680      8.0776140E-02  6.4893790E-02  5.9950981E-02
  5.8643792E-02
  0.4981209      0.2128268      0.1445262      0.1288399      0.1322712    
  0.8709151      0.4058006      0.3167484      0.3379902    
   1.802288       1.000000       1.040033    
   5.167484       4.453432    
   36.57680    
  1.0000000E+07
  3.8004730E-02  1.3761830E-02  7.3533119E-03  4.8351735E-03  3.5370663E-03
  2.7515772E-03  2.2247634E-03  1.8446372E-03
  4.5733441E-02  1.6687697E-02  8.9826500E-03  5.9558363E-03  4.3935329E-03
  3.4471608E-03  2.8099369E-03  2.3485804E-03
  5.5891167E-02  2.0559937E-02  1.1167193E-02  7.4771293E-03  5.5733440E-03
  4.4171927E-03  3.6372240E-03  3.0686120E-03
  6.9542587E-02  2.5796529E-02  1.4171925E-02  9.6056778E-03  7.2507891E-03
  5.8209780E-03  4.8541008E-03  0.0000000E+00
  8.8328078E-02  3.3107255E-02  1.8438485E-02  1.2689275E-02  9.7397473E-03
  7.9495264E-03  6.7350157E-03  0.0000000E+00
  0.1150631      4.3675080E-02  2.4755521E-02  1.7381703E-02  1.3619874E-02
  1.1364353E-02  9.8343845E-03  0.0000000E+00
  0.1546530      5.9637226E-02  3.4597792E-02  2.4944793E-02  2.0126183E-02
  1.7302839E-02  1.5323343E-02  0.0000000E+00
  0.2160095      8.5173495E-02  5.1009465E-02  3.8186118E-02  3.2129336E-02
  2.8753942E-02  2.5457414E-02
  0.3175867      0.1293375      8.1072554E-02  6.4250790E-02  5.7547316E-02
  5.3123027E-02
  0.5011829      0.2144322      0.1445584      0.1257098      0.1216877    
  0.8769717      0.4082808      0.3133281      0.3160095    
   1.814669       1.000000      0.9889590    
   5.194006       4.307571    
   35.89117    
  1.0000000E+08
  4.1116904E-02  1.4259122E-02  7.6247212E-03  4.9791513E-03  3.5867463E-03
  2.7319435E-03  2.1548772E-03  1.7393895E-03
  4.8376769E-02  1.7170513E-02  9.2405062E-03  6.0752048E-03  4.4147433E-03
  3.3931497E-03  2.6984364E-03  2.1943410E-03
  5.8145944E-02  2.1057336E-02  1.1414743E-02  7.5800447E-03  5.5606849E-03
  4.3164557E-03  3.4646315E-03  2.8391662E-03
  7.1526438E-02  2.6351452E-02  1.4430379E-02  9.6872672E-03  7.1935966E-03
  5.6478037E-03  4.5807892E-03  0.0000000E+00
  9.0245716E-02  3.3760238E-02  1.8726731E-02  1.2747580E-02  9.6053611E-03
  7.6470589E-03  6.2799701E-03  0.0000000E+00
  0.1170514      4.4475056E-02  2.5093075E-02  1.7401341E-02  1.3358154E-02
  1.0819063E-02  9.0096798E-03  0.0000000E+00
  0.1568876      6.0685031E-02  3.4996279E-02  2.4862250E-02  1.9560685E-02
  1.6217424E-02  1.3678333E-02  0.0000000E+00
  0.2189873      8.6597167E-02  5.1466867E-02  3.7825763E-02  3.0804170E-02
  2.6232315E-02  2.1749815E-02
  0.3219658      0.1314222      8.1533879E-02  6.2956072E-02  5.3775135E-02
  4.6150412E-02
  0.5081906      0.2174982      0.1443038      0.1204021      0.1078183    
  0.8897989      0.4128072      0.3072971      0.2864483    
   1.840655       1.000000      0.9188384    
   5.250931       4.107223    
   35.25689    
  1.0000000E+09
  5.5848036E-02  1.7971506E-02  9.3080057E-03  5.7252375E-03  3.8595658E-03
  2.7578019E-03  2.0529171E-03  1.5746270E-03
  6.1261874E-02  1.9966079E-02  1.0597015E-02  6.6886027E-03  4.6112621E-03
  3.3561736E-03  2.5345997E-03  1.9654003E-03
  6.9674358E-02  2.3188604E-02  1.2489824E-02  8.0461334E-03  5.6580734E-03
  4.1879239E-03  3.2055632E-03  2.5115332E-03
  8.1750341E-02  2.8093623E-02  1.5291723E-02  1.0013568E-02  7.1641789E-03
  5.3853462E-03  4.1736769E-03  0.0000000E+00
  9.9050201E-02  3.5352781E-02  1.9450475E-02  1.2937585E-02  9.4029857E-03
  7.1777478E-03  5.6261872E-03  0.0000000E+00
  0.1246947      4.6139758E-02  2.5746269E-02  1.7415196E-02  1.2883311E-02
  9.9796476E-03  7.9036634E-03  0.0000000E+00
  0.1639077      6.2632293E-02  3.5630938E-02  2.4613298E-02  1.8588874E-02
  1.4633650E-02  1.1648575E-02  0.0000000E+00
  0.2263229      8.9145184E-02  5.2082770E-02  3.7014924E-02  2.8683852E-02
  2.2937585E-02  1.7706919E-02
  0.3311397      0.1348711      8.1886023E-02  6.0583446E-02  4.8487112E-02
  3.8290367E-02
  0.5218453      0.2225916      0.1432157      0.1123474      9.1587521E-02
  0.9131615      0.4198100      0.2972863      0.2504749    
   1.888738       1.000000      0.8310719    
   5.354817       3.855495    
   35.52239    
  1.0000000E+10
  0.1623171      3.5465185E-02  1.3926273E-02  7.0743128E-03  4.1562319E-03
  2.6781743E-03  1.8396723E-03  1.3247513E-03
  0.1452896      3.6459919E-02  1.5313048E-02  8.1100063E-03  4.8976005E-03
  3.2211819E-03  2.2475130E-03  1.6372147E-03
  0.1324751      3.7811585E-02  1.7080164E-02  9.4616730E-03  5.8923345E-03
  3.9648917E-03  2.8121709E-03  2.0731422E-03
  0.1286717      4.0105324E-02  1.9444119E-02  1.1293154E-02  7.2732596E-03
  5.0093620E-03  3.6143942E-03  0.0000000E+00
  0.1366881      4.4499706E-02  2.2902282E-02  1.3926273E-02  9.2685781E-03
  6.5359860E-03  4.7946167E-03  0.0000000E+00
  0.1577531      5.2867174E-02  2.8373320E-02  1.7946167E-02  1.2322996E-02
  8.8882390E-03  6.6003511E-03  0.0000000E+00
  0.1939731      6.7934461E-02  3.7495609E-02  2.4488006E-02  1.7279111E-02
  1.2691633E-02  9.4616730E-03  0.0000000E+00
  0.2534816      9.4148621E-02  5.3294327E-02  3.5816267E-02  2.5892336E-02
  1.9221768E-02  1.3803394E-02
  0.3568169      0.1407841      8.2270339E-02  5.7068460E-02  4.2135753E-02
  3.0479813E-02
  0.5511996      0.2306027      0.1410767      0.1019310      7.4839085E-02
  0.9572849      0.4303686      0.2830895      0.2117027    
   1.973084       1.000000      0.7325922    
   5.536571       3.575190    
   35.93330    
