   100.0000    
  3.7841018E-02  1.3621196E-02  7.2374875E-03  4.7487733E-03  3.4789008E-03
  2.7222766E-03  2.2247301E-03  1.8753679E-03
  4.5750733E-02  1.6555445E-02  8.8616293E-03  5.8616288E-03  4.3316977E-03
  3.4200195E-03  2.8213935E-03  2.4033366E-03
  5.6113835E-02  2.0421982E-02  1.1040235E-02  7.3729143E-03  5.5053975E-03
  4.3954854E-03  3.6712463E-03  3.1707555E-03
  7.0009805E-02  2.5672227E-02  1.4023553E-02  9.4857709E-03  7.1776249E-03
  5.8135423E-03  4.9342494E-03  0.0000000E+00
  8.9106962E-02  3.2993130E-02  1.8272817E-02  1.2551521E-02  9.6594701E-03
  7.9764472E-03  6.9214911E-03  0.0000000E+00
  0.1161923      4.3581944E-02  2.4553483E-02  1.7212953E-02  1.3552502E-02
  1.1491658E-02  1.0294406E-02  0.0000000E+00
  0.1563297      5.9558388E-02  3.4337584E-02  2.4730127E-02  2.0117762E-02
  1.7762512E-02  1.6702648E-02  0.0000000E+00
  0.2184494      8.5122667E-02  5.0647691E-02  3.7939154E-02  3.2443572E-02
  3.0510304E-02  3.0353285E-02
  0.3212954      0.1292444      8.0549553E-02  6.4190380E-02  5.9646711E-02
  6.1550539E-02
  0.5067713      0.2142296      0.1438665      0.1277723      0.1369970    
  0.8859666      0.4076545      0.3147203      0.3458292    
   1.829244       1.000000       1.054956    
   5.222767       4.497547    
   36.92836    
   1000.000    
  3.7837576E-02  1.3630137E-02  7.2407047E-03  4.7504893E-03  3.4794521E-03
  2.7211350E-03  2.2221135E-03  1.8718201E-03
  4.5743641E-02  1.6555773E-02  8.8649709E-03  5.8639925E-03  4.3317028E-03
  3.4178083E-03  2.8180040E-03  2.3982388E-03
  5.6105677E-02  2.0430529E-02  1.1037182E-02  7.3747556E-03  5.5048927E-03
  4.3923683E-03  3.6663406E-03  3.1614483E-03
  6.9990218E-02  2.5684932E-02  1.4031311E-02  9.4882585E-03  7.1761254E-03
  5.8091981E-03  4.9256361E-03  0.0000000E+00
  8.9099802E-02  3.3003915E-02  1.8277887E-02  1.2553817E-02  9.6565560E-03
  7.9677105E-03  6.9050882E-03  0.0000000E+00
  0.1162427      4.3591000E-02  2.4559688E-02  1.7211352E-02  1.3542075E-02
  1.1477496E-02  1.0264188E-02  0.0000000E+00
  0.1562622      5.9569474E-02  3.4344424E-02  2.4735812E-02  2.0107633E-02
  1.7720157E-02  1.6585128E-02  0.0000000E+00
  0.2183953      8.5146777E-02  5.0655577E-02  3.7935421E-02  3.2407049E-02
  3.0371821E-02  2.9843444E-02
  0.3212329      0.1292564      8.0567516E-02  6.4158514E-02  5.9461839E-02
  6.0704503E-02
  0.5067515      0.2142857      0.1438356      0.1275930      0.1354207    
  0.8860078      0.4077300      0.3144814      0.3428572    
   1.829746       1.000000       1.047945    
   5.223092       4.478474    
   36.82975    
   10000.00    
  3.7830740E-02  1.3628405E-02  7.2441632E-03  4.7509731E-03  3.4776265E-03
  2.7178987E-03  2.2159533E-03  1.8638133E-03
  4.5729574E-02  1.6566148E-02  8.8696508E-03  5.8647860E-03  4.3297666E-03
  3.4134241E-03  2.8093385E-03  2.3861867E-03
  5.6089494E-02  2.0437744E-02  1.1040856E-02  7.3754867E-03  5.5019455E-03
  4.3852138E-03  3.6536965E-03  3.1429962E-03
  6.9970816E-02  2.5690662E-02  1.4036966E-02  9.4883265E-03  7.1712062E-03
  5.7966928E-03  4.9046692E-03  0.0000000E+00
  8.9066148E-02  3.3015564E-02  1.8287938E-02  1.2548639E-02  9.6478602E-03
  7.9474710E-03  6.8677044E-03  0.0000000E+00
  0.1161479      4.3599222E-02  2.4571985E-02  1.7208172E-02  1.3531129E-02
  1.1439689E-02  1.0184824E-02  0.0000000E+00
  0.1562257      5.9591439E-02  3.4357976E-02  2.4717899E-02  2.0068094E-02
  1.7626461E-02  1.6371597E-02  0.0000000E+00
  0.2183852      8.5165374E-02  5.0671209E-02  3.7908562E-02  3.2295719E-02
  3.0077823E-02  2.9017510E-02
  0.3212062      0.1293774      8.0564201E-02  6.4056419E-02  5.9066150E-02
  5.9280157E-02
  0.5067121      0.2142996      0.1437743      0.1270428      0.1327821    
  0.8858950      0.4077821      0.3138132      0.3376459    
   1.829767       1.000000       1.036965    
   5.221790       4.443580    
   36.63424    
   100000.0    
  3.7888136E-02  1.3674059E-02  7.2671166E-03  4.7637415E-03  3.4821599E-03
  2.7155255E-03  2.2092573E-03  1.8505304E-03
  4.5805208E-02  1.6615236E-02  8.8968184E-03  5.8784955E-03  4.3346188E-03
  3.4098360E-03  2.7984572E-03  2.3664418E-03
  5.6181293E-02  2.0501448E-02  1.1080038E-02  7.3924782E-03  5.5062682E-03
  4.3789777E-03  3.6345227E-03  3.1108968E-03
  7.0086792E-02  2.5766635E-02  1.4079074E-02  9.5081963E-03  7.1745422E-03
  5.7839919E-03  4.8727100E-03  0.0000000E+00
  8.9209259E-02  3.3114754E-02  1.8331725E-02  1.2574735E-02  9.6432017E-03
  7.9209255E-03  6.8061720E-03  0.0000000E+00
  0.1163934      4.3722276E-02  2.4638379E-02  1.7232399E-02  1.3519769E-02
  1.1378978E-02  1.0048215E-02  0.0000000E+00
  0.1565092      5.9758920E-02  3.4445517E-02  2.4754098E-02  2.0028928E-02
  1.7473482E-02  1.6017359E-02  0.0000000E+00
  0.2187078      8.5400194E-02  5.0781097E-02  3.7926711E-02  3.2160077E-02
  2.9594986E-02  2.7820636E-02
  0.3217936      0.1297011      8.0723241E-02  6.3982643E-02  5.8447447E-02
  5.7184186E-02
  0.5076181      0.2148505      0.1439730      0.1263259      0.1289296    
  0.8876567      0.4086789      0.3132112      0.3299904    
   1.833173       1.000000       1.019286    
   5.231437       4.395371    
   36.40308    
   1000000.    
  3.7981045E-02  1.3734598E-02  7.2976304E-03  4.7763032E-03  3.4824647E-03
  2.7042655E-03  2.1876777E-03  1.8199052E-03
  4.5895733E-02  1.6682465E-02  8.9308061E-03  5.8919434E-03  4.3317536E-03
  3.3924172E-03  2.7677724E-03  2.3213271E-03
  5.6284364E-02  2.0587677E-02  1.1118484E-02  7.4066352E-03  5.4995259E-03
  4.3516587E-03  3.5876778E-03  3.0407584E-03
  7.0199050E-02  2.5867298E-02  1.4123223E-02  9.5260665E-03  7.1601896E-03
  5.7402845E-03  4.7971569E-03  0.0000000E+00
  8.9345977E-02  3.3232227E-02  1.8398104E-02  1.2587678E-02  9.6208537E-03
  7.8445496E-03  6.6720378E-03  0.0000000E+00
  0.1165877      4.3876778E-02  2.4710899E-02  1.7241707E-02  1.3459716E-02
  1.1232228E-02  9.7819902E-03  0.0000000E+00
  0.1567772      5.9962086E-02  3.4530804E-02  2.4739336E-02  1.9895734E-02
  1.7146921E-02  1.5374408E-02  0.0000000E+00
  0.2191469      8.5677728E-02  5.0890997E-02  3.7848342E-02  3.1791467E-02
  2.8691942E-02  2.5990522E-02
  0.3222749      0.1300474      8.0834121E-02  6.3658766E-02  5.7194311E-02
  5.3914692E-02
  0.5086256      0.2155450      0.1438863      0.1247393      0.1227488    
  0.8894787      0.4095735      0.3114692      0.3173460    
   1.837915       1.000000      0.9905214    
   5.239810       4.310901    
   35.97157    
  1.0000000E+07
  3.8470045E-02  1.3889400E-02  7.3714280E-03  4.8082946E-03  3.4847925E-03
  2.6838707E-03  2.1474655E-03  1.7622119E-03
  4.6341009E-02  1.6857142E-02  9.0119811E-03  5.9244237E-03  4.3281107E-03
  3.3594470E-03  2.7078341E-03  2.2387097E-03
  5.6709673E-02  2.0783408E-02  1.1207373E-02  7.4387095E-03  5.4866355E-03
  4.2995391E-03  3.4976958E-03  2.9161288E-03
  7.0645161E-02  2.6101381E-02  1.4230414E-02  9.5576029E-03  7.1308753E-03
  5.6543774E-03  4.6543777E-03  0.0000000E+00
  8.9852534E-02  3.3520736E-02  1.8525345E-02  1.2617511E-02  9.5576029E-03
  7.6967739E-03  6.4276494E-03  0.0000000E+00
  0.1171428      4.4239629E-02  2.4866357E-02  1.7253457E-02  1.3336404E-02
  1.0958525E-02  9.3179718E-03  0.0000000E+00
  0.1575115      6.0433175E-02  3.4728110E-02  2.4718894E-02  1.9622119E-02
  1.6571427E-02  1.4377879E-02  0.0000000E+00
  0.2202765      8.6331792E-02  5.1133636E-02  3.7695851E-02  3.1115206E-02
  2.7216589E-02  2.3465438E-02
  0.3240553      0.1310599      8.1069127E-02  6.3041471E-02  5.5087555E-02
  4.9290322E-02
  0.5115207      0.2169585      0.1437788      0.1218433      0.1138249    
  0.8948387      0.4117050      0.3082949      0.2987097    
   1.848848       1.000000      0.9465438    
   5.264516       4.186175    
   35.39170    
  1.0000000E+08
  4.1480180E-02  1.4352424E-02  7.6220264E-03  4.9339207E-03  3.5233481E-03
  2.6607930E-03  2.0810573E-03  1.6669604E-03
  4.8898682E-02  1.7303966E-02  9.2422916E-03  6.0290750E-03  4.3418501E-03
  3.3057269E-03  2.6061677E-03  2.1004407E-03
  5.8889873E-02  2.1251103E-02  1.1436124E-02  7.5251106E-03  5.4704850E-03
  4.2044055E-03  3.3418504E-03  2.7127755E-03
  7.2563879E-02  2.6625551E-02  1.4466961E-02  9.6211461E-03  7.0731281E-03
  5.4942737E-03  4.4088108E-03  0.0000000E+00
  9.1629960E-02  3.4140971E-02  1.8784141E-02  1.2660793E-02  9.4361231E-03
  7.4255508E-03  6.0246699E-03  0.0000000E+00
  0.1190308      4.5004409E-02  2.5171807E-02  1.7268725E-02  1.3092511E-02
  1.0466960E-02  8.6017624E-03  0.0000000E+00
  0.1597357      6.1436128E-02  3.5083700E-02  2.4625553E-02  1.9110134E-02
  1.5603526E-02  1.2951543E-02  0.0000000E+00
  0.2231718      8.7691635E-02  5.1550664E-02  3.7356831E-02  2.9929517E-02
  2.5030838E-02  2.0325992E-02
  0.3282819      0.1329516      8.1462555E-02  6.1859034E-02  5.1770929E-02
  4.3365642E-02
  0.5182379      0.2199119      0.1436123      0.1171806      0.1020264    
  0.9074890      0.4160353      0.3029075      0.2733040    
   1.874009       1.000000      0.8863437    
   5.320705       4.014097    
   34.88987    
  1.0000000E+09
  5.5801965E-02  1.7741408E-02  9.1243861E-03  5.5834698E-03  3.7479545E-03
  2.6677579E-03  1.9779052E-03  1.5114567E-03
  6.1497547E-02  1.9869069E-02  1.0458265E-02  6.5589198E-03  4.4967267E-03
  3.2561377E-03  2.4468086E-03  1.8887070E-03
  7.0147306E-02  2.3224223E-02  1.2397709E-02  7.9271691E-03  5.5360068E-03
  4.0711951E-03  3.0973814E-03  2.4124389E-03
  8.2487732E-02  2.8232407E-02  1.5237317E-02  9.8936176E-03  7.0245499E-03
  5.2405894E-03  4.0335520E-03  0.0000000E+00
  0.1001637      3.5613749E-02  1.9435354E-02  1.2806875E-02  9.2307692E-03
  6.9819973E-03  5.4296241E-03  0.0000000E+00
  0.1263503      4.6546645E-02  2.5752867E-02  1.7250409E-02  1.2635025E-02
  9.6972184E-03  7.6063834E-03  0.0000000E+00
  0.1663666      6.3240595E-02  3.5646483E-02  2.4369886E-02  1.8199675E-02
  1.4173486E-02  1.1153847E-02  0.0000000E+00
  0.2300328      9.0016373E-02  5.2070379E-02  3.6571197E-02  2.7986908E-02
  2.2078561E-02  1.6800329E-02
  0.3368249      0.1361702      8.1743047E-02  5.9631754E-02  4.6996731E-02
  3.6472995E-02
  0.5310147      0.2245499      0.1424714      0.1098200      8.7725043E-02
  0.9288052      0.4223405      0.2936170      0.2414075    
   1.918985       1.000000      0.8076105    
   5.416531       3.788871    
   35.27005    
  1.0000000E+10
  0.1556446      3.3940278E-02  1.3350327E-02  6.7938818E-03  3.9927168E-03
  2.5724689E-03  1.7669336E-03  1.2709395E-03
  0.1407866      3.5134740E-02  1.4770576E-02  7.8222863E-03  4.7276039E-03
  3.1077929E-03  2.1667881E-03  1.5761107E-03
  0.1301529      3.6744356E-02  1.6584123E-02  9.1842674E-03  5.7159504E-03
  3.8397666E-03  2.7195921E-03  2.0014565E-03
  0.1279680      3.9359067E-02  1.9016752E-02  1.1019665E-02  7.0844865E-03
  4.8681721E-03  3.5032774E-03  0.0000000E+00
  0.1371449      4.4100508E-02  2.2563728E-02  1.3663510E-02  9.0604518E-03
  6.3692643E-03  4.6533137E-03  0.0000000E+00
  0.1589221      5.2818645E-02  2.8128184E-02  1.7683905E-02  1.2075746E-02
  8.6671524E-03  6.4049531E-03  0.0000000E+00
  0.1958485      6.8201013E-02  3.7327021E-02  2.4187908E-02  1.6955571E-02
  1.2374362E-02  9.1624185E-03  0.0000000E+00
  0.2563729      9.4756007E-02  5.3153675E-02  3.5404224E-02  2.5375089E-02
  1.8681718E-02  1.3299344E-02
  0.3615440      0.1418063      8.2010195E-02  5.6329206E-02  4.1158047E-02
  2.9446468E-02
  0.5589949      0.2320466      0.1404224      0.1001457      7.2578296E-02
  0.9708667      0.4322651      0.2804078      0.2061908    
   1.999272       1.000000      0.7178441    
   5.589949       3.533867    
   35.86308    
