   100.0000    
  3.5476588E-02  1.2897157E-02  7.0108697E-03  4.7575254E-03  3.6421407E-03
  3.0045989E-03  2.6112041E-03  2.3612040E-03
  4.2642143E-02  1.5597827E-02  8.5576922E-03  5.8695655E-03  4.5443145E-03
  3.7993311E-03  3.3528430E-03  3.0873746E-03
  5.2006688E-02  1.9168060E-02  1.0631272E-02  7.3829433E-03  5.8026756E-03
  4.9289297E-03  4.4397991E-03  4.1889632E-03
  6.4548500E-02  2.3996657E-02  1.3490803E-02  9.5150508E-03  7.6128766E-03
  6.6137128E-03  6.1162212E-03  0.0000000E+00
  8.1772581E-02  3.0727426E-02  1.7562710E-02  1.2637960E-02  1.0355351E-02
  9.2683956E-03  8.9172246E-03  0.0000000E+00
  0.1061455      4.0468231E-02  2.3616221E-02  1.7441472E-02  1.4770067E-02
  1.3812709E-02  1.4117893E-02  0.0000000E+00
  0.1421823      5.5225752E-02  3.3122912E-02  2.5359532E-02  2.2545986E-02
  2.2600334E-02  2.5568562E-02  0.0000000E+00
  0.1980351      7.8887962E-02  4.9163882E-02  3.9724082E-02  3.8214885E-02
  4.3269232E-02  5.7483278E-02
  0.2905100      0.1200251      7.9264216E-02  6.9983281E-02  7.7884614E-02
  0.1097826    
  0.4577760      0.2001254      0.1456522      0.1527592      0.2279264    
  0.8005853      0.3869565      0.3436037      0.5326087    
   1.663044       1.000000       1.488294    
   4.878763       5.735786    
   42.80936    
   1000.000    
  3.5427157E-02  1.2897235E-02  7.0160958E-03  4.7626905E-03  3.6454806E-03
  3.0066033E-03  2.6112257E-03  2.3586464E-03
  4.2591829E-02  1.5596367E-02  8.5637635E-03  5.8728848E-03  4.5480812E-03
  3.8018986E-03  3.3524556E-03  3.0825422E-03
  5.1960379E-02  1.9162195E-02  1.0635575E-02  7.3916633E-03  5.8068507E-03
  4.9319025E-03  4.4366485E-03  4.1807676E-03
  6.4465538E-02  2.3986794E-02  1.3495667E-02  9.5253810E-03  7.6186545E-03
  6.6157654E-03  6.1122575E-03  0.0000000E+00
  8.1634335E-02  3.0722244E-02  1.7569128E-02  1.2645481E-02  1.0363187E-02
  9.2695002E-03  8.8980608E-03  0.0000000E+00
  0.1060256      4.0458109E-02  2.3627734E-02  1.7457698E-02  1.4779200E-02
  1.3805200E-02  1.4052828E-02  0.0000000E+00
  0.1419728      5.5220801E-02  3.3140734E-02  2.5377631E-02  2.2550557E-02
  2.2542302E-02  2.5274454E-02  0.0000000E+00
  0.1977714      7.8869164E-02  4.9195211E-02  3.9748244E-02  3.8179941E-02
  4.2921998E-02  5.5509698E-02
  0.2901775      0.1200165      7.9281881E-02  6.9954604E-02  7.7465951E-02
  0.1065208    
  0.4572843      0.2001238      0.1456872      0.1523731      0.2223277    
  0.7998349      0.3869996      0.3432522      0.5216674    
   1.661989       1.000000       1.464713    
   4.874123       5.666529    
   42.46801    
   10000.00    
  3.5401370E-02  1.2908431E-02  7.0270267E-03  4.7720852E-03  3.6534891E-03
  3.0108916E-03  2.6111335E-03  2.3521581E-03
  4.2557482E-02  1.5611134E-02  8.5800719E-03  5.8894716E-03  4.5582894E-03
  3.8063736E-03  3.3501412E-03  3.0701896E-03
  5.1916093E-02  1.9177087E-02  1.0657523E-02  7.4062119E-03  5.8168615E-03
  4.9374746E-03  4.4292053E-03  4.1549010E-03
  6.4421132E-02  2.4009680E-02  1.3517546E-02  9.5441705E-03  7.6321098E-03
  6.6196043E-03  6.0951994E-03  0.0000000E+00
  8.1565149E-02  3.0750303E-02  1.7599838E-02  1.2674466E-02  1.0379185E-02
  9.2658326E-03  8.8503426E-03  0.0000000E+00
  0.1059298      4.0500201E-02  2.3670834E-02  1.7490923E-02  1.4796289E-02
  1.3775717E-02  1.3908834E-02  0.0000000E+00
  0.1418717      5.5264220E-02  3.3198867E-02  2.5425574E-02  2.2553448E-02
  2.2416297E-02  2.4711577E-02  0.0000000E+00
  0.1976603      7.8943118E-02  4.9294069E-02  3.9802339E-02  3.8096003E-02
  4.2275108E-02  5.2521177E-02
  0.2899959      0.1201291      7.9427183E-02  6.9987893E-02  7.6724485E-02
  0.1015732    
  0.4570391      0.2003630      0.1459056      0.1515934      0.2135942    
  0.7999193      0.3874546      0.3426785      0.5050424    
   1.661960       1.000000       1.428398    
   4.876966       5.562727    
   41.91206    
   100000.0    
  3.5397135E-02  1.2944595E-02  7.0554051E-03  4.7927159E-03  3.6656337E-03
  3.0147231E-03  2.6048045E-03  2.3324294E-03
  4.2541653E-02  1.5648974E-02  8.6090667E-03  5.9124376E-03  4.5718718E-03
  3.8089887E-03  3.3378536E-03  3.0371950E-03
  5.1879119E-02  1.9225108E-02  1.0693531E-02  7.4351029E-03  5.8349478E-03
  4.9360716E-03  4.4052694E-03  4.0953117E-03
  6.4393647E-02  2.4068192E-02  1.3568386E-02  9.5776832E-03  7.6520732E-03
  6.6098417E-03  6.0441690E-03  0.0000000E+00
  8.1557542E-02  3.0821390E-02  1.7663697E-02  1.2716002E-02  1.0395196E-02
  9.2367306E-03  8.7369233E-03  0.0000000E+00
  0.1058892      4.0604416E-02  2.3750484E-02  1.7547462E-02  1.4804340E-02
  1.3688494E-02  1.3611004E-02  0.0000000E+00
  0.1418442      5.5366144E-02  3.3312671E-02  2.5493996E-02  2.2518406E-02
  2.2123208E-02  2.3715615E-02  0.0000000E+00
  0.1976366      7.9155371E-02  4.9438205E-02  3.9868269E-02  3.7861295E-02
  4.1030612E-02  4.8353352E-02
  0.2900039      0.1204184      7.9659052E-02  6.9895387E-02  7.5242154E-02
  9.4498262E-02
  0.4571871      0.2008911      0.1461449      0.1499806      0.2010074    
  0.8000776      0.3882217      0.3413018      0.4808214    
   1.663696       1.000000       1.373886    
   4.877954       5.408756    
   41.06936    
   1000000.    
  3.5504885E-02  1.3032936E-02  7.1118348E-03  4.8317043E-03  3.6844008E-03
  3.0155627E-03  2.5841475E-03  2.2866449E-03
  4.2671010E-02  1.5754614E-02  8.6789718E-03  5.9536733E-03  4.5928336E-03
  3.8038362E-03  3.3029316E-03  2.9638074E-03
  5.2008688E-02  1.9348534E-02  1.0778139E-02  7.4846181E-03  5.8559533E-03
  4.9221860E-03  4.3431055E-03  3.9703222E-03
  6.4531304E-02  2.4220051E-02  1.3669924E-02  9.6416939E-03  7.6691997E-03
  6.5761856E-03  5.9319581E-03  0.0000000E+00
  8.1722759E-02  3.1009771E-02  1.7792255E-02  1.2794064E-02  1.0405356E-02
  9.1530941E-03  8.5052475E-03  0.0000000E+00
  0.1061165      4.0825188E-02  2.3919653E-02  1.7636627E-02  1.4784654E-02
  1.3481722E-02  1.3058270E-02  0.0000000E+00
  0.1421281      5.5700321E-02  3.3539630E-02  2.5595367E-02  2.2399565E-02
  2.1538181E-02  2.2146218E-02  0.0000000E+00
  0.1980818      7.9623595E-02  4.9764749E-02  3.9920375E-02  3.7350703E-02
  3.8979370E-02  4.2779587E-02
  0.2907347      0.1211726      8.0094099E-02  6.9634452E-02  7.2674625E-02
  8.4871516E-02
  0.4585595      0.2020630      0.1465436      0.1470141      0.1834238    
  0.8027506      0.3905176      0.3386536      0.4458922    
   1.669924       1.000000       1.296055    
   4.893232       5.186391    
   39.92038    
  1.0000000E+07
  3.6122780E-02  1.3237480E-02  7.2374796E-03  4.9046851E-03  3.7156707E-03
  3.0045235E-03  2.5315024E-03  2.1912763E-03
  4.3198708E-02  1.5983844E-02  8.8174473E-03  6.0323104E-03  4.6171243E-03
  3.7738287E-03  3.2174475E-03  2.8171244E-03
  5.2536346E-02  1.9615510E-02  1.0933764E-02  7.5702746E-03  5.8707595E-03
  4.8659127E-03  4.2035542E-03  3.7350566E-03
  6.5072700E-02  2.4539579E-02  1.3854605E-02  9.7318254E-03  7.6672048E-03
  6.4652665E-03  5.6865914E-03  0.0000000E+00
  8.2326338E-02  3.1408723E-02  1.8019387E-02  1.2894992E-02  1.0368336E-02
  8.9369947E-03  8.0516962E-03  0.0000000E+00
  0.1068821      4.1357029E-02  2.4210017E-02  1.7741518E-02  1.4662359E-02
  1.3027463E-02  1.2113086E-02  0.0000000E+00
  0.1431341      5.6413572E-02  3.3925686E-02  2.5676897E-02  2.2045234E-02
  2.0445881E-02  1.9819064E-02  0.0000000E+00
  0.1994831      8.0581583E-02  5.0274640E-02  3.9870758E-02  3.6219709E-02
  3.5735060E-02  3.5799678E-02
  0.2928918      0.1226171      8.0743134E-02  6.8820678E-02  6.8368338E-02
  7.2504044E-02
  0.4620355      0.2043619      0.1468821      0.1416801      0.1603231    
  0.8096931      0.3941842      0.3334410      0.3993538    
   1.684976       1.000000       1.189661    
   4.927302       4.878837    
   38.41680    
  1.0000000E+08
  3.9688084E-02  1.3890831E-02  7.6552834E-03  5.1573003E-03  3.8370530E-03
  3.0169401E-03  2.4552299E-03  2.0430223E-03
  4.6302769E-02  1.6606614E-02  9.1960207E-03  6.2463023E-03  4.6948106E-03
  3.7348748E-03  3.0734069E-03  2.5848346E-03
  5.5229902E-02  2.0263512E-02  1.1304114E-02  7.7547724E-03  5.8967462E-03
  4.7512772E-03  3.9580530E-03  3.3691854E-03
  6.7491263E-02  2.5256788E-02  1.4240387E-02  9.8951329E-03  7.6337722E-03
  6.2382361E-03  5.2756118E-03  0.0000000E+00
  8.4646404E-02  3.2266736E-02  1.8448507E-02  1.3033073E-02  1.0233933E-02
  8.5184183E-03  7.3272386E-03  0.0000000E+00
  0.1093036      4.2403873E-02  2.4716321E-02  1.7840818E-02  1.4337188E-02
  1.2215649E-02  1.0736757E-02  0.0000000E+00
  0.1460339      5.7784352E-02  3.4525409E-02  2.5660124E-02  2.1277225E-02
  1.8706640E-02  1.6848614E-02  0.0000000E+00
  0.2032804      8.2495295E-02  5.1035222E-02  3.9499868E-02  3.4229632E-02
  3.1352513E-02  2.8367842E-02
  0.2984673      0.1253832      8.1527293E-02  6.7087926E-02  6.2059693E-02
  5.8859907E-02
  0.4708255      0.2086314      0.1468405      0.1332885      0.1338263    
  0.8257596      0.4006453      0.3242807      0.3441786    
   1.718742       1.000000       1.061038    
   4.998655       4.511965    
   36.99919    
  1.0000000E+09
  5.5633519E-02  1.9214112E-02  1.0268644E-02  6.4153969E-03  4.3724938E-03
  3.1575782E-03  2.3757017E-03  1.8422212E-03
  5.9943862E-02  2.0509223E-02  1.1295108E-02  7.2975135E-03  5.1182839E-03
  3.7810744E-03  2.8989573E-03  2.2814756E-03
  6.7562148E-02  2.3155572E-02  1.2947072E-02  8.5805934E-03  6.1728149E-03
  4.6611871E-03  3.6387327E-03  2.9069767E-03
  7.8728952E-02  2.7546111E-02  1.5539294E-02  1.0497193E-02  7.7185244E-03
  5.9502805E-03  4.7253408E-03  0.0000000E+00
  9.4727345E-02  3.4322374E-02  1.9534882E-02  1.3422213E-02  1.0068164E-02
  7.9129916E-03  6.3873292E-03  0.0000000E+00
  0.1183841      4.4566959E-02  2.5701685E-02  1.7999198E-02  1.3787089E-02
  1.1052527E-02  9.0617482E-03  0.0000000E+00
  0.1546311      6.0344826E-02  3.5525259E-02  2.5481155E-02  2.0006014E-02
  1.6397353E-02  1.3610666E-02  0.0000000E+00
  0.2125100      8.5805930E-02  5.2044909E-02  3.8572576E-02  3.1275060E-02
  2.6263030E-02  2.1411387E-02
  0.3103448      0.1300521      8.2337610E-02  6.3993588E-02  5.4149963E-02
  4.5609463E-02
  0.4885726      0.2155172      0.1458701      0.1217522      0.1070770    
  0.8566559      0.4103849      0.3105453      0.2860866    
   1.781275       1.000000      0.9212109    
   5.134322       4.111868    
   36.64795    
  1.0000000E+10
  0.1885318      4.2583488E-02  1.6635161E-02  8.3944555E-03  4.9098926E-03
  3.1568997E-03  2.1688722E-03  1.5626969E-03
  0.1610586      4.2659104E-02  1.7870195E-02  9.4076879E-03  5.6635160E-03
  3.7202267E-03  2.5986137E-03  1.8966603E-03
  0.1392565      4.2822935E-02  1.9420290E-02  1.0729678E-02  6.6767484E-03
  4.4952738E-03  3.1972274E-03  2.3679899E-03
  0.1290485      4.3629490E-02  2.1474479E-02  1.2515438E-02  8.0819158E-03
  5.5879019E-03  4.0554507E-03  0.0000000E+00
  0.1332073      4.6376813E-02  2.4511656E-02  1.5072463E-02  1.0122243E-02
  7.2010080E-03  5.3333333E-03  0.0000000E+00
  0.1521109      5.3169504E-02  2.9514808E-02  1.9042216E-02  1.3270321E-02
  9.7114053E-03  7.3245117E-03  0.0000000E+00
  0.1865154      6.6906109E-02  3.8235664E-02  2.5620667E-02  1.8475110E-02
  1.3850031E-02  1.0555765E-02  0.0000000E+00
  0.2427221      9.1921858E-02  5.3837426E-02  3.7290484E-02  2.7712664E-02
  2.1146819E-02  1.5652174E-02
  0.3398866      0.1372401      8.3062381E-02  5.9659734E-02  4.5582861E-02
  3.4215499E-02
  0.5232514      0.2253308      0.1434152      0.1080151      8.3024576E-02
  0.9090106      0.4235665      0.2925016      0.2312539    
   1.881537       1.000000      0.7839950    
   5.347196       3.720227    
   36.19407    
