   100.0000    
  3.9043192E-02  1.3940200E-02  7.2983387E-03  4.6910299E-03  3.3554819E-03
  2.5568106E-03  2.0332227E-03  1.6651164E-03
  4.7322262E-02  1.6983390E-02  8.9461794E-03  5.7926909E-03  4.1727577E-03
  3.2039869E-03  2.5661131E-03  2.1196015E-03
  5.8192693E-02  2.0996679E-02  1.1152159E-02  7.2837216E-03  5.2943523E-03
  4.1009965E-03  3.3169438E-03  2.7667773E-03
  7.2770767E-02  2.6445184E-02  1.4179403E-02  9.3621267E-03  6.8810638E-03
  5.3940201E-03  4.4172760E-03  0.0000000E+00
  9.2863783E-02  3.4033224E-02  1.8485051E-02  1.2364120E-02  9.2172762E-03
  7.3382067E-03  6.1129569E-03  0.0000000E+00
  0.1214352      4.5009967E-02  2.4823921E-02  1.6903656E-02  1.2841196E-02
  1.0442525E-02  8.9089703E-03  0.0000000E+00
  0.1637209      6.1581399E-02  3.4671098E-02  2.4159469E-02  1.8857144E-02
  1.5813954E-02  1.3953489E-02  0.0000000E+00
  0.2292359      8.8039868E-02  5.0963458E-02  3.6730897E-02  2.9833887E-02
  2.6232559E-02  2.3867112E-02
  0.3376744      0.1335548      8.0544859E-02  6.1102994E-02  5.2943524E-02
  4.9435217E-02
  0.5330232      0.2207309      0.1420598      0.1176346      0.1128372    
  0.9315615      0.4166113      0.3015282      0.2936877    
   1.917608       1.000000      0.9289037    
   5.404652       4.138206    
   35.38871    
   1000.000    
  3.9047368E-02  1.3944540E-02  7.3013138E-03  4.6928488E-03  3.3554465E-03
  2.5567203E-03  2.0313123E-03  1.6624653E-03
  4.7326520E-02  1.6982885E-02  8.9505110E-03  5.7940823E-03  4.1727480E-03
  3.2028658E-03  2.5633541E-03  2.1148999E-03
  5.8192916E-02  2.1003053E-02  1.1156959E-02  7.2853919E-03  5.2938838E-03
  4.0997746E-03  3.3129891E-03  2.7610457E-03
  7.2774313E-02  2.6456149E-02  1.4183362E-02  9.3644690E-03  6.8793949E-03
  5.3894124E-03  4.4102431E-03  0.0000000E+00
  9.2875145E-02  3.4045376E-02  1.8495422E-02  1.2366990E-02  9.2158690E-03
  7.3318300E-03  6.1005708E-03  0.0000000E+00
  0.1214542      4.5031179E-02  2.4837470E-02  1.6903277E-02  1.2835346E-02
  1.0429880E-02  8.8828448E-03  0.0000000E+00
  0.1637256      6.1602760E-02  3.4682237E-02  2.4160808E-02  1.8840387E-02
  1.5788777E-02  1.3891469E-02  0.0000000E+00
  0.2292689      8.8072181E-02  5.0988462E-02  3.6725488E-02  2.9799655E-02
  2.6124453E-02  2.3563754E-02
  0.3376675      0.1336075      8.0562562E-02  6.1085314E-02  5.2806158E-02
  4.8918672E-02
  0.5331033      0.2207775      0.1419663      0.1174738      0.1118880    
  0.9316704      0.4167441      0.3013135      0.2918933    
   1.918535       1.000000      0.9247711    
   5.405334       4.124983    
   35.33236    
   10000.00    
  3.9066013E-02  1.3970101E-02  7.3091676E-03  4.6963883E-03  3.3562640E-03
  2.5545706E-03  2.0267230E-03  1.6563038E-03
  4.7347531E-02  1.6999602E-02  8.9588566E-03  5.7983859E-03  4.1738320E-03
  3.2001587E-03  2.5572164E-03  2.1060985E-03
  5.8221988E-02  2.1021297E-02  1.1168144E-02  7.2893240E-03  5.2930280E-03
  4.0944568E-03  3.3046699E-03  2.7477178E-03
  7.2813861E-02  2.6484983E-02  1.4208228E-02  9.3689635E-03  6.8778940E-03
  5.3829872E-03  4.3960838E-03  0.0000000E+00
  9.2922345E-02  3.4091808E-02  1.8507740E-02  1.2372007E-02  9.2115356E-03
  7.3184283E-03  6.0748770E-03  0.0000000E+00
  0.1215108      4.5072097E-02  2.4857786E-02  1.6906997E-02  1.2827093E-02
  1.0403492E-02  8.8305324E-03  0.0000000E+00
  0.1637783      6.1661594E-02  3.4700356E-02  2.4156634E-02  1.8812012E-02
  1.5716365E-02  1.3745205E-02  0.0000000E+00
  0.2293954      8.8146575E-02  5.1012035E-02  3.6711205E-02  2.9726155E-02
  2.5942583E-02  2.3058604E-02
  0.3378754      0.1337478      8.0605894E-02  6.1026588E-02  5.2559864E-02
  4.8048683E-02
  0.5334039      0.2209287      0.1420823      0.1171451      0.1102924    
  0.9322661      0.4169864      0.3010980      0.2886625    
   1.919566       1.000000      0.9175817    
   5.408123       4.105040    
   35.22953    
   100000.0    
  3.9094973E-02  1.3996317E-02  7.3217573E-03  4.7013941E-03  3.3556956E-03
  2.5493291E-03  2.0192054E-03  1.6456196E-03
  4.7382269E-02  1.7034991E-02  8.9739542E-03  5.8037359E-03  4.1712704E-03
  3.1925810E-03  2.5453828E-03  2.0902394E-03
  5.8260985E-02  2.1060247E-02  1.1185214E-02  7.2954483E-03  5.2893977E-03
  4.0844511E-03  3.2859773E-03  2.7216522E-03
  7.2875559E-02  2.6532492E-02  1.4219942E-02  9.3738493E-03  6.8718758E-03
  5.3656930E-03  4.3672719E-03  0.0000000E+00
  9.2988685E-02  3.4148909E-02  1.8534597E-02  1.2377006E-02  9.2002098E-03
  7.2888713E-03  6.0247304E-03  0.0000000E+00
  0.1215996      4.5146015E-02  2.4888188E-02  1.6903445E-02  1.2803210E-02
  1.0347277E-02  8.7279668E-03  0.0000000E+00
  0.1639042      6.1760060E-02  3.4740858E-02  2.4151539E-02  1.8771375E-02
  1.5601157E-02  1.3496448E-02  0.0000000E+00
  0.2295448      8.8292554E-02  5.1065508E-02  3.6687713E-02  2.9584320E-02
  2.5585372E-02  2.2283608E-02
  0.3382004      0.1339121      8.0649830E-02  6.0905028E-02  5.2065246E-02
  4.6671931E-02
  0.5339384      0.2212576      0.1420679      0.1165088      0.1077217    
  0.9333070      0.4175217      0.3003157      0.2834780    
   1.921863       1.000000      0.9055511    
   5.413049       4.071297    
   35.05656    
   1000000.    
  3.9200105E-02  1.4056800E-02  7.3501817E-03  4.7120894E-03  3.3546116E-03
  2.5403854E-03  2.0023449E-03  1.6219384E-03
  4.7498696E-02  1.7105263E-02  9.0059927E-03  5.8142259E-03  4.1688378E-03
  3.1787388E-03  2.5221468E-03  2.0570608E-03
  5.8402810E-02  2.1156853E-02  1.1223293E-02  7.3071914E-03  5.2840021E-03
  4.0633138E-03  3.2503905E-03  2.6719645E-03
  7.3019795E-02  2.6628450E-02  1.4265241E-02  9.3863988E-03  6.8590413E-03
  5.3309011E-03  4.3108389E-03  0.0000000E+00
  9.3186557E-02  3.4275662E-02  1.8590411E-02  1.2387962E-02  9.1753509E-03
  7.2303279E-03  5.9262635E-03  0.0000000E+00
  0.1218473      4.5310058E-02  2.4960916E-02  1.6909849E-02  1.2754039E-02
  1.0238405E-02  8.5396031E-03  0.0000000E+00
  0.1642783      6.1972380E-02  3.4822822E-02  2.4153205E-02  1.8655548E-02
  1.5359561E-02  1.3066701E-02  0.0000000E+00
  0.2300677      8.8574767E-02  5.1172484E-02  3.6620632E-02  2.9325169E-02
  2.4973944E-02  2.1117769E-02
  0.3389786      0.1343147      8.0758207E-02  6.0656589E-02  5.1198542E-02
  4.4593535E-02
  0.5351745      0.2218603      0.1420010      0.1153465      0.1037259    
  0.9356435      0.4184471      0.2991141      0.2751433    
   1.926785       1.000000      0.8863991    
   5.424700       4.016415    
   34.79677    
  1.0000000E+07
  3.9646335E-02  1.4185033E-02  7.4090208E-03  4.7334698E-03  3.3521270E-03
  2.5205023E-03  1.9682213E-03  1.5773961E-03
  4.7898512E-02  1.7260378E-02  9.0709887E-03  5.8354684E-03  4.1606869E-03
  3.1483853E-03  2.4743720E-03  1.9938492E-03
  5.8790363E-02  2.1322398E-02  1.1295489E-02  7.3270118E-03  5.2665300E-03
  4.0171705E-03  3.1791390E-03  2.5794464E-03
  7.3436692E-02  2.6832392E-02  1.4351614E-02  9.4041508E-03  6.8285493E-03
  5.2588414E-03  4.2004101E-03  0.0000000E+00
  9.3644284E-02  3.4520756E-02  1.8682728E-02  1.2398770E-02  9.1184005E-03
  7.1104560E-03  5.7444898E-03  0.0000000E+00
  0.1224244      4.5630448E-02  2.5076883E-02  1.6914401E-02  1.2646078E-02
  1.0023065E-02  8.2060480E-03  0.0000000E+00
  0.1650436      6.2391080E-02  3.4969244E-02  2.4103023E-02  1.8439261E-02
  1.4928242E-02  1.2376986E-02  0.0000000E+00
  0.2311635      8.9146584E-02  5.1332649E-02  3.6481291E-02  2.8792927E-02
  2.3923628E-02  1.9464377E-02
  0.3404664      0.1351871      8.0920041E-02  6.0135826E-02  4.9654022E-02
  4.1504353E-02
  0.5379292      0.2230907      0.1418503      0.1131984      9.7693488E-02
  0.9405432      0.4201691      0.2966428      0.2624295    
   1.937468       1.000000      0.8562276    
   5.447206       3.930036    
   34.41825    
  1.0000000E+08
  4.2367175E-02  1.4567223E-02  7.5966576E-03  4.8166625E-03  3.3674233E-03
  2.4893989E-03  1.9094538E-03  1.5003743E-03
  5.0199550E-02  1.7622849E-02  9.2454478E-03  5.9017208E-03  4.1556498E-03
  3.0942881E-03  2.3871290E-03  1.8857570E-03
  6.0713395E-02  2.1713644E-02  1.1466701E-02  7.3771514E-03  5.2369670E-03
  3.9299079E-03  3.0518833E-03  2.4232976E-03
  7.5106010E-02  2.7263658E-02  1.4529808E-02  9.4375154E-03  6.7635323E-03
  5.1209778E-03  4.0072338E-03  0.0000000E+00
  9.5185831E-02  3.5021205E-02  1.8882515E-02  1.2410826E-02  8.9985039E-03
  6.8857567E-03  5.4340237E-03  0.0000000E+00
  0.1239960      4.6245947E-02  2.5293091E-02  1.6887004E-02  1.2424544E-02
  9.6333250E-03  7.6702419E-03  0.0000000E+00
  0.1667498      6.3195311E-02  3.5220753E-02  2.3983536E-02  1.7997008E-02
  1.4180594E-02  1.1349464E-02  0.0000000E+00
  0.2334747      9.0234473E-02  5.1608879E-02  3.6131203E-02  2.7837368E-02
  2.2312298E-02  1.7298579E-02
  0.3439761      0.1366924      8.1117488E-02  5.9116989E-02  4.7131453E-02
  3.7378397E-02
  0.5435271      0.2253679      0.1414318      0.1094911      8.9324027E-02
  0.9506111      0.4234223      0.2920928      0.2442005    
   1.958094       1.000000      0.8121727    
   5.492642       3.803941    
   34.09828    
  1.0000000E+09
  5.5822287E-02  1.7305626E-02  8.7435804E-03  5.2776784E-03  3.5005377E-03
  2.4638718E-03  1.8081929E-03  1.3686852E-03
  6.2164102E-02  1.9730084E-02  1.0171982E-02  6.2725432E-03  4.2362353E-03
  3.0252002E-03  2.2441179E-03  1.7114534E-03
  7.1384214E-02  2.3336915E-02  1.2205900E-02  7.6519768E-03  5.2490146E-03
  3.7979221E-03  2.8460526E-03  2.1855966E-03
  8.4402248E-02  2.8615788E-02  1.5120029E-02  9.6154306E-03  6.6881641E-03
  4.8966920E-03  3.7023767E-03  0.0000000E+00
  0.1030813      3.6283292E-02  1.9383732E-02  1.2480592E-02  8.8009080E-03
  6.5161833E-03  4.9659619E-03  0.0000000E+00
  0.1306581      4.7581512E-02  2.5749434E-02  1.6827900E-02  1.2026752E-02
  9.0099126E-03  6.9067236E-03  0.0000000E+00
  0.1728174      6.4755760E-02  3.5662249E-02  2.3731040E-02  1.7245909E-02
  1.3065807E-02  1.0003583E-02  0.0000000E+00
  0.2395796      9.2248894E-02  5.2000478E-02  3.5447270E-02  2.6274931E-02
  2.0076437E-02  1.4761734E-02
  0.3516063      0.1394960      8.1285082E-02  5.7267405E-02  4.3449182E-02
  3.2365941E-02
  0.5546399      0.2293085      0.1404514      0.1037024      7.8800909E-02
  0.9701421      0.4288785      0.2846053      0.2204706    
   1.998089       1.000000      0.7531351    
   5.578646       3.635495    
   34.71874    
  1.0000000E+10
  0.1410728      3.0723765E-02  1.2133378E-02  6.1826697E-03  3.6333220E-03
  2.3396900E-03  1.6036578E-03  1.1508865E-03
  0.1310360      3.2351956E-02  1.3605442E-02  7.2086542E-03  4.3481654E-03
  2.8515668E-03  1.9817108E-03  1.4363778E-03
  0.1249024      3.4504294E-02  1.5512434E-02  8.5625071E-03  5.3116987E-03
  3.5519125E-03  2.5036244E-03  1.8322739E-03
  0.1263522      3.7794136E-02  1.8077394E-02  1.0408162E-02  6.6443626E-03
  4.5332885E-03  3.2396563E-03  0.0000000E+00
  0.1381733      4.3303225E-02  2.1802163E-02  1.3047842E-02  8.5658524E-03
  5.9596300E-03  4.3102489E-03  0.0000000E+00
  0.1618155      5.2782424E-02  2.7556596E-02  1.7040258E-02  1.1475410E-02
  8.1220027E-03  5.9239431E-03  0.0000000E+00
  0.2005130      6.8908215E-02  3.6901973E-02  2.3441507E-02  1.6136946E-02
  1.1564625E-02  8.4231067E-03  0.0000000E+00
  0.2637448      9.6241780E-02  5.2748967E-02  3.4337014E-02  2.4077171E-02
  1.7341362E-02  1.2077617E-02
  0.3737036      0.1441954      8.1320390E-02  5.4377161E-02  3.8686294E-02
  2.6920931E-02
  0.5792350      0.2356418      0.1385079      9.5639572E-02  6.6956617E-02
   1.006580      0.4370469      0.2732240      0.1925951    
   2.067581       1.000000      0.6811642    
   5.728783       3.430356    
   35.68641    
