   100.0000    
  3.8257327E-02  1.3736506E-02  7.2604096E-03  4.7290148E-03  3.4346774E-03
  2.6613791E-03  2.1524564E-03  1.7955496E-03
  4.6298746E-02  1.6699713E-02  8.8940300E-03  5.8393916E-03  4.2751706E-03
  3.3399428E-03  2.7252699E-03  2.2945583E-03
  5.6851730E-02  2.0632297E-02  1.1081737E-02  7.3430273E-03  5.4296101E-03
  4.2872881E-03  3.5371226E-03  3.0138798E-03
  7.0984803E-02  2.5952853E-02  1.4089007E-02  9.4448114E-03  7.0698392E-03
  5.6576342E-03  4.7367262E-03  0.0000000E+00
  9.0438418E-02  3.3377394E-02  1.8352062E-02  1.2491738E-02  9.4987890E-03
  7.7373874E-03  6.6093854E-03  0.0000000E+00
  0.1180877      4.4095617E-02  2.4664024E-02  1.7096277E-02  1.3295881E-02
  1.1092751E-02  9.7554531E-03  0.0000000E+00
  0.1589557      6.0288608E-02  3.4467947E-02  2.4531836E-02  1.9651907E-02
  1.7008152E-02  1.5598150E-02  0.0000000E+00
  0.2222957      8.6175375E-02  5.0782114E-02  3.7508264E-02  3.1460673E-02
  2.8816920E-02  2.7671292E-02
  0.3270544      0.1308658      8.0568403E-02  6.3053533E-02  5.7038996E-02
  5.6587353E-02
  0.5160829      0.2165675      0.1432033      0.1239260      0.1271205    
  0.9020709      0.4108835      0.3097599      0.3248513    
   1.860542       1.000000       1.004516    
   5.286407       4.353382    
   36.29654    
   1000.000    
  3.8261157E-02  1.3739284E-02  7.2642346E-03  4.7318093E-03  3.4359200E-03
  2.6610245E-03  2.1510222E-03  1.7916026E-03
  4.6306882E-02  1.6717961E-02  8.8986596E-03  5.8408440E-03  4.2756652E-03
  3.3391956E-03  2.7225765E-03  2.2895143E-03
  5.6847662E-02  2.0641899E-02  1.1090350E-02  7.3455707E-03  5.4297647E-03
  4.2844582E-03  3.5326446E-03  3.0072546E-03
  7.0993625E-02  2.5961751E-02  1.4091010E-02  9.4482312E-03  7.0696860E-03
  5.6539904E-03  4.7296113E-03  0.0000000E+00
  9.0448454E-02  3.3391956E-02  1.8366676E-02  1.2486261E-02  9.4976919E-03
  7.7302707E-03  6.5959552E-03  0.0000000E+00
  0.1180479      4.4119589E-02  2.4675753E-02  1.7102661E-02  1.3288636E-02
  1.1079358E-02  9.7241160E-03  0.0000000E+00
  0.1589360      6.0320951E-02  3.4480106E-02  2.4532866E-02  1.9641679E-02
  1.6970763E-02  1.5508903E-02  0.0000000E+00
  0.2222467      8.6216748E-02  5.0802376E-02  3.7502751E-02  3.1424489E-02
  2.8698616E-02  2.7258739E-02
  0.3271049      0.1309079      8.0589138E-02  6.3024841E-02  5.6880634E-02
  5.5891410E-02
  0.5161574      0.2166410      0.1432183      0.1237635      0.1258518    
  0.9022863      0.4109695      0.3095186      0.3223785    
   1.860849       1.000000      0.9991207    
   5.287975       4.337217    
   36.20576    
   10000.00    
  3.8283903E-02  1.3757250E-02  7.2726277E-03  4.7356905E-03  3.4365766E-03
  2.6584221E-03  2.1462187E-03  1.7850498E-03
  4.6317175E-02  1.6734159E-02  8.9077381E-03  5.8454638E-03  4.2760209E-03
  3.3358871E-03  2.7164277E-03  2.2797419E-03
  5.6867681E-02  2.0663237E-02  1.1097735E-02  7.3503340E-03  5.4295720E-03
  4.2803986E-03  3.5230382E-03  2.9911350E-03
  7.1007989E-02  2.5993215E-02  1.4107475E-02  9.4527751E-03  7.0690596E-03
  5.6451792E-03  4.7127069E-03  0.0000000E+00
  9.0478279E-02  3.3424538E-02  1.8375834E-02  1.2498632E-02  9.4943633E-03
  7.7147866E-03  6.5656127E-03  0.0000000E+00
  0.1180913      4.4161104E-02  2.4690818E-02  1.7106272E-02  1.3275692E-02
  1.1053957E-02  9.6585313E-03  0.0000000E+00
  0.1590238      6.0369924E-02  3.4508046E-02  2.4537597E-02  1.9612566E-02
  1.6898327E-02  1.5333261E-02  0.0000000E+00
  0.2223925      8.6286530E-02  5.0826315E-02  3.7495896E-02  3.1345081E-02
  2.8455731E-02  2.6584219E-02
  0.3272409      0.1310058      8.0639169E-02  6.2963776E-02  5.6561239E-02
  5.4733500E-02
  0.5163621      0.2168108      0.1432637      0.1233446      0.1237824    
  0.9027033      0.4112947      0.3090730      0.3181570    
   1.861661       1.000000      0.9894933    
   5.289483       4.309948    
   36.07311    
   100000.0    
  3.8314510E-02  1.3792355E-02  7.2882278E-03  4.7426149E-03  3.4372285E-03
  2.6552998E-03  2.1372719E-03  1.7723719E-03
  4.6361860E-02  1.6768029E-02  8.9270202E-03  5.8536059E-03  4.2756298E-03
  3.3297136E-03  2.7030844E-03  2.2599914E-03
  5.6917902E-02  2.0710252E-02  1.1120765E-02  7.3599047E-03  5.4289750E-03
  4.2691138E-03  3.5023892E-03  2.9604693E-03
  7.1068637E-02  2.6042573E-02  1.4129018E-02  9.4624246E-03  7.0645092E-03
  5.6277155E-03  4.6796263E-03  0.0000000E+00
  9.0551697E-02  3.3481754E-02  1.8407907E-02  1.2510860E-02  9.4841439E-03
  7.6835365E-03  6.5052127E-03  0.0000000E+00
  0.1182667      4.4244137E-02  2.4739357E-02  1.7115552E-02  1.3260209E-02
  1.0990443E-02  9.5341010E-03  0.0000000E+00
  0.1591008      6.0480017E-02  3.4556907E-02  2.4543874E-02  1.9559080E-02
  1.6757168E-02  1.5019548E-02  0.0000000E+00
  0.2226325      8.6446576E-02  5.0901394E-02  3.7478279E-02  3.1190271E-02
  2.8019113E-02  2.5564726E-02
  0.3275413      0.1311903      8.0712423E-02  6.2836669E-02  5.5973068E-02
  5.2932233E-02
  0.5169418      0.2172024      0.1432450      0.1226108      0.1204388    
  0.9037793      0.4118158      0.3083189      0.3114683    
   1.864683       1.000000      0.9741529    
   5.295395       4.265856    
   35.84926    
   1000000.    
  3.8429398E-02  1.3852582E-02  7.3194774E-03  4.7557321E-03  3.4379687E-03
  2.6451682E-03  2.1191344E-03  1.7452325E-03
  4.6485968E-02  1.6841654E-02  8.9629311E-03  5.8677956E-03  4.2746947E-03
  3.3147633E-03  2.6762376E-03  2.2209128E-03
  5.7049498E-02  2.0794943E-02  1.1163488E-02  7.3751877E-03  5.4231845E-03
  4.2468393E-03  3.4615386E-03  2.8990787E-03
  7.1223482E-02  2.6151704E-02  1.4184701E-02  9.4793234E-03  7.0537818E-03
  5.5903150E-03  4.6132421E-03  0.0000000E+00
  9.0743527E-02  3.3619028E-02  1.8470110E-02  1.2524106E-02  9.4600394E-03
  7.6173129E-03  6.3874014E-03  0.0000000E+00
  0.1184915      4.4418257E-02  2.4812514E-02  1.7130919E-02  1.3199057E-02
  1.0863510E-02  9.3014790E-03  0.0000000E+00
  0.1594172      6.0713522E-02  3.4658238E-02  2.4533961E-02  1.9445039E-02
  1.6466681E-02  1.4473967E-02  0.0000000E+00
  0.2230555      8.6758092E-02  5.1017784E-02  3.7422329E-02  3.0865654E-02
  2.7244484E-02  2.4030427E-02
  0.3283694      0.1316692      8.0844223E-02  6.2566958E-02  5.4896079E-02
  5.0192844E-02
  0.5182130      0.2179130      0.1432398      0.1211699      0.1152775    
  0.9061496      0.4128991      0.3068352      0.3007285    
   1.869509       1.000000      0.9496465    
   5.306406       4.195415    
   35.49389    
  1.0000000E+07
  3.8900524E-02  1.4000000E-02  7.3884814E-03  4.7842930E-03  3.4387435E-03
  2.6240838E-03  2.0806282E-03  1.6931938E-03
  4.6910994E-02  1.7005237E-02  9.0387436E-03  5.8952882E-03  4.2691100E-03
  3.2827226E-03  2.6209424E-03  2.1455497E-03
  5.7476439E-02  2.0984292E-02  1.1246073E-02  7.4031418E-03  5.4083774E-03
  4.1958117E-03  3.3790576E-03  2.7874345E-03
  7.1664922E-02  2.6376963E-02  1.4282722E-02  9.5057599E-03  7.0230365E-03
  5.5099479E-03  4.4837696E-03  0.0000000E+00
  9.1246068E-02  3.3895288E-02  1.8596860E-02  1.2544503E-02  9.4020944E-03
  7.4806279E-03  6.1696335E-03  0.0000000E+00
  0.1190576      4.4764400E-02  2.4952881E-02  1.7141361E-02  1.3089005E-02
  1.0607329E-02  8.8942405E-03  0.0000000E+00
  0.1603141      6.1172776E-02  3.4837697E-02  2.4502618E-02  1.9193716E-02
  1.5947644E-02  1.3602094E-02  0.0000000E+00
  0.2241885      8.7382197E-02  5.1235601E-02  3.7267014E-02  3.0251307E-02
  2.5958115E-02  2.1884818E-02
  0.3300524      0.1325655      8.1057586E-02  6.1989527E-02  5.3026177E-02
  4.6230368E-02
  0.5210471      0.2192670      0.1431414      0.1186387      0.1075393    
  0.9114137      0.4149738      0.3039790      0.2846074    
   1.880628       1.000000      0.9117277    
   5.330890       4.087958    
   35.00523    
  1.0000000E+08
  4.1789390E-02  1.4424047E-02  7.6124673E-03  4.8910631E-03  3.4658059E-03
  2.5973371E-03  2.0163406E-03  1.6037927E-03
  4.9354449E-02  1.7419809E-02  9.2445025E-03  5.9824488E-03  4.2727459E-03
  3.2277587E-03  2.5237040E-03  2.0193667E-03
  5.9542064E-02  2.1414163E-02  1.1448456E-02  7.4722613E-03  5.3843050E-03
  4.1022794E-03  3.2328023E-03  2.6023805E-03
  7.3471859E-02  2.6850918E-02  1.4494654E-02  9.5571922E-03  6.9598551E-03
  5.3560617E-03  4.2576157E-03  0.0000000E+00
  9.2919104E-02  3.4456324E-02  1.8821867E-02  1.2578172E-02  9.2757717E-03
  7.2241277E-03  5.8008879E-03  0.0000000E+00
  0.1208392      4.5460965E-02  2.5216864E-02  1.7127296E-02  1.2850515E-02
  1.0157353E-02  8.2459152E-03  0.0000000E+00
  0.1622957      6.2063746E-02  3.5142221E-02  2.4399837E-02  1.8700827E-02
  1.5069598E-02  1.2336090E-02  0.0000000E+00
  0.2268509      8.8601977E-02  5.1573534E-02  3.6917489E-02  2.9150696E-02
  2.3986284E-02  1.9144643E-02
  0.3338713      0.1343555      8.1349604E-02  6.0843252E-02  5.0010085E-02
  4.1032881E-02
  0.5272342      0.2218075      0.1428283      0.1142828      9.7095020E-02
  0.9225338      0.4187008      0.2988703      0.2621545    
   1.904378       1.000000      0.8577769    
   5.381279       3.933831    
   34.56728    
  1.0000000E+09
  5.5792972E-02  1.7559355E-02  8.9734085E-03  5.4662870E-03  3.6543210E-03
  2.5906933E-03  1.9145299E-03  1.4577397E-03
  6.1728396E-02  1.9810067E-02  1.0341880E-02  6.4501427E-03  4.3988605E-03
  3.1690409E-03  2.3703703E-03  1.8214625E-03
  7.0588797E-02  2.3257360E-02  1.2326686E-02  7.8252610E-03  5.4301997E-03
  3.9696107E-03  3.0037987E-03  2.3276352E-03
  8.3162390E-02  2.8376069E-02  1.5194682E-02  9.7910734E-03  6.9012344E-03
  5.1139602E-03  3.9107315E-03  0.0000000E+00
  0.1012346      3.5859447E-02  1.9420704E-02  1.2687560E-02  9.0740742E-03
  6.8110162E-03  5.2573602E-03  0.0000000E+00
  0.1279202      4.6923075E-02  2.5754986E-02  1.7103514E-02  1.2421653E-02
  9.4434945E-03  7.3456792E-03  0.0000000E+00
  0.1686610      6.3798673E-02  3.5660017E-02  2.4140550E-02  1.7853752E-02
  1.3760684E-02  1.0721747E-02  0.0000000E+00
  0.2334283      9.0826206E-02  5.2060779E-02  3.6172837E-02  2.7359925E-02
  2.1329535E-02  1.6020892E-02
  0.3420703      0.1374169      8.1595443E-02  5.8784425E-02  4.5679014E-02
  3.4919281E-02
  0.5395062      0.2263058      0.1417854      0.1075973      8.4358975E-02
  0.9438747      0.4246914      0.2904084      0.2335233    
   1.946819       1.000000      0.7872744    
   5.474834       3.732194    
   35.05223    
  1.0000000E+10
  0.1498706      3.2666091E-02  1.2873167E-02  6.5539256E-03  3.8524591E-03
  2.4823123E-03  1.7031925E-03  1.2243313E-03
  0.1369284      3.4029335E-02  1.4314063E-02  7.5849867E-03  4.5806728E-03
  3.0094909E-03  2.0957724E-03  1.5228646E-03
  0.1280414      3.5849869E-02  1.6160483E-02  8.9387400E-03  5.5599655E-03
  3.7299397E-03  2.6376187E-03  1.9370147E-03
  0.1272649      3.8723037E-02  1.8645385E-02  1.0785160E-02  6.9154440E-03
  4.7411560E-03  3.4037963E-03  0.0000000E+00
  0.1374461      4.3753233E-02  2.2260569E-02  1.3425367E-02  8.8697160E-03
  6.2148403E-03  4.5245904E-03  0.0000000E+00
  0.1598792      5.2761003E-02  2.7894737E-02  1.7437445E-02  1.1855047E-02
  8.4624682E-03  6.2251943E-03  0.0000000E+00
  0.1974116      6.8412431E-02  3.7152719E-02  2.3908541E-02  1.6643658E-02
  1.2070751E-02  8.8869715E-03  0.0000000E+00
  0.2588438      9.5254533E-02  5.2976701E-02  3.5004314E-02  2.4892149E-02
  1.8188093E-02  1.2838654E-02
  0.3656600      0.1425367      8.1734255E-02  5.5599656E-02  4.0241588E-02
  2.8498705E-02
  0.5659189      0.2332183      0.1396031      9.8446935E-02  7.0474550E-02
  0.9827438      0.4337360      0.2776532      0.2011217    
   2.022433       1.000000      0.7041415    
   5.636756       3.494392    
   35.78085    
