   100.0000    
  3.6793128E-02  1.3314244E-02  7.1524698E-03  4.7695064E-03  3.5654975E-03
  2.8561205E-03  2.3965640E-03  2.0794561E-03
  4.4373658E-02  1.6141731E-02  8.7473160E-03  5.8861845E-03  4.4438085E-03
  3.5984251E-03  3.0551180E-03  2.6864712E-03
  5.4294921E-02  1.9885469E-02  1.0880458E-02  7.4015753E-03  5.6585544E-03
  4.6435217E-03  4.0021474E-03  3.5812459E-03
  6.7573376E-02  2.4953473E-02  1.3822476E-02  9.5347175E-03  7.3944172E-03
  6.1768079E-03  5.4323552E-03  0.0000000E+00
  8.5826777E-02  3.2011453E-02  1.7995706E-02  1.2634216E-02  9.9999998E-03
  8.5468870E-03  7.7308519E-03  0.0000000E+00
  0.1117394      4.2226199E-02  2.4194703E-02  1.7372942E-02  1.4130279E-02
  1.2483895E-02  1.1775233E-02  0.0000000E+00
  0.1498926      5.7659272E-02  3.3879746E-02  2.5096636E-02  2.1216895E-02
  1.9713672E-02  1.9856837E-02  0.0000000E+00
  0.2092341      8.2390837E-02  5.0114535E-02  3.8840372E-02  3.4889050E-02
  3.5232645E-02  3.8826060E-02
  0.3073014      0.1251968      8.0171801E-02  6.6800289E-02  6.6664279E-02
  7.6950610E-02
  0.4843952      0.2080888      0.1449535      0.1377953      0.1667144    
  0.8468146      0.3987831      0.3267716      0.4083035    
   1.753758       1.000000       1.202577    
   5.065856       4.917681    
   38.84037    
   1000.000    
  3.6780626E-02  1.3319087E-02  7.1581197E-03  4.7720796E-03  3.5669517E-03
  2.8561254E-03  2.3945868E-03  2.0762109E-03
  4.4358976E-02  1.6146725E-02  8.7535614E-03  5.8888886E-03  4.4451565E-03
  3.5975783E-03  3.0519944E-03  2.6801995E-03
  5.4280624E-02  1.9893164E-02  1.0890313E-02  7.4074073E-03  5.6602564E-03
  4.6424503E-03  3.9971508E-03  3.5712251E-03
  6.7549855E-02  2.4957264E-02  1.3824786E-02  9.5370365E-03  7.4002850E-03
  6.1737890E-03  5.4230769E-03  0.0000000E+00
  8.5754983E-02  3.2022793E-02  1.8005699E-02  1.2642450E-02  1.0000001E-02
  8.5398862E-03  7.7136755E-03  0.0000000E+00
  0.1116809      4.2236466E-02  2.4209403E-02  1.7378917E-02  1.4123932E-02
  1.2464387E-02  1.1723647E-02  0.0000000E+00
  0.1498576      5.7678066E-02  3.3896010E-02  2.5099713E-02  2.1203704E-02
  1.9665241E-02  1.9693732E-02  0.0000000E+00
  0.2091168      8.2407407E-02  5.0135329E-02  3.8839031E-02  3.4850430E-02
  3.5028487E-02  3.7991453E-02
  0.3071938      0.1252849      8.0199435E-02  6.6773504E-02  6.6410258E-02
  7.5569801E-02
  0.4843305      0.2081909      0.1449430      0.1375356      0.1642450    
  0.8468661      0.3988604      0.3264957      0.4034900    
   1.753561       1.000000       1.191595    
   5.065527       4.887465    
   38.67521    
   10000.00    
  3.6807910E-02  1.3340395E-02  7.1680793E-03  4.7810734E-03  3.5720340E-03
  2.8573447E-03  2.3919491E-03  2.0692090E-03
  4.4392653E-02  1.6179377E-02  8.7711858E-03  5.8997171E-03  4.4512711E-03
  3.5988700E-03  3.0473163E-03  2.6694916E-03
  5.4314971E-02  1.9922316E-02  1.0911017E-02  7.4223159E-03  5.6666662E-03
  4.6419492E-03  3.9887005E-03  3.5515537E-03
  6.7591809E-02  2.4999999E-02  1.3848869E-02  9.5550846E-03  7.4081919E-03
  6.1709038E-03  5.4067797E-03  0.0000000E+00
  8.5875705E-02  3.2076269E-02  1.8043784E-02  1.2662429E-02  1.0007062E-02
  8.5310731E-03  7.6765539E-03  0.0000000E+00
  0.1117232      4.2302258E-02  2.4251411E-02  1.7408192E-02  1.4131355E-02
  1.2436441E-02  1.1638418E-02  0.0000000E+00
  0.1500000      5.7768360E-02  3.3954803E-02  2.5134180E-02  2.1193502E-02
  1.9576270E-02  1.9399717E-02  0.0000000E+00
  0.2093220      8.2556501E-02  5.0218925E-02  3.8877118E-02  3.4774009E-02
  3.4661017E-02  3.6680788E-02
  0.3074152      0.1254237      8.0296606E-02  6.6765539E-02  6.5967515E-02
  7.3375709E-02
  0.4847457      0.2084746      0.1450565      0.1370763      0.1603107    
  0.8481638      0.3994350      0.3261299      0.3959040    
   1.755650       1.000000       1.175141    
   5.070621       4.840395    
   38.43220    
   100000.0    
  3.6819447E-02  1.3368056E-02  7.1875001E-03  4.7909725E-03  3.5750000E-03
  2.8541668E-03  2.3819446E-03  2.0513891E-03
  4.4402778E-02  1.6208334E-02  8.7916665E-03  5.9111118E-03  4.4541671E-03
  3.5923610E-03  3.0312501E-03  2.6416667E-03
  5.4326393E-02  1.9965278E-02  1.0930556E-02  7.4375002E-03  5.6687500E-03
  4.6312502E-03  3.9631943E-03  3.5062502E-03
  6.7604169E-02  2.5048612E-02  1.3881945E-02  9.5694447E-03  7.4027777E-03
  6.1513889E-03  5.3618057E-03  0.0000000E+00
  8.5833333E-02  3.2131948E-02  1.8076390E-02  1.2673611E-02  1.0000001E-02
  8.4930556E-03  7.5902781E-03  0.0000000E+00
  0.1117361      4.2381946E-02  2.4298612E-02  1.7423611E-02  1.4111112E-02
  1.2354167E-02  1.1437500E-02  0.0000000E+00
  0.1500000      5.7868056E-02  3.4013890E-02  2.5145834E-02  2.1131946E-02
  1.9354168E-02  1.8847223E-02  0.0000000E+00
  0.2093750      8.2708336E-02  5.0298613E-02  3.8861115E-02  3.4562502E-02
  3.3923611E-02  3.4694444E-02
  0.3075694      0.1256945      8.0416672E-02  6.6611119E-02  6.5020837E-02
  6.9930561E-02
  0.4850000      0.2088194      0.1451389      0.1359028      0.1540278    
  0.8486111      0.4000000      0.3250000      0.3834722    
   1.756945       1.000000       1.147222    
   5.073611       4.759028    
   38.00695    
   1000000.    
  3.6941256E-02  1.3450371E-02  7.2316001E-03  4.8143147E-03  3.5827146E-03
  2.8474003E-03  2.3605672E-03  2.0148547E-03
  4.4530720E-02  1.6299797E-02  8.8386228E-03  5.9378799E-03  4.4604996E-03
  3.5800135E-03  2.9986496E-03  2.5867657E-03
  5.4463200E-02  2.0074274E-02  1.0992573E-02  7.4679274E-03  5.6725186E-03
  4.6090479E-03  3.9108712E-03  3.4179608E-03
  6.7792028E-02  2.5178932E-02  1.3956785E-02  9.6016200E-03  7.4071577E-03
  6.1107357E-03  5.2721133E-03  0.0000000E+00
  8.6090475E-02  3.2295745E-02  1.8170156E-02  1.2714381E-02  9.9864956E-03
  8.4132338E-03  7.4206614E-03  0.0000000E+00
  0.1120189      4.2592842E-02  2.4415934E-02  1.7467927E-02  1.4064821E-02
  1.2187710E-02  1.1080351E-02  0.0000000E+00
  0.1503714      5.8149897E-02  3.4166105E-02  2.5178932E-02  2.1006078E-02
  1.8946657E-02  1.7933829E-02  0.0000000E+00
  0.2098582      8.3119512E-02  5.0506413E-02  3.8845375E-02  3.4145847E-02
  3.2680620E-02  3.1870358E-02
  0.3083727      0.1262660      8.0688722E-02  6.6320054E-02  6.3376099E-02
  6.4942606E-02
  0.4863605      0.2097907      0.1453072      0.1338960      0.1447670    
  0.8507764      0.4015530      0.3230250      0.3648210    
   1.762998       1.000000       1.104659    
   5.087103       4.638082    
   37.39365    
  1.0000000E+07
  3.7475850E-02  1.3618802E-02  7.3277527E-03  4.8615579E-03  3.5943335E-03
  2.8287186E-03  2.3148744E-03  1.9433354E-03
  4.5022536E-02  1.6497102E-02  8.9439787E-03  5.9858337E-03  4.4655502E-03
  3.5466836E-03  2.9285254E-03  2.4803604E-03
  5.4945268E-02  2.0296201E-02  1.1107533E-02  7.5144880E-03  5.6677395E-03
  4.5524789E-03  3.8016741E-03  3.2543463E-03
  6.8254985E-02  2.5447519E-02  1.4095300E-02  9.6587250E-03  7.3857051E-03
  6.0135219E-03  5.0927238E-03  0.0000000E+00
  8.6606562E-02  3.2627173E-02  1.8332260E-02  1.2768835E-02  9.9356081E-03
  8.2421117E-03  7.1088215E-03  0.0000000E+00
  0.1126851      4.3013521E-02  2.4623310E-02  1.7508049E-02  1.3940759E-02
  1.1848035E-02  1.0457180E-02  0.0000000E+00
  0.1512556      5.8712166E-02  3.4430135E-02  2.5189953E-02  2.0701867E-02
  1.8190598E-02  1.6516419E-02  0.0000000E+00
  0.2111397      8.3837733E-02  5.0837085E-02  3.8718607E-02  3.3316161E-02
  3.0650353E-02  2.8055375E-02
  0.3103026      0.1274308      8.1068896E-02  6.5614939E-02  6.0540888E-02
  5.8055375E-02
  0.4895686      0.2115261      0.1453316      0.1301996      0.1316162    
  0.8570508      0.4042498      0.3191887      0.3377978    
   1.775918       1.000000       1.041855    
   5.114616       4.459111    
   36.53574    
  1.0000000E+08
  4.0709175E-02  1.4153754E-02  7.6340879E-03  5.0297976E-03  3.6591177E-03
  2.8140643E-03  2.2407628E-03  1.8253874E-03
  4.7777116E-02  1.7008342E-02  9.2252679E-03  6.1263409E-03  4.4976161E-03
  3.4928485E-03  2.8075089E-03  2.3063170E-03
  5.7294399E-02  2.0828368E-02  1.1382598E-02  7.6340879E-03  5.6626936E-03
  4.4445768E-03  3.6084624E-03  2.9904647E-03
  7.0321813E-02  2.6030989E-02  1.4380215E-02  9.7556608E-03  7.3301550E-03
  5.8235992E-03  4.7824793E-03  0.0000000E+00
  8.8557802E-02  3.3313468E-02  1.8653158E-02  1.2842669E-02  9.7973775E-03
  7.9082241E-03  6.5852203E-03  0.0000000E+00
  0.1147199      4.3861736E-02  2.4988081E-02  1.7538736E-02  1.3653158E-02
  1.1233612E-02  9.5053632E-03  0.0000000E+00
  0.1536353      5.9833132E-02  3.4868889E-02  2.5113229E-02  2.0077473E-02
  1.6936829E-02  1.4564957E-02  0.0000000E+00
  0.2142431      8.5399285E-02  5.1352799E-02  3.8337305E-02  3.1811681E-02
  2.7687723E-02  2.3528008E-02
  0.3148391      0.1295590      8.1525624E-02  6.4183548E-02  5.6156140E-02
  4.9606673E-02
  0.4968415      0.2148391      0.1451132      0.1241359      0.1149583    
  0.8700835      0.4090584      0.3123361      0.3024434    
   1.803337       1.000000      0.9588796    
   5.174016       4.219904    
   35.71513    
  1.0000000E+09
  5.5894736E-02  1.8278947E-02  9.5473686E-03  5.9052631E-03  3.9963159E-03
  2.8673685E-03  2.1431579E-03  1.6505263E-03
  6.0999997E-02  2.0099999E-02  1.0768422E-02  6.8473681E-03  4.7494737E-03
  3.4752630E-03  2.6384210E-03  2.0568420E-03
  6.9105260E-02  2.3173684E-02  1.2605263E-02  8.1894742E-03  5.7999999E-03
  4.3242103E-03  3.3321055E-03  2.6268421E-03
  8.0894738E-02  2.7931578E-02  1.5352631E-02  1.0152631E-02  7.3263156E-03
  5.5526313E-03  4.3373685E-03  0.0000000E+00
  9.7789474E-02  3.5047367E-02  1.9473683E-02  1.3078948E-02  9.6052624E-03
  7.3947371E-03  5.8526318E-03  0.0000000E+00
  0.1227895      4.5668419E-02  2.5736842E-02  1.7594736E-02  1.3157895E-02
  1.0305264E-02  8.2526319E-03  0.0000000E+00
  0.1611053      6.1947368E-02  3.5605263E-02  2.4884211E-02  1.9026317E-02
  1.5168421E-02  1.2231579E-02  0.0000000E+00
  0.2221053      8.8105269E-02  5.2073684E-02  3.7500001E-02  2.9478947E-02
  2.3931580E-02  1.8784210E-02
  0.3247368      0.1334210      8.2052626E-02  6.1631579E-02  5.0205264E-02
  4.0436845E-02
  0.5116315      0.2204211      0.1440526      0.1152105      9.6157894E-02
  0.8957894      0.4168948      0.3014210      0.2610526    
   1.855789       1.000000      0.8578947    
   5.284210       3.932105    
   35.83684    
  1.0000000E+10
  0.1704791      3.7380233E-02  1.4643935E-02  7.4277082E-03  4.3590851E-03
  2.8075094E-03  1.9292188E-03  1.3897280E-03
  0.1505826      3.8126886E-02  1.5994821E-02  8.4548984E-03  5.1057399E-03
  3.3586533E-03  2.3452740E-03  1.7099697E-03
  0.1352179      3.9158393E-02  1.7699610E-02  9.8014669E-03  6.1113508E-03
  4.1130772E-03  2.9218816E-03  2.1579629E-03
  0.1293914      4.1057400E-02  1.9982737E-02  1.1627103E-02  7.5010788E-03
  5.1747952E-03  3.7432022E-03  0.0000000E+00
  0.1361243      4.5015104E-02  2.3331894E-02  1.4242554E-02  9.5123006E-03
  6.7328438E-03  4.9546827E-03  0.0000000E+00
  0.1563660      5.2956406E-02  2.8679324E-02  1.8256364E-02  1.2602502E-02
  9.1368146E-03  6.8234783E-03  0.0000000E+00
  0.1918861      6.7630552E-02  3.7695292E-02  2.4820888E-02  1.7643504E-02
  1.3051359E-02  9.8014669E-03  0.0000000E+00
  0.2502805      9.3482949E-02  5.3431157E-02  3.6266722E-02  2.6456622E-02
  1.9823046E-02  1.4380665E-02
  0.3516616      0.1397065      8.2520500E-02  5.7876561E-02  4.3202415E-02
  3.1648684E-02
  0.5425118      0.2289599      0.1418213      0.1038412      7.7427708E-02
  0.9425981      0.4281830      0.2860595      0.2178248    
   1.944756       1.000000      0.7488131    
   5.476910       3.620630    
   36.01640    
