   100.0000    
  4.6394441E-02  1.5434405E-02  7.2719376E-03  4.1689835E-03  2.6607299E-03
  1.8188532E-03  1.3053868E-03  9.7132934E-04
  5.6733277E-02  1.8913988E-02  8.9400522E-03  5.1433537E-03  3.2919201E-03
  2.2562989E-03  1.6229366E-03  1.2102521E-03
  7.0373595E-02  2.3536058E-02  1.1172894E-02  6.4509124E-03  4.1437880E-03
  2.8501304E-03  2.0560382E-03  1.5373590E-03
  8.8879243E-02  2.9830584E-02  1.4226760E-02  8.2536926E-03  5.3258040E-03
  3.6781060E-03  2.6633362E-03  0.0000000E+00
  0.1145091      3.8627282E-02  1.8536055E-02  1.0816681E-02  7.0199831E-03
  4.8740227E-03  3.5438749E-03  0.0000000E+00
  0.1512598      5.1346656E-02  2.4826238E-02  1.4600349E-02  9.5438752E-03
  6.6681146E-03  4.8740227E-03  0.0000000E+00
  0.2059079      7.0460469E-02  3.4430932E-02  2.0451780E-02  1.3496960E-02
  9.5091229E-03  6.9678542E-03  0.0000000E+00
  0.2910513      0.1008254      4.9956564E-02  3.0078193E-02  2.0117290E-02
  1.4296264E-02  1.0191139E-02
  0.4321026      0.1523458      7.6933108E-02  4.7263250E-02  3.2163337E-02
  2.2541268E-02
  0.6859252      0.2483493      0.1291486      8.1754997E-02  5.5951349E-02
   1.197220      0.4535187      0.2473936      0.1622068    
   2.429626       1.000000      0.5903562    
   6.472632       3.183753    
   32.61946    
   1000.000    
  4.6374295E-02  1.5432045E-02  7.2731217E-03  4.1676071E-03  2.6595744E-03
  1.8180633E-03  1.3039514E-03  9.7003905E-04
  5.6708638E-02  1.8910116E-02  8.9405123E-03  5.1411199E-03  3.2904905E-03
  2.2548849E-03  1.6213635E-03  1.2088581E-03
  7.0343032E-02  2.3534520E-02  1.1172384E-02  6.4481110E-03  4.1419887E-03
  2.8480242E-03  2.0542771E-03  1.5349544E-03
  8.8840641E-02  2.9826313E-02  1.4224924E-02  8.2501080E-03  5.3234911E-03
  3.6752061E-03  2.6604428E-03  0.0000000E+00
  0.1145028      3.8623534E-02  1.8532347E-02  1.0811985E-02  7.0169345E-03
  4.8675635E-03  3.5392966E-03  0.0000000E+00
  0.1512375      5.1324356E-02  2.4824142E-02  1.4594008E-02  9.5353881E-03
  6.6608773E-03  4.8675635E-03  0.0000000E+00
  0.2058619      7.0473291E-02  3.4424663E-02  2.0442899E-02  1.3491098E-02
  9.5006507E-03  6.9518019E-03  0.0000000E+00
  0.2909683      0.1008250      4.9934868E-02  3.0065130E-02  2.0095527E-02
  1.4268346E-02  1.0134607E-02
  0.4320451      0.1523231      7.6899692E-02  4.7242727E-02  3.2118972E-02
  2.2440294E-02
  0.6856274      0.2483283      0.1290925      8.1676073E-02  5.5753365E-02
   1.197134      0.4533217      0.2472427      0.1617890    
   2.429440       1.000000      0.5896657    
   6.469822       3.180634    
   32.60096    
   10000.00    
  4.6374295E-02  1.5445071E-02  7.2774636E-03  4.1689100E-03  2.6595744E-03
  1.8171949E-03  1.3026487E-03  9.6830213E-04
  5.6708638E-02  1.8923143E-02  8.9448541E-03  5.1411199E-03  3.2900563E-03
  2.2535820E-03  1.6196265E-03  1.2066870E-03
  7.0386454E-02  2.3551889E-02  1.1176725E-02  6.4481110E-03  4.1415542E-03
  2.8462876E-03  2.0516717E-03  1.5319149E-03
  8.8884063E-02  2.9848022E-02  1.4233609E-02  8.2501080E-03  5.3234911E-03
  3.6726010E-03  2.6565350E-03  0.0000000E+00
  0.1145462      3.8649585E-02  1.8541032E-02  1.0811985E-02  7.0125922E-03
  4.8632221E-03  3.5327834E-03  0.0000000E+00
  0.1512809      5.1367778E-02  2.4832826E-02  1.4594008E-02  9.5353881E-03
  6.6521927E-03  4.8545375E-03  0.0000000E+00
  0.2059488      7.0516720E-02  3.4437690E-02  2.0442899E-02  1.3482413E-02
  9.4832834E-03  6.9214064E-03  0.0000000E+00
  0.2911420      0.1008684      4.9934868E-02  3.0060789E-02  2.0078158E-02
  1.4224924E-02  1.0034737E-02
  0.4322623      0.1524099      7.6943114E-02  4.7242727E-02  3.2062527E-02
  2.2270951E-02
  0.6860617      0.2484585      0.1290925      8.1632659E-02  5.5405989E-02
   1.198003      0.4537560      0.2471993      0.1611376    
   2.430743       1.000000      0.5879288    
   6.474164       3.176726    
   32.58793    
   100000.0    
  4.6377443E-02  1.5453363E-02  7.2754878E-03  4.1674622E-03  2.6568330E-03
  1.8138830E-03  1.2989154E-03  9.6442515E-04
  5.6702822E-02  1.8937094E-02  8.9457696E-03  5.1409979E-03  3.2867680E-03
  2.2494579E-03  1.6147506E-03  1.2013016E-03
  7.0368767E-02  2.3566160E-02  1.1180043E-02  6.4468547E-03  4.1366597E-03
  2.8403471E-03  2.0446854E-03  1.5240782E-03
  8.8893704E-02  2.9861173E-02  1.4234274E-02  8.2472889E-03  5.3145341E-03
  3.6637746E-03  2.6464208E-03  0.0000000E+00
  0.1145336      3.8663775E-02  1.8542299E-02  1.0806941E-02  7.0021693E-03
  4.8503256E-03  3.5167029E-03  0.0000000E+00
  0.1512798      5.1366594E-02  2.4832971E-02  1.4585683E-02  9.5184380E-03
  6.6334060E-03  4.8242952E-03  0.0000000E+00
  0.2059436      7.0542298E-02  3.4433842E-02  2.0425161E-02  1.3453362E-02
  9.4446857E-03  6.8633407E-03  0.0000000E+00
  0.2911497      0.1009111      4.9934927E-02  3.0030370E-02  2.0026030E-02
  1.4134490E-02  9.8828636E-03
  0.4323210      0.1524512      7.6919742E-02  4.7158353E-02  3.1921908E-02
  2.1986986E-02
  0.6859002      0.2485033      0.1290239      8.1388287E-02  5.4880694E-02
   1.198265      0.4537961      0.2468547      0.1599566    
   2.431236       1.000000      0.5852494    
   6.472885       3.167896    
   32.54230    
   1000000.    
  4.6423923E-02  1.5478977E-02  7.2865188E-03  4.1681835E-03  2.6536628E-03
  1.8084091E-03  1.2925877E-03  9.5752056E-04
  5.6740355E-02  1.8968355E-02  8.9553529E-03  5.1408755E-03  3.2821845E-03
  2.2423058E-03  1.6064153E-03  1.1915908E-03
  7.0437796E-02  2.3606414E-02  1.1192024E-02  6.4456002E-03  4.1300389E-03
  2.8305158E-03  2.0329431E-03  1.5101864E-03
  8.8946678E-02  2.9908974E-02  1.4247941E-02  8.2444735E-03  5.3055915E-03
  3.6497614E-03  2.6289553E-03  0.0000000E+00
  0.1146077      3.8725615E-02  1.8556567E-02  1.0801907E-02  6.9874297E-03
  4.8287818E-03  3.4893802E-03  0.0000000E+00
  0.1514087      5.1452100E-02  2.4850454E-02  1.4577373E-02  9.4928471E-03
  6.5973122E-03  4.7767661E-03  0.0000000E+00
  0.2061118      7.0654526E-02  3.4456003E-02  2.0407455E-02  1.3411356E-02
  9.3758125E-03  6.7663635E-03  0.0000000E+00
  0.2913741      0.1010403      4.9934980E-02  2.9986996E-02  1.9930646E-02
  1.3983528E-02  9.6575636E-03
  0.4327265      0.1526658      7.6896407E-02  4.7030773E-02  3.1686172E-02
  2.1564802E-02
  0.6866060      0.2487646      0.1289553      8.1014305E-02  5.4009534E-02
   1.199393      0.4542696      0.2463806      0.1581274    
   2.434330       1.000000      0.5808409    
   6.480277       3.155613    
   32.49675    
  1.0000000E+07
  4.6666671E-02  1.5536797E-02  7.3030307E-03  4.1688313E-03  2.6467533E-03
  1.7982685E-03  1.2805195E-03  9.4415585E-04
  5.6969702E-02  1.9034633E-02  8.9740260E-03  5.1385281E-03  3.2727274E-03
  2.2285716E-03  1.5900433E-03  1.1735931E-03
  7.0606060E-02  2.3683982E-02  1.1212122E-02  6.4458875E-03  4.1168830E-03
  2.8112554E-03  2.0099566E-03  1.4848484E-03
  8.9134201E-02  3.0008659E-02  1.4272728E-02  8.2424246E-03  5.2857148E-03
  3.6225109E-03  2.5956710E-03  0.0000000E+00
  0.1148485      3.8848486E-02  1.8588746E-02  1.0792208E-02  6.9610393E-03
  4.7878791E-03  3.4380953E-03  0.0000000E+00
  0.1516450      5.1601734E-02  2.4883118E-02  1.4558442E-02  9.4458880E-03
  6.5281386E-03  4.6926411E-03  0.0000000E+00
  0.2064502      7.0822515E-02  3.4493506E-02  2.0367967E-02  1.3324675E-02
  9.2510823E-03  6.6060610E-03  0.0000000E+00
  0.2919481      0.1013420      5.0000004E-02  2.9900433E-02  1.9761905E-02
  1.3727273E-02  9.3203466E-03
  0.4337662      0.1530303      7.6926403E-02  4.6839830E-02  3.1264070E-02
  2.0917749E-02
  0.6883117      0.2493074      0.1288312      8.0389619E-02  5.2683983E-02
   1.202165      0.4549784      0.2454978      0.1551948    
   2.440260       1.000000      0.5735931    
   6.493506       3.135065    
   32.44156    
  1.0000000E+08
  4.8531950E-02  1.5669258E-02  7.3359241E-03  4.1670986E-03  2.6299655E-03
  1.7741795E-03  1.2543178E-03  9.1753027E-04
  5.8419690E-02  1.9170985E-02  9.0112267E-03  5.1338514E-03  3.2500001E-03
  2.1981865E-03  1.5565631E-03  1.1394647E-03
  7.1761653E-02  2.3829879E-02  1.1247841E-02  6.4335060E-03  4.0863557E-03
  2.7711571E-03  1.9654578E-03  1.4391191E-03
  9.0025909E-02  3.0177029E-02  1.4309154E-02  8.2253888E-03  5.2417959E-03
  3.5660623E-03  2.5332470E-03  0.0000000E+00
  0.1155872      3.9050087E-02  1.8626943E-02  1.0764249E-02  6.8955095E-03
  4.7063907E-03  3.3449912E-03  0.0000000E+00
  0.1523316      5.1856648E-02  2.4926597E-02  1.4503455E-02  9.3436958E-03
  6.3989633E-03  4.5423144E-03  0.0000000E+00
  0.2071675      7.1157172E-02  3.4529362E-02  2.0272020E-02  1.3151987E-02
  9.0284981E-03  6.3471505E-03  0.0000000E+00
  0.2928325      0.1017703      5.0000001E-02  2.9710708E-02  1.9430051E-02
  1.3290155E-02  8.8385148E-03
  0.4348014      0.1536269      7.6856650E-02  4.6416234E-02  3.0522451E-02
  1.9961139E-02
  0.6904145      0.2501727      0.1284974      7.9145074E-02  5.0690845E-02
   1.206822      0.4559585      0.2437392      0.1505181    
   2.449914       1.000000      0.5617444    
   6.515544       3.101036    
   32.50000    
  1.0000000E+09
  5.9018511E-02  1.6577700E-02  7.5678001E-03  4.1980199E-03  2.5923376E-03
  1.7163152E-03  1.1941455E-03  8.6181663E-04
  6.7972444E-02  1.9862248E-02  9.1820918E-03  5.1442101E-03  3.2001722E-03
  2.1295738E-03  1.4860093E-03  1.0736117E-03
  8.0111921E-02  2.4373654E-02  1.1373224E-02  6.4227292E-03  4.0198020E-03
  2.6866121E-03  1.8790357E-03  1.3581575E-03
  9.6943609E-02  3.0645715E-02  1.4408093E-02  8.1876880E-03  5.1528197E-03
  3.4567369E-03  2.4214378E-03  0.0000000E+00
  0.1210504      3.9522167E-02  1.8712871E-02  1.0701679E-02  6.7671114E-03
  4.5544556E-03  3.1898406E-03  0.0000000E+00
  0.1565648      5.2389149E-02  2.5002152E-02  1.4399483E-02  9.1562634E-03
  6.1730519E-03  4.3090833E-03  0.0000000E+00
  0.2105467      7.1846746E-02  3.4593198E-02  2.0086095E-02  1.2841154E-02
  8.6612133E-03  5.9707277E-03  0.0000000E+00
  0.2959104      0.1026259      5.0021522E-02  2.9354282E-02  1.8867843E-02
  1.2630220E-02  8.2092118E-03
  0.4386569      0.1548429      7.6754197E-02  4.5630649E-02  2.9354282E-02
  1.8669823E-02
  0.6956522      0.2518726      0.1278519      7.7098578E-02  4.7826089E-02
   1.216100      0.4580284      0.2407232      0.1438226    
   2.469651       1.000000      0.5441240    
   6.560482       3.051657    
   33.56866    
  1.0000000E+10
  0.1028731      2.1899657E-02  8.5506001E-03  4.2967410E-03  2.4832762E-03
  1.5707548E-03  1.0578902E-03  7.4614066E-04
  0.1066038      2.4768440E-02  1.0120069E-02  5.2186963E-03  3.0660375E-03
  1.9601202E-03  1.3289022E-03  9.4082335E-04
  0.1141938      2.8606346E-02  1.2204117E-02  6.4536883E-03  3.8533448E-03
  2.4879931E-03  1.6968268E-03  1.2041166E-03
  0.1277016      3.4013722E-02  1.5068610E-02  8.1603769E-03  4.9399654E-03
  3.2182676E-03  2.2041167E-03  0.0000000E+00
  0.1492710      4.1998286E-02  1.9159520E-02  1.0583190E-02  6.4922813E-03
  4.2564324E-03  2.9198113E-03  0.0000000E+00
  0.1818611      5.4202400E-02  2.5248714E-02  1.4163808E-02  8.7735849E-03
  5.7761576E-03  3.9524017E-03  0.0000000E+00
  0.2317753      7.3284738E-02  3.4678388E-02  1.9686963E-02  1.2281303E-02
  8.0874786E-03  5.4545454E-03  0.0000000E+00
  0.3125215      0.1041595      4.9957119E-02  2.8662093E-02  1.7954545E-02
  1.1702402E-02  7.4271010E-03
  0.4515437      0.1568182      7.6372214E-02  4.4253860E-02  2.7632933E-02
  1.7036879E-02
  0.7088336      0.2545883      0.1265437      7.3970839E-02  4.4168096E-02
   1.234134      0.4614065      0.2357204      0.1346484    
   2.504717       1.000000      0.5192968    
   6.642367       2.981561    
   35.90480    
