   100.0000    
  0.0000000E+00  1.4332866E-02  6.1002206E-03  3.7007402E-03  2.5895180E-03
  1.9533907E-03  1.5443088E-03  1.2612522E-03
  0.0000000E+00  1.7463494E-02  7.4724946E-03  4.5659132E-03  3.2176436E-03
  2.4454892E-03  1.9483898E-03  1.6043209E-03
  0.0000000E+00  2.1604322E-02  9.3068611E-03  5.7351473E-03  4.0788157E-03
  3.1286257E-03  2.5175035E-03  2.0944190E-03
  0.0000000E+00  2.7215444E-02  1.1822364E-02  7.3624728E-03  5.2950592E-03
  4.1108225E-03  3.3496700E-03  0.0000000E+00
  0.0000000E+00  3.5057012E-02  1.5383077E-02  9.7089428E-03  7.0844172E-03
  5.5861175E-03  4.6309265E-03  0.0000000E+00
  0.0000000E+00  4.6379279E-02  2.0624125E-02  1.3242649E-02  9.8519707E-03
  7.9385880E-03  6.7423484E-03  0.0000000E+00
  0.0000000E+00  6.3462697E-02  2.8725745E-02  1.8883776E-02  1.4432888E-02
  1.2002401E-02  1.0552110E-02  0.0000000E+00
  0.0000000E+00  9.0718143E-02  4.2068414E-02  2.8605722E-02  2.2774557E-02
  1.9863972E-02  1.8043609E-02
  0.0000000E+00  0.1375275      6.6103220E-02  4.7349472E-02  4.0268056E-02
  3.7397482E-02
  0.0000000E+00  0.2266453      0.1155231      9.0488099E-02  8.5497096E-02
  0.0000000E+00  0.4247850      0.2414483      0.2238448    
  0.0000000E+00   1.000000      0.7246450    
  0.0000000E+00   3.897779    
   27.51550    
   1000.000    
  0.0000000E+00  1.4331337E-02  6.1007985E-03  3.7005988E-03  2.5888223E-03
  1.9520958E-03  1.5429142E-03  1.2594810E-03
  0.0000000E+00  1.7465070E-02  7.4740518E-03  4.5658681E-03  3.2165668E-03
  2.4441117E-03  1.9461077E-03  1.6007983E-03
  0.0000000E+00  2.1606786E-02  9.3083838E-03  5.7345312E-03  4.0768464E-03
  3.1257484E-03  2.5129740E-03  2.0888224E-03
  0.0000000E+00  2.7225548E-02  1.1826348E-02  7.3622754E-03  5.2924152E-03
  4.1067866E-03  3.3433132E-03  0.0000000E+00
  0.0000000E+00  3.5059880E-02  1.5389222E-02  9.7075850E-03  7.0808385E-03
  5.5798399E-03  4.6207588E-03  0.0000000E+00
  0.0000000E+00  4.6387225E-02  2.0628741E-02  1.3243513E-02  9.8463073E-03
  7.9271458E-03  6.7225546E-03  0.0000000E+00
  0.0000000E+00  6.3463069E-02  2.8722554E-02  1.8872255E-02  1.4421158E-02
  1.1976048E-02  1.0499001E-02  0.0000000E+00
  0.0000000E+00  9.0718560E-02  4.2065870E-02  2.8592814E-02  2.2744510E-02
  1.9790420E-02  1.7824352E-02
  0.0000000E+00  0.1375249      6.6097803E-02  4.7315370E-02  4.0159680E-02
  3.7015967E-02
  0.0000000E+00  0.2266467      0.1154691      9.0349302E-02  8.4810376E-02
  0.0000000E+00  0.4248503      0.2412176      0.2224551    
  0.0000000E+00   1.000000      0.7214571    
  0.0000000E+00   3.888223    
   27.46507    
   10000.00    
  0.0000000E+00  1.4343937E-02  6.1043738E-03  3.7017893E-03  2.5884693E-03
  1.9502982E-03  1.5397614E-03  1.2544731E-03
  0.0000000E+00  1.7475149E-02  7.4771377E-03  4.5666005E-03  3.2157057E-03
  2.4413520E-03  1.9413519E-03  1.5944334E-03
  0.0000000E+00  2.1620279E-02  9.3121277E-03  5.7355864E-03  4.0745526E-03
  3.1212724E-03  2.5059644E-03  2.0795229E-03
  0.0000000E+00  2.7236583E-02  1.1829026E-02  7.3618293E-03  5.2892645E-03
  4.0994035E-03  3.3320079E-03  0.0000000E+00
  0.0000000E+00  3.5079524E-02  1.5387674E-02  9.7067589E-03  7.0745531E-03
  5.5685886E-03  4.6013915E-03  0.0000000E+00
  0.0000000E+00  4.6401590E-02  2.0636184E-02  1.3240557E-02  9.8349899E-03
  7.9055661E-03  6.6829026E-03  0.0000000E+00
  0.0000000E+00  6.3489065E-02  2.8727636E-02  1.8866800E-02  1.4403579E-02
  1.1928430E-02  1.0397614E-02  0.0000000E+00
  0.0000000E+00  9.0755470E-02  4.2077534E-02  2.8568588E-02  2.2683898E-02
  1.9652087E-02  1.7455269E-02
  0.0000000E+00  0.1375746      6.6093445E-02  4.7266401E-02  3.9970178E-02
  3.6391653E-02
  0.0000000E+00  0.2266402      0.1154076      9.0089463E-02  8.3648115E-02
  0.0000000E+00  0.4248509      0.2409543      0.2200795    
  0.0000000E+00   1.000000      0.7161034    
  0.0000000E+00   3.872763    
   27.38569    
   100000.0    
  0.0000000E+00  1.4373149E-02  6.1135241E-03  3.7048371E-03  2.5873643E-03
  1.9466929E-03  1.5330701E-03  1.2458045E-03
  0.0000000E+00  1.7502468E-02  7.4886475E-03  4.5695952E-03  3.2142152E-03
  2.4353405E-03  1.9328726E-03  1.5824283E-03
  0.0000000E+00  2.1648569E-02  9.3247779E-03  5.7384009E-03  4.0720631E-03
  3.1135241E-03  2.4935834E-03  2.0602171E-03
  0.0000000E+00  2.7275419E-02  1.1846002E-02  7.3652519E-03  5.2843038E-03
  4.0868707E-03  3.3109575E-03  0.0000000E+00
  0.0000000E+00  3.5123397E-02  1.5409674E-02  9.7097727E-03  7.0651532E-03
  5.5468902E-03  4.5646592E-03  0.0000000E+00
  0.0000000E+00  4.6465944E-02  2.0651529E-02  1.3237908E-02  9.8163867E-03
  7.8647584E-03  6.6090818E-03  0.0000000E+00
  0.0000000E+00  6.3573547E-02  2.8756170E-02  1.8864758E-02  1.4363277E-02
  1.1836130E-02  1.0217177E-02  0.0000000E+00
  0.0000000E+00  9.0858832E-02  4.2102665E-02  2.8548865E-02  2.2586375E-02
  1.9397829E-02  1.6900295E-02
  0.0000000E+00  0.1377098      6.6120438E-02  4.7166828E-02  3.9615005E-02
  3.5409670E-02
  0.0000000E+00  0.2269497      0.1153998      8.9624874E-02  8.1816383E-02
  0.0000000E+00  0.4252715      0.2403751      0.2163870    
  0.0000000E+00   1.000000      0.7074037    
  0.0000000E+00   3.847976    
   27.25568    
   1000000.    
  0.0000000E+00  1.4429268E-02  6.1365855E-03  3.7131708E-03  2.5873170E-03
  1.9395122E-03  1.5209757E-03  1.2292683E-03
  0.0000000E+00  1.7570732E-02  7.5131711E-03  4.5785368E-03  3.2117073E-03
  2.4253658E-03  1.9151220E-03  1.5590244E-03
  0.0000000E+00  2.1726830E-02  9.3541462E-03  5.7473169E-03  4.0673176E-03
  3.0985367E-03  2.4682926E-03  2.0243903E-03
  0.0000000E+00  2.7365854E-02  1.1882926E-02  7.3746340E-03  5.2751219E-03
  4.0624388E-03  3.2712196E-03  0.0000000E+00
  0.0000000E+00  3.5239026E-02  1.5453658E-02  9.7180493E-03  7.0478050E-03
  5.5043902E-03  4.4956096E-03  0.0000000E+00
  0.0000000E+00  4.6604879E-02  2.0702438E-02  1.3239025E-02  9.7853653E-03
  7.7863415E-03  6.4751222E-03  0.0000000E+00
  0.0000000E+00  6.3765854E-02  2.8819513E-02  1.8858535E-02  1.4282927E-02
  1.1668293E-02  9.9121956E-03  0.0000000E+00
  0.0000000E+00  9.1131710E-02  4.2185366E-02  2.8507316E-02  2.2390245E-02
  1.8956097E-02  1.6068293E-02
  0.0000000E+00  0.1381463      6.6214636E-02  4.6995122E-02  3.8995124E-02
  3.3902440E-02
  0.0000000E+00  0.2275122      0.1154146      8.8790245E-02  7.8936584E-02
  0.0000000E+00  0.4262439      0.2395122      0.2104390    
  0.0000000E+00   1.000000      0.6936586    
  0.0000000E+00   3.810732    
   27.07317    
  1.0000000E+07
  0.0000000E+00  1.4541985E-02  6.1755721E-03  3.7242367E-03  2.5811070E-03
  1.9227099E-03  1.4942747E-03  1.1956107E-03
  0.0000000E+00  1.7681297E-02  7.5534349E-03  4.5868317E-03  3.2013359E-03
  2.3998092E-03  1.8778626E-03  1.5104963E-03
  0.0000000E+00  2.1851145E-02  9.3969461E-03  5.7528629E-03  4.0486641E-03
  3.0601146E-03  2.4131681E-03  1.9541983E-03
  0.0000000E+00  2.7509542E-02  1.1927481E-02  7.3749996E-03  5.2442746E-03
  4.0028626E-03  3.1860687E-03  0.0000000E+00
  0.0000000E+00  3.5400763E-02  1.5505726E-02  9.7137401E-03  6.9942744E-03
  5.4083969E-03  4.3559158E-03  0.0000000E+00
  0.0000000E+00  4.6812978E-02  2.0763358E-02  1.3215649E-02  9.6851150E-03
  7.6173665E-03  6.2232828E-03  0.0000000E+00
  0.0000000E+00  6.4026721E-02  2.8883588E-02  1.8797711E-02  1.4093511E-02
  1.1335878E-02  9.3931295E-03  0.0000000E+00
  0.0000000E+00  9.1488548E-02  4.2242363E-02  2.8349238E-02  2.1965649E-02
  1.8167939E-02  1.4828244E-02
  0.0000000E+00  0.1386450      6.6221371E-02  4.6536259E-02  3.7805341E-02
  3.1603053E-02
  0.0000000E+00  0.2282443      0.1150763      8.7080151E-02  7.4398853E-02
  0.0000000E+00  0.4272901      0.2374046      0.2007634    
  0.0000000E+00   1.000000      0.6706107    
  0.0000000E+00   3.744275    
   26.80343    
  1.0000000E+08
  0.0000000E+00  1.5027625E-02  6.3489871E-03  3.7937388E-03  2.5939229E-03
  1.9005525E-03  1.4511971E-03  1.1390424E-03
  0.0000000E+00  1.8121548E-02  7.7071823E-03  4.6399632E-03  3.1970534E-03
  2.3600368E-03  1.8139965E-03  1.4309393E-03
  0.0000000E+00  2.2274403E-02  9.5395949E-03  5.7900553E-03  4.0248618E-03
  2.9944752E-03  2.3176796E-03  1.8388584E-03
  0.0000000E+00  2.7937386E-02  1.2062616E-02  7.3959487E-03  5.1915292E-03
  3.8987109E-03  3.0414367E-03  0.0000000E+00
  0.0000000E+00  3.5865564E-02  1.5644567E-02  9.7053414E-03  6.8987110E-03
  5.2384902E-03  4.1243094E-03  0.0000000E+00
  0.0000000E+00  4.7348071E-02  2.0911602E-02  1.3176796E-02  9.5119718E-03
  7.3232045E-03  5.8232048E-03  0.0000000E+00
  0.0000000E+00  6.4696133E-02  2.9042359E-02  1.8683242E-02  1.3756907E-02
  1.0782690E-02  8.6298343E-03  0.0000000E+00
  0.0000000E+00  9.2357285E-02  4.2394109E-02  2.8057093E-02  2.1243095E-02
  1.6961327E-02  1.3213629E-02
  0.0000000E+00  0.1398711      6.6289142E-02  4.5718234E-02  3.5920814E-02
  2.8508289E-02
  0.0000000E+00  0.2301105      0.1147330      8.4254146E-02  6.8139963E-02
  0.0000000E+00  0.4300185      0.2337938      0.1871087    
  0.0000000E+00   1.000000      0.6374770    
  0.0000000E+00   3.651934    
   26.93370    
  1.0000000E+09
  0.0000000E+00  1.7970512E-02  7.4024284E-03  4.1994797E-03  2.7181266E-03
  1.8933218E-03  1.3824805E-03  1.0433652E-03
  0.0000000E+00  2.0511709E-02  8.5602775E-03  4.9618389E-03  3.2740675E-03
  2.3148309E-03  1.7103209E-03  1.3026887E-03
  0.0000000E+00  2.4223765E-02  1.0216826E-02  6.0251518E-03  4.0424978E-03
  2.8985257E-03  2.1639201E-03  1.6608847E-03
  0.0000000E+00  2.9566349E-02  1.2593235E-02  7.5411974E-03  5.1352996E-03
  3.7285343E-03  2.8117953E-03  0.0000000E+00
  0.0000000E+00  3.7294015E-02  1.6062446E-02  9.7571546E-03  6.7406767E-03
  4.9540331E-03  3.7684303E-03  0.0000000E+00
  0.0000000E+00  4.8699047E-02  2.1248916E-02  1.3113617E-02  9.1934083E-03
  6.8430183E-03  5.2419775E-03  0.0000000E+00
  0.0000000E+00  6.6097140E-02  2.9314831E-02  1.8438855E-02  1.3156982E-02
  9.9219428E-03  7.6045096E-03  0.0000000E+00
  0.0000000E+00  9.4015613E-02  4.2567216E-02  2.7450131E-02  2.0017346E-02
  1.5247181E-02  1.1266262E-02
  0.0000000E+00  0.1419774      6.6209890E-02  4.4189073E-02  3.3070251E-02
  2.4674762E-02
  0.0000000E+00  0.2331310      0.1136167      7.9679102E-02  6.0078058E-02
  0.0000000E+00  0.4340850      0.2274935      0.1687771    
  0.0000000E+00   1.000000      0.5915004    
  0.0000000E+00   3.522116    
   29.30616    
  1.0000000E+10
  0.0000000E+00  3.1660110E-02  1.1014950E-02  5.2989773E-03  3.0165226E-03
  1.9040126E-03  1.2879623E-03  9.1660116E-04
  0.0000000E+00  3.3265147E-02  1.2069237E-02  6.0125887E-03  3.5161292E-03
  2.2659325E-03  1.5578285E-03  1.1219513E-03
  0.0000000E+00  3.5413064E-02  1.3438239E-02  6.9708889E-03  4.2022034E-03
  2.7694730E-03  1.9362707E-03  1.4107003E-03
  0.0000000E+00  3.8843431E-02  1.5381590E-02  8.3162868E-03  5.1738792E-03
  3.4885916E-03  2.4791504E-03  0.0000000E+00
  0.0000000E+00  4.4689223E-02  1.8300552E-02  1.0298978E-02  6.6018887E-03
  4.5491741E-03  3.2785209E-03  0.0000000E+00
  0.0000000E+00  5.4539736E-02  2.2903228E-02  1.3328088E-02  8.7804887E-03
  6.1707320E-03  4.4933124E-03  0.0000000E+00
  0.0000000E+00  7.0873335E-02  3.0409127E-02  1.8206138E-02  1.2289536E-02
  8.7647522E-03  6.3878838E-03  0.0000000E+00
  0.0000000E+00  9.8269083E-02  4.3115661E-02  2.6522424E-02  1.8284816E-02
  1.3131392E-02  9.1817472E-03
  0.0000000E+00  0.1463415      6.5995283E-02  4.1801732E-02  2.9339103E-02
  2.0440599E-02
  0.0000000E+00  0.2382376      0.1114870      7.3202208E-02  5.0841857E-02
  0.0000000E+00  0.4402833      0.2177813      0.1468922    
  0.0000000E+00   1.000000      0.5343824    
  0.0000000E+00   3.361920    
   32.28167    
  9.9999998E+10
  0.0000000E+00  4.9744796E-02  1.5567495E-02  6.8233716E-03  3.5957019E-03
  2.1289457E-03  1.3660175E-03  9.2881132E-04
  0.0000000E+00  5.4251179E-02  1.7159168E-02  7.5889858E-03  4.0362659E-03
  2.4083278E-03  1.5547349E-03  1.0624580E-03
  0.0000000E+00  5.9476163E-02  1.9126931E-02  8.5896580E-03  4.6286099E-03
  2.7918068E-03  1.8193420E-03  1.2525185E-03
  0.0000000E+00  6.5312289E-02  2.1551378E-02  9.9126929E-03  5.4425793E-03
  3.3357961E-03  2.2008060E-03  0.0000000E+00
  0.0000000E+00  7.1860306E-02  2.4647415E-02  1.1725991E-02  6.6145067E-03
  4.1396911E-03  2.7743452E-03  0.0000000E+00
  0.0000000E+00  8.0120891E-02  2.8905306E-02  1.4385493E-02  8.4016118E-03
  5.3888517E-03  3.6689052E-03  0.0000000E+00
  0.0000000E+00  9.2679650E-02  3.5439894E-02  1.8596373E-02  1.1276024E-02
  7.4143722E-03  5.0859638E-03  0.0000000E+00
  0.0000000E+00  0.1155809      4.6534587E-02  2.5755541E-02  1.6192075E-02
  1.0805910E-02  7.1457359E-03
  0.0000000E+00  0.1599060      6.7118876E-02  3.8905308E-02  2.5083950E-02
  1.6259234E-02
  0.0000000E+00  0.2498321      0.1089322      6.5386169E-02  4.1464072E-02
  0.0000000E+00  0.4507724      0.2049026      0.1237743    
  0.0000000E+00   1.000000      0.4711888    
  0.0000000E+00   3.188046    
   32.75352    
  1.0000000E+12
  0.0000000E+00  8.3333336E-02  2.5601851E-02  1.1018518E-02  5.7098763E-03
  3.3312757E-03  2.1080247E-03  1.4156378E-03
  0.0000000E+00  8.4876537E-02  2.6121398E-02  1.1255144E-02  5.8384771E-03
  3.4099794E-03  2.1589505E-03  1.4501029E-03
  0.0000000E+00  8.7962963E-02  2.7139917E-02  1.1723251E-02  6.0956790E-03
  3.5637859E-03  2.2587448E-03  1.5169752E-03
  0.0000000E+00  9.4084360E-02  2.9135803E-02  1.2633745E-02  6.5895058E-03
  3.8652264E-03  2.4542182E-03  0.0000000E+00
  0.0000000E+00  0.1039609      3.2433126E-02  1.4161522E-02  7.4331276E-03
  4.3806583E-03  2.7890946E-03  0.0000000E+00
  0.0000000E+00  0.1181584      3.7345678E-02  1.6517488E-02  8.7654311E-03
  5.2057612E-03  3.3287036E-03  0.0000000E+00
  0.0000000E+00  0.1373457      4.4465020E-02  2.0113168E-02  1.0874485E-02
  6.5432102E-03  4.1882717E-03  0.0000000E+00
  0.0000000E+00  0.1637346      5.5195473E-02  2.5925925E-02  1.4413580E-02
  8.7911524E-03  5.4526748E-03
  0.0000000E+00  0.2050411      7.3302470E-02  3.6311731E-02  2.0848766E-02
  1.2469135E-02
  0.0000000E+00  0.2855967      0.1088477      5.7047322E-02  3.2628600E-02
  0.0000000E+00  0.4743827      0.1902778      0.1011317    
  0.0000000E+00   1.000000      0.4058127    
  0.0000000E+00   2.997942    
   32.46914    
  9.9999998E+12
  0.0000000E+00  0.1232678      3.7769902E-02  1.6200451E-02  8.3725434E-03
  4.8694811E-03  3.0721885E-03  2.0570417E-03
  0.0000000E+00  0.1423139      4.3602966E-02  1.8698035E-02  9.6583953E-03
  5.6139221E-03  3.5417338E-03  2.3680311E-03
  0.0000000E+00  0.1580728      4.8436996E-02  2.0770222E-02  1.0728328E-02
  6.2326784E-03  3.9252336E-03  2.6210120E-03
  0.0000000E+00  0.1669352      5.1144060E-02  2.1943282E-02  1.1330971E-02
  6.5807286E-03  4.1379314E-03  0.0000000E+00
  0.0000000E+00  0.1691911      5.1885273E-02  2.2265550E-02  1.1498551E-02
  6.6709640E-03  4.1862717E-03  0.0000000E+00
  0.0000000E+00  0.1718337      5.2787624E-02  2.2678053E-02  1.1717693E-02
  6.7902030E-03  4.2442800E-03  0.0000000E+00
  0.0000000E+00  0.1838866      5.6654852E-02  2.4415083E-02  1.2629713E-02
  7.3058335E-03  4.5117629E-03  0.0000000E+00
  0.0000000E+00  0.2114405      6.5613925E-02  2.8449887E-02  1.4759909E-02
  8.4788920E-03  4.9887206E-03
  0.0000000E+00  0.2609088      8.2178541E-02  3.6126330E-02  1.8807607E-02
  1.0389945E-02
  0.0000000E+00  0.3477280      0.1128263      5.0789561E-02  2.5926523E-02
  0.0000000E+00  0.5256204      0.1775056      8.0728330E-02
  0.0000000E+00   1.000000      0.3396713    
  0.0000000E+00   2.754754    
   31.35998    
  1.0000000E+14
  0.0000000E+00  7.8994349E-02  2.4189228E-02  1.0367450E-02  5.3540613E-03
  3.1121687E-03  1.9622135E-03  1.3135972E-03
  0.0000000E+00  0.1037191      3.1746503E-02  1.3604582E-02  7.0217196E-03
  4.0791431E-03  2.5691758E-03  1.7167509E-03
  0.0000000E+00  0.1376079      4.2100564E-02  1.8030347E-02  9.3008028E-03
  5.3972034E-03  3.3948231E-03  2.2627194E-03
  0.0000000E+00  0.1825350      5.5801846E-02  2.3891697E-02  1.2308836E-02
  7.1318061E-03  4.4763465E-03  0.0000000E+00
  0.0000000E+00  0.2365367      7.2285034E-02  3.0913418E-02  1.5917880E-02
  9.2011308E-03  5.7542399E-03  0.0000000E+00
  0.0000000E+00  0.2883070      8.8083901E-02  3.7637606E-02  1.9339481E-02
  1.1142517E-02  6.9220467E-03  0.0000000E+00
  0.0000000E+00  0.3168700      9.6756913E-02  4.1297231E-02  2.1154419E-02
  1.2119904E-02  7.4129724E-03  0.0000000E+00
  0.0000000E+00  0.3201428      9.7709008E-02  4.1624516E-02  2.1228800E-02
  1.1986016E-02  6.9265096E-03
  0.0000000E+00  0.3348706      0.1022315      4.3439452E-02  2.1883367E-02
  1.1712288E-02
  0.0000000E+00  0.4015174      0.1226718      5.1800057E-02  2.4873549E-02
  0.0000000E+00  0.5678369      0.1736090      7.0737876E-02
  0.0000000E+00   1.000000      0.2938114    
  0.0000000E+00   2.515620    
   29.42577    
