   100.0000    
  0.0000000E+00  1.4137415E-02  6.1045559E-03  3.7811799E-03  2.7102316E-03
  2.1000747E-03  1.7072443E-03  1.4353996E-03
  0.0000000E+00  1.7184466E-02  7.4682599E-03  4.6631815E-03  3.3719193E-03
  2.6362957E-03  2.1643017E-03  1.8386855E-03
  0.0000000E+00  2.1209858E-02  9.2905154E-03  5.8588497E-03  4.2823004E-03
  3.3861091E-03  2.8147870E-03  2.4241970E-03
  0.0000000E+00  2.6669158E-02  1.1792382E-02  7.5280056E-03  5.5765496E-03
  4.4742348E-03  3.7804332E-03  0.0000000E+00
  0.0000000E+00  3.4286782E-02  1.5339806E-02  9.9477218E-03  7.4981330E-03
  6.1321883E-03  5.2979835E-03  0.0000000E+00
  0.0000000E+00  4.5280058E-02  2.0567589E-02  1.3607170E-02  1.0500373E-02
  8.8274833E-03  7.8790141E-03  0.0000000E+00
  0.0000000E+00  6.1882000E-02  2.8678119E-02  1.9499626E-02  1.5548917E-02
  1.3614638E-02  1.2755788E-02  0.0000000E+00
  0.0000000E+00  8.8424198E-02  4.2128455E-02  2.9805824E-02  2.5011202E-02
  2.3345780E-02  2.3196416E-02
  0.0000000E+00  0.1340553      6.6587009E-02  5.0171770E-02  4.5810308E-02
  4.7057506E-02
  0.0000000E+00  0.2212845      0.1177745      9.9178493E-02  0.1048544    
  0.0000000E+00  0.4174010      0.2535474      0.2659447    
  0.0000000E+00   1.000000      0.8274832    
  0.0000000E+00   4.188200    
   28.96191    
   1000.000    
  0.0000000E+00  1.4136906E-02  6.1049107E-03  3.7805059E-03  2.7098213E-03
  2.0982143E-03  1.7053572E-03  1.4322916E-03
  0.0000000E+00  1.7180059E-02  7.4702385E-03  4.6629463E-03  3.3705358E-03
  2.6339286E-03  2.1614584E-03  1.8340774E-03
  0.0000000E+00  2.1205358E-02  9.2931548E-03  5.8578867E-03  4.2805057E-03
  3.3831846E-03  2.8095238E-03  2.4174107E-03
  0.0000000E+00  2.6666667E-02  1.1793155E-02  7.5297616E-03  5.5736606E-03
  4.4694939E-03  3.7723216E-03  0.0000000E+00
  0.0000000E+00  3.4278274E-02  1.5342262E-02  9.9404762E-03  7.4925595E-03
  6.1242557E-03  5.2842260E-03  0.0000000E+00
  0.0000000E+00  4.5275297E-02  2.0565476E-02  1.3601190E-02  1.0491071E-02
  8.8095237E-03  7.8422623E-03  0.0000000E+00
  0.0000000E+00  6.1867561E-02  2.8675595E-02  1.9494047E-02  1.5535715E-02
  1.3578868E-02  1.2671131E-02  0.0000000E+00
  0.0000000E+00  8.8392854E-02  4.2120535E-02  2.9791666E-02  2.4962800E-02
  2.3236606E-02  2.2819942E-02
  0.0000000E+00  0.1340030      6.6577382E-02  5.0126489E-02  4.5662202E-02
  4.6421129E-02
  0.0000000E+00  0.2212798      0.1177083      9.8958328E-02  0.1037202    
  0.0000000E+00  0.4172619      0.2532738      0.2636905    
  0.0000000E+00   1.000000      0.8229167    
  0.0000000E+00   4.172619    
   28.87649    
   10000.00    
  0.0000000E+00  1.4149407E-02  6.1124256E-03  3.7840237E-03  2.7107988E-03
  2.0976332E-03  1.7019230E-03  1.4275147E-03
  0.0000000E+00  1.7196745E-02  7.4778101E-03  4.6671596E-03  3.3720415E-03
  2.6323963E-03  2.1568045E-03  1.8269230E-03
  0.0000000E+00  2.1235205E-02  9.3047339E-03  5.8631655E-03  4.2810650E-03
  3.3801773E-03  2.8025147E-03  2.4053254E-03
  0.0000000E+00  2.6693786E-02  1.1804733E-02  7.5295852E-03  5.5739642E-03
  4.4644969E-03  3.7603548E-03  0.0000000E+00
  0.0000000E+00  3.4312129E-02  1.5355029E-02  9.9482238E-03  7.4852067E-03
  6.1139050E-03  5.2610943E-03  0.0000000E+00
  0.0000000E+00  4.5318045E-02  2.0591715E-02  1.3609466E-02  1.0480769E-02
  8.7869819E-03  7.7958577E-03  0.0000000E+00
  0.0000000E+00  6.1930466E-02  2.8705621E-02  1.9497041E-02  1.5517751E-02
  1.3520709E-02  1.2522189E-02  0.0000000E+00
  0.0000000E+00  8.8461533E-02  4.2159762E-02  2.9792897E-02  2.4911240E-02
  2.3039939E-02  2.2241123E-02
  0.0000000E+00  0.1340976      6.6619821E-02  5.0088756E-02  4.5406803E-02
  4.5428991E-02
  0.0000000E+00  0.2214497      0.1177515      9.8668642E-02  0.1019231    
  0.0000000E+00  0.4176035      0.2529586      0.2601331    
  0.0000000E+00   1.000000      0.8143491    
  0.0000000E+00   4.150147    
   28.75740    
   100000.0    
  0.0000000E+00  1.4184345E-02  6.1265542E-03  3.7907828E-03  2.7117776E-03
  2.0943673E-03  1.6956839E-03  1.4169714E-03
  0.0000000E+00  1.7234821E-02  7.4908561E-03  4.6744696E-03  3.3730797E-03
  2.6283835E-03  2.1470373E-03  1.8112655E-03
  0.0000000E+00  2.1272860E-02  9.3196779E-03  5.8712508E-03  4.2816387E-03
  3.3723481E-03  2.7871251E-03  2.3803948E-03
  0.0000000E+00  2.6744695E-02  1.1828822E-02  7.5420626E-03  5.5720555E-03
  4.4513531E-03  3.7344550E-03  0.0000000E+00
  0.0000000E+00  3.4374543E-02  1.5384053E-02  9.9561084E-03  7.4835410E-03
  6.0899779E-03  5.2128746E-03  0.0000000E+00
  0.0000000E+00  4.5398682E-02  2.0621799E-02  1.3621069E-02  1.0468178E-02
  8.7417699E-03  7.6956837E-03  0.0000000E+00
  0.0000000E+00  6.2033650E-02  2.8749086E-02  1.9509876E-02  1.5479151E-02
  1.3401610E-02  1.2260425E-02  0.0000000E+00
  0.0000000E+00  8.8588148E-02  4.2216532E-02  2.9780541E-02  2.4784198E-02
  2.2677395E-02  2.1338698E-02
  0.0000000E+00  0.1343087      6.6693492E-02  4.9992684E-02  4.4923190E-02
  4.3862473E-02
  0.0000000E+00  0.2217996      0.1177761      9.8098017E-02  9.8975852E-02
  0.0000000E+00  0.4182151      0.2523775      0.2543526    
  0.0000000E+00   1.000000      0.8017557    
  0.0000000E+00   4.113387    
   28.56620    
   1000000.    
  0.0000000E+00  1.4236558E-02  6.1483867E-03  3.7992829E-03  2.7111110E-03
  2.0860215E-03  1.6795698E-03  1.3942652E-03
  0.0000000E+00  1.7297491E-02  7.5197131E-03  4.6831537E-03  3.3698925E-03
  2.6150537E-03  2.1240143E-03  1.7777777E-03
  0.0000000E+00  2.1340501E-02  9.3476698E-03  5.8802869E-03  4.2752689E-03
  3.3519713E-03  2.7519711E-03  2.3283153E-03
  0.0000000E+00  2.6824372E-02  1.1863799E-02  7.5483872E-03  5.5598565E-03
  4.4179210E-03  3.6774192E-03  0.0000000E+00
  0.0000000E+00  3.4473117E-02  1.5419355E-02  9.9641578E-03  7.4623651E-03
  6.0322578E-03  5.1125446E-03  0.0000000E+00
  0.0000000E+00  4.5519713E-02  2.0673834E-02  1.3620072E-02  1.0422939E-02
  8.6308243E-03  7.4910391E-03  0.0000000E+00
  0.0000000E+00  6.2200714E-02  2.8810035E-02  1.9491039E-02  1.5376343E-02
  1.3161290E-02  1.1784947E-02  0.0000000E+00
  0.0000000E+00  8.8817202E-02  4.2286739E-02  2.9713260E-02  2.4516128E-02
  2.2007167E-02  1.9985661E-02
  0.0000000E+00  0.1346953      6.6752687E-02  4.9741935E-02  4.3992829E-02
  4.1433692E-02
  0.0000000E+00  0.2222939      0.1177061      9.6845880E-02  9.4408594E-02
  0.0000000E+00  0.4189247      0.2509677      0.2449462    
  0.0000000E+00   1.000000      0.7799283    
  0.0000000E+00   4.050896    
   28.25089    
  1.0000000E+07
  0.0000000E+00  1.4376732E-02  6.2036007E-03  3.8206368E-03  2.7105261E-03
  2.0678670E-03  1.6475068E-03  1.3497230E-03
  0.0000000E+00  1.7444598E-02  7.5761769E-03  4.7022160E-03  3.3628808E-03
  2.5872574E-03  2.0775623E-03  1.7146814E-03
  0.0000000E+00  2.1502769E-02  9.4113564E-03  5.8968142E-03  4.2596953E-03
  3.3088641E-03  2.6821329E-03  2.2333793E-03
  0.0000000E+00  2.7008310E-02  1.1932133E-02  7.5623267E-03  5.5304705E-03
  4.3483377E-03  3.5671743E-03  0.0000000E+00
  0.0000000E+00  3.4695290E-02  1.5505540E-02  9.9722985E-03  7.4030468E-03
  5.9148199E-03  4.9259001E-03  0.0000000E+00
  0.0000000E+00  4.5796398E-02  2.0768698E-02  1.3614957E-02  1.0318560E-02
  8.4141269E-03  7.1398891E-03  0.0000000E+00
  0.0000000E+00  6.2555403E-02  2.8919667E-02  1.9445984E-02  1.5152354E-02
  1.2714681E-02  1.1024931E-02  0.0000000E+00
  0.0000000E+00  8.9335181E-02  4.2409971E-02  2.9563712E-02  2.3981994E-02
  2.0886427E-02  1.8067867E-02
  0.0000000E+00  0.1353878      6.6855952E-02  4.9217451E-02  4.2368419E-02
  3.7929364E-02
  0.0000000E+00  0.2234072      0.1175208      9.4598338E-02  8.7603875E-02
  0.0000000E+00  0.4205679      0.2483380      0.2307479    
  0.0000000E+00   1.000000      0.7465374    
  0.0000000E+00   3.955679    
   27.83933    
  1.0000000E+08
  0.0000000E+00  1.4931328E-02  6.4198826E-03  3.9169393E-03  2.7377373E-03
  2.0483977E-03  1.5958142E-03  1.2766514E-03
  0.0000000E+00  1.7946370E-02  7.7632437E-03  4.7776322E-03  3.3682145E-03
  2.5421844E-03  1.9967298E-03  1.6082407E-03
  0.0000000E+00  2.1988228E-02  9.5879659E-03  5.9529105E-03  4.2380639E-03
  3.2302157E-03  2.5591890E-03  2.0765206E-03
  0.0000000E+00  2.7495094E-02  1.2099410E-02  7.5997384E-03  5.4735118E-03
  4.2177895E-03  3.3754089E-03  0.0000000E+00
  0.0000000E+00  3.5219099E-02  1.5676914E-02  9.9803796E-03  7.2923480E-03
  5.6965332E-03  4.6121646E-03  0.0000000E+00
  0.0000000E+00  4.6409421E-02  2.0948332E-02  1.3577502E-02  1.0104643E-02
  8.0248527E-03  6.5860036E-03  0.0000000E+00
  0.0000000E+00  6.3322432E-02  2.9123610E-02  1.9326357E-02  1.4728582E-02
  1.1962067E-02  9.9345976E-03  0.0000000E+00
  0.0000000E+00  9.0320468E-02  4.2616092E-02  2.9221714E-02  2.3021583E-02
  1.9189011E-02  1.5650753E-02
  0.0000000E+00  0.1368214      6.6971876E-02  4.8188362E-02  3.9771095E-02
  3.3361673E-02
  0.0000000E+00  0.2255723      0.1170700      9.0843685E-02  7.8482665E-02
  0.0000000E+00  0.4237410      0.2436887      0.2109876    
  0.0000000E+00   1.000000      0.6991498    
  0.0000000E+00   3.822106    
   27.84173    
  1.0000000E+09
  0.0000000E+00  1.8440476E-02  7.7619050E-03  4.4702385E-03  2.9303571E-03
  2.0642858E-03  1.5232143E-03  1.1613095E-03
  0.0000000E+00  2.0744048E-02  8.8452380E-03  5.2220239E-03  3.5000001E-03
  2.5095239E-03  1.8779761E-03  1.4476191E-03
  0.0000000E+00  2.4244050E-02  1.0440477E-02  6.2857145E-03  4.2928574E-03
  3.1297619E-03  2.3732143E-03  1.8470238E-03
  0.0000000E+00  2.9380953E-02  1.2767857E-02  7.8154765E-03  5.4315473E-03
  4.0202378E-03  3.0857143E-03  0.0000000E+00
  0.0000000E+00  3.6869049E-02  1.6208334E-02  1.0077382E-02  7.1190479E-03
  5.3476188E-03  4.1511906E-03  0.0000000E+00
  0.0000000E+00  4.7970239E-02  2.1386905E-02  1.3529762E-02  9.7261909E-03
  7.4166670E-03  5.8154762E-03  0.0000000E+00
  0.0000000E+00  6.4940475E-02  2.9482143E-02  1.9059524E-02  1.3988096E-02
  1.0839286E-02  8.5357148E-03  0.0000000E+00
  0.0000000E+00  9.2261903E-02  4.2874999E-02  2.8511906E-02  2.1470238E-02
  1.6892858E-02  1.2910715E-02
  0.0000000E+00  0.1393452      6.6964284E-02  4.6315476E-02  3.6023811E-02
  2.8000001E-02
  0.0000000E+00  0.2291667      0.1157738      8.4940478E-02  6.7321427E-02
  0.0000000E+00  0.4286905      0.2357738      0.1860714    
  0.0000000E+00   1.000000      0.6369048    
  0.0000000E+00   3.647024    
   30.13095    
  1.0000000E+10
  0.0000000E+00  3.5020471E-02  1.2200614E-02  5.8648926E-03  3.3398159E-03
  2.1105425E-03  1.4303991E-03  1.0199591E-03
  0.0000000E+00  3.6141250E-02  1.3162742E-02  6.5711359E-03  3.8495394E-03
  2.4866939E-03  1.7149437E-03  1.2389970E-03
  0.0000000E+00  3.7661210E-02  1.4421700E-02  7.5179120E-03  4.5501534E-03
  3.0122823E-03  2.1161719E-03  1.5501536E-03
  0.0000000E+00  4.0383827E-02  1.6228249E-02  8.8536330E-03  5.5475947E-03
  3.7676562E-03  2.6965200E-03  0.0000000E+00
  0.0000000E+00  4.5522004E-02  1.9007165E-02  1.0834186E-02  7.0214942E-03
  4.8889457E-03  3.5593654E-03  0.0000000E+00
  0.0000000E+00  5.4759465E-02  2.3474924E-02  1.3899692E-02  9.2988741E-03
  6.6223131E-03  4.8848516E-03  0.0000000E+00
  0.0000000E+00  7.0470825E-02  3.0900717E-02  1.8889459E-02  1.2988742E-02
  9.4268173E-03  6.9856704E-03  0.0000000E+00
  0.0000000E+00  9.7236440E-02  4.3659158E-02  2.7492324E-02  1.9380758E-02
  1.4227226E-02  1.0163766E-02
  0.0000000E+00  0.1445241      6.6837259E-02  4.3526098E-02  3.1376664E-02
  2.2471853E-02
  0.0000000E+00  0.2354657      0.1135107      7.7021495E-02  5.5373590E-02
  0.0000000E+00  0.4365405      0.2242579      0.1580860    
  0.0000000E+00   1.000000      0.5649949    
  0.0000000E+00   3.446264    
   32.62539    
  9.9999998E+10
  0.0000000E+00  5.6600001E-02  1.7712001E-02  7.7600004E-03  4.0879999E-03
  2.4216000E-03  1.5540001E-03  1.0572000E-03
  0.0000000E+00  6.0720000E-02  1.9200001E-02  8.4920004E-03  4.5159999E-03
  2.6936003E-03  1.7400000E-03  1.1900001E-03
  0.0000000E+00  6.5600000E-02  2.1084001E-02  9.4680004E-03  5.1000002E-03
  3.0776002E-03  2.0068001E-03  1.3828001E-03
  0.0000000E+00  7.1000002E-02  2.3428001E-02  1.0772000E-02  5.9160003E-03
  3.6280002E-03  2.3968001E-03  0.0000000E+00
  0.0000000E+00  7.6920003E-02  2.6416000E-02  1.2572000E-02  7.1000000E-03
  4.4520004E-03  2.9896002E-03  0.0000000E+00
  0.0000000E+00  8.4160000E-02  3.0532001E-02  1.5232000E-02  8.9160008E-03
  5.7400004E-03  3.9244001E-03  0.0000000E+00
  0.0000000E+00  9.5440008E-02  3.6876000E-02  1.9468000E-02  1.1876001E-02
  7.8560002E-03  5.4240003E-03  0.0000000E+00
  0.0000000E+00  0.1167600      4.7800001E-02  2.6740000E-02  1.6980002E-02
  1.1444000E-02  7.6480005E-03
  0.0000000E+00  0.1597200      6.8319999E-02  4.0240001E-02  2.6332000E-02
  1.7320000E-02
  0.0000000E+00  0.2483600      0.1106800      6.7840002E-02  4.3920003E-02
  0.0000000E+00  0.4484000      0.2092800      0.1299600    
  0.0000000E+00   1.000000      0.4888000    
  0.0000000E+00   3.234000    
   32.79600    
  1.0000000E+12
  0.0000000E+00  0.1015991      3.1236675E-02  1.3440832E-02  6.9696163E-03
  4.0671644E-03  2.5738273E-03  1.7286781E-03
  0.0000000E+00  0.1005864      3.0970151E-02  1.3344883E-02  6.9269724E-03
  4.0458422E-03  2.5623667E-03  1.7214819E-03
  0.0000000E+00  0.1012527      3.1236675E-02  1.3496801E-02  7.0202560E-03
  4.1071433E-03  2.6044776E-03  1.7502665E-03
  0.0000000E+00  0.1053838      3.2649256E-02  1.4163114E-02  7.3933904E-03
  4.3363539E-03  2.7558636E-03  0.0000000E+00
  0.0000000E+00  0.1137793      3.5501067E-02  1.5514392E-02  8.1503196E-03
  4.8054373E-03  3.0623667E-03  0.0000000E+00
  0.0000000E+00  0.1268390      4.0111940E-02  1.7747868E-02  9.4243074E-03
  5.6050108E-03  3.5874201E-03  0.0000000E+00
  0.0000000E+00  0.1450426      4.6988275E-02  2.1271322E-02  1.1508529E-02
  6.9349678E-03  4.4482942E-03  0.0000000E+00
  0.0000000E+00  0.1702559      5.7542644E-02  2.7052240E-02  1.5069297E-02
  9.2137530E-03  5.7329428E-03
  0.0000000E+00  0.2097815      7.5453095E-02  3.7500001E-02  2.1623135E-02
  1.2998401E-02
  0.0000000E+00  0.2878465      0.1109542      5.8635399E-02  3.3795312E-02
  0.0000000E+00  0.4741471      0.1932569      0.1041578    
  0.0000000E+00   1.000000      0.4144456    
  0.0000000E+00   3.017058    
   32.40938    
  9.9999998E+12
  0.0000000E+00  0.1488215      4.5602690E-02  1.9569024E-02  1.0111785E-02
  5.8814813E-03  3.7117843E-03  2.4861952E-03
  0.0000000E+00  0.1731987      5.3077441E-02  2.2774411E-02  1.1765657E-02
  6.8417508E-03  4.3151514E-03  2.8861952E-03
  0.0000000E+00  0.1916498      5.8734007E-02  2.5198651E-02  1.3019528E-02
  7.5663296E-03  4.7676763E-03  3.1838382E-03
  0.0000000E+00  0.1987879      6.0915824E-02  2.6141413E-02  1.3508418E-02
  7.8451177E-03  4.9373736E-03  0.0000000E+00
  0.0000000E+00  0.1954209      5.9973061E-02  2.5750842E-02  1.3306397E-02
  7.7252523E-03  4.8511783E-03  0.0000000E+00
  0.0000000E+00  0.1920539      5.9003364E-02  2.5373738E-02  1.3120539E-02
  7.6107741E-03  4.7595957E-03  0.0000000E+00
  0.0000000E+00  0.1990572      6.1400674E-02  2.6478114E-02  1.3710437E-02
  7.9434337E-03  4.9131312E-03  0.0000000E+00
  0.0000000E+00  0.2230303      6.9292925E-02  3.0087542E-02  1.5636362E-02
  8.9979796E-03  5.3023570E-03
  0.0000000E+00  0.2700337      8.5185185E-02  3.7494946E-02  1.9569024E-02
  1.0832323E-02
  0.0000000E+00  0.3548821      0.1153939      5.2067339E-02  2.6639730E-02
  0.0000000E+00  0.5295623      0.1799327      8.2141407E-02
  0.0000000E+00   1.000000      0.3434343    
  0.0000000E+00   2.756902    
   31.21885    
  1.0000000E+14
  0.0000000E+00  7.6071098E-02  2.3286235E-02  9.9863261E-03  5.1549678E-03
  2.9981767E-03  1.8910666E-03  1.2657247E-03
  0.0000000E+00  0.1041933      3.1900637E-02  1.3673656E-02  7.0601641E-03
  4.1002734E-03  2.5834092E-03  1.7265269E-03
  0.0000000E+00  0.1443938      4.4193253E-02  1.8933455E-02  9.7675472E-03
  5.6700087E-03  3.5665450E-03  2.3783045E-03
  0.0000000E+00  0.1994986      6.1030082E-02  2.6125798E-02  1.3463993E-02
  7.8030992E-03  4.8997262E-03  0.0000000E+00
  0.0000000E+00  0.2666818      8.1540562E-02  3.4886051E-02  1.7962625E-02
  1.0387421E-02  6.4995443E-03  0.0000000E+00
  0.0000000E+00  0.3285779      0.1004102      4.2930719E-02  2.2064721E-02
  1.2725615E-02  7.9079308E-03  0.0000000E+00
  0.0000000E+00  0.3559708      0.1087511      4.6444852E-02  2.3814950E-02
  1.3655423E-02  8.3591612E-03  0.0000000E+00
  0.0000000E+00  0.3494075      0.1067457      4.5528714E-02  2.3240656E-02
  1.3144941E-02  7.6071098E-03
  0.0000000E+00  0.3542844      0.1082954      4.6080217E-02  2.3272561E-02
  1.2474931E-02
  0.0000000E+00  0.4130811      0.1264813      5.3555150E-02  2.5783954E-02
  0.0000000E+00  0.5738377      0.1758888      7.1923427E-02
  0.0000000E+00   1.000000      0.2950319    
  0.0000000E+00   2.504102    
   29.16591    
