   100.0000    
  0.0000000E+00  1.3650536E-02  6.0279309E-03  3.8616434E-03  2.8928223E-03
  2.3637544E-03  2.0444950E-03  1.8441052E-03
  0.0000000E+00  1.6511854E-02  7.3497887E-03  4.7580381E-03  3.6083143E-03
  2.9870085E-03  2.6239038E-03  2.4105227E-03
  0.0000000E+00  2.0289054E-02  9.1165956E-03  5.9792139E-03  4.5988956E-03
  3.8746344E-03  3.4719063E-03  3.2705422E-03
  0.0000000E+00  2.5397856E-02  1.1549204E-02  7.6940563E-03  6.0279309E-03
  5.1899967E-03  4.7807726E-03  0.0000000E+00
  0.0000000E+00  3.2510556E-02  1.5008119E-02  1.0198116E-02  8.1877233E-03
  7.2685932E-03  6.9633001E-03  0.0000000E+00
  0.0000000E+00  4.2806104E-02  2.0129912E-02  1.4043519E-02  1.1659629E-02
  1.0815199E-02  1.1016564E-02  0.0000000E+00
  0.0000000E+00  5.8363106E-02  2.8139006E-02  2.0357259E-02  1.7755765E-02
  1.7671322E-02  1.9941539E-02  0.0000000E+00
  0.0000000E+00  8.3273791E-02  4.1571938E-02  3.1760309E-02  3.0012989E-02
  3.3777200E-02  4.4884704E-02
  0.0000000E+00  0.1263722      6.6547573E-02  5.5634942E-02  6.0961351E-02
  8.5677162E-02
  0.0000000E+00  0.2095810      0.1209484      0.1205911      0.1780448    
  0.0000000E+00  0.4001299      0.2802208      0.4170185    
  0.0000000E+00   1.000000       1.181228    
  0.0000000E+00   5.189996    
   34.13446    
   1000.000    
  0.0000000E+00  1.3651506E-02  6.0313898E-03  3.8661114E-03  2.8959000E-03
  2.3657912E-03  2.0451634E-03  1.8427290E-03
  0.0000000E+00  1.6508648E-02  7.3510576E-03  4.7629727E-03  3.6098657E-03
  2.9894297E-03  2.6239590E-03  2.4071110E-03
  0.0000000E+00  2.0285074E-02  9.1223577E-03  5.9833438E-03  4.6028187E-03
  3.8757208E-03  3.4721333E-03  3.2607303E-03
  0.0000000E+00  2.5397183E-02  1.1556695E-02  7.7001923E-03  6.0345936E-03
  5.1921844E-03  4.7789882E-03  0.0000000E+00
  0.0000000E+00  3.2511212E-02  1.5016016E-02  1.0204997E-02  8.1934659E-03
  7.2677773E-03  6.9506727E-03  0.0000000E+00
  0.0000000E+00  4.2825110E-02  2.0140935E-02  1.4055094E-02  1.1665599E-02
  1.0810379E-02  1.0967328E-02  0.0000000E+00
  0.0000000E+00  5.8360025E-02  2.8151825E-02  2.0371558E-02  1.7761050E-02
  1.7629726E-02  1.9718129E-02  0.0000000E+00
  0.0000000E+00  8.3279952E-02  4.1607942E-02  3.1780910E-02  2.9990392E-02
  3.3536196E-02  4.3369636E-02
  0.0000000E+00  0.1263613      6.6591926E-02  5.5637412E-02  6.0666241E-02
  8.3215885E-02
  0.0000000E+00  0.2095772      0.1210122      0.1203075      0.1737988    
  0.0000000E+00  0.4000641      0.2800128      0.4090327    
  0.0000000E+00   1.000000       1.163677    
  0.0000000E+00   5.137733    
   33.85650    
   10000.00    
  0.0000000E+00  1.3664479E-02  6.0418621E-03  3.8737897E-03  2.9019057E-03
  2.3692597E-03  2.0449860E-03  1.8378632E-03
  0.0000000E+00  1.6526086E-02  7.3664477E-03  4.7735083E-03  3.6176196E-03
  2.9931271E-03  2.6226179E-03  2.3980008E-03
  0.0000000E+00  2.0303031E-02  9.1377702E-03  5.9950016E-03  4.6110591E-03
  3.8800375E-03  3.4645423E-03  3.2427369E-03
  0.0000000E+00  2.5417058E-02  1.1574509E-02  7.7163391E-03  6.0449862E-03
  5.1952517E-03  4.7641364E-03  0.0000000E+00
  0.0000000E+00  3.2552328E-02  1.5039051E-02  1.0228054E-02  8.2068108E-03
  7.2664795E-03  6.9165891E-03  0.0000000E+00
  0.0000000E+00  4.2861607E-02  2.0174947E-02  1.4083100E-02  1.1677601E-02
  1.0790378E-02  1.0862230E-02  0.0000000E+00
  0.0000000E+00  5.8419246E-02  2.8200563E-02  2.0409249E-02  1.7766323E-02
  1.7535146E-02  1.9293971E-02  0.0000000E+00
  0.0000000E+00  8.3348960E-02  4.1674480E-02  3.1833805E-02  2.9931271E-02
  3.3020932E-02  4.1080914E-02
  0.0000000E+00  0.1264917      6.6697910E-02  5.5670105E-02  6.0106222E-02
  7.9443924E-02
  0.0000000E+00  0.2097782      0.1211497      0.1197126      0.1671353    
  0.0000000E+00  0.4004999      0.2795689      0.3964386    
  0.0000000E+00   1.000000       1.135895    
  0.0000000E+00   5.060919    
   33.42706    
   100000.0    
  0.0000000E+00  1.3689871E-02  6.0591577E-03  3.8870629E-03  2.9100685E-03
  2.3710786E-03  2.0391396E-03  1.8219301E-03
  0.0000000E+00  1.6555125E-02  7.3887063E-03  4.7893636E-03  3.6271289E-03
  2.9937257E-03  2.6118911E-03  2.3716763E-03
  0.0000000E+00  2.0340603E-02  9.1634300E-03  6.0143415E-03  4.6220496E-03
  3.8780998E-03  3.4448761E-03  3.1968928E-03
  0.0000000E+00  2.5461607E-02  1.1607409E-02  7.7382731E-03  6.0561695E-03
  5.1867347E-03  4.7266209E-03  0.0000000E+00
  0.0000000E+00  3.2596353E-02  1.5082163E-02  1.0253959E-02  8.2163131E-03
  7.2393189E-03  6.8270089E-03  0.0000000E+00
  0.0000000E+00  4.2904090E-02  2.0230057E-02  1.4117120E-02  1.1679115E-02
  1.0717059E-02  1.0630416E-02  0.0000000E+00
  0.0000000E+00  5.8500148E-02  2.8276067E-02  2.0451149E-02  1.7732298E-02
  1.7302060E-02  1.8527040E-02  0.0000000E+00
  0.0000000E+00  8.3477736E-02  4.1768748E-02  3.1849418E-02  2.9737078E-02
  3.2058559E-02  3.7854794E-02
  0.0000000E+00  0.1267105      6.6835970E-02  5.5572156E-02  5.8948312E-02
  7.3976696E-02
  0.0000000E+00  0.2101583      0.1213027      0.1184344      0.1573947    
  0.0000000E+00  0.4012548      0.2783986      0.3773529    
  0.0000000E+00   1.000000       1.093517    
  0.0000000E+00   4.938751    
   32.77562    
   1000000.    
  0.0000000E+00  1.3763500E-02  6.1008031E-03  3.9102742E-03  2.9216283E-03
  2.3685957E-03  2.0210468E-03  1.7848241E-03
  0.0000000E+00  1.6638050E-02  7.4356128E-03  4.8158406E-03  3.6388810E-03
  2.9853226E-03  2.5821100E-03  2.3132095E-03
  0.0000000E+00  2.0434782E-02  9.2190532E-03  6.0481862E-03  4.6330658E-03
  3.8604264E-03  3.3951814E-03  3.0988646E-03
  0.0000000E+00  2.5574632E-02  1.1675436E-02  7.7762394E-03  6.0620327E-03
  5.1536970E-03  4.6330658E-03  0.0000000E+00
  0.0000000E+00  3.2733314E-02  1.5167544E-02  1.0299086E-02  8.2137911E-03
  7.1669896E-03  6.6408198E-03  0.0000000E+00
  0.0000000E+00  4.3090556E-02  2.0337855E-02  1.4170589E-02  1.1650512E-02
  1.0548324E-02  1.0196622E-02  0.0000000E+00
  0.0000000E+00  5.8764886E-02  2.8413180E-02  2.0504015E-02  1.7618388E-02
  1.6837440E-02  1.7302686E-02  0.0000000E+00
  0.0000000E+00  8.3827198E-02  4.1982833E-02  3.1874824E-02  2.9299362E-02
  3.0462475E-02  3.3508722E-02
  0.0000000E+00  0.1272501      6.7100525E-02  5.5303238E-02  5.6909442E-02
  6.6463582E-02
  0.0000000E+00  0.2110496      0.1214899      0.1160343      0.1436721    
  0.0000000E+00  0.4029355      0.2760731      0.3503185    
  0.0000000E+00   1.000000       1.032678    
  0.0000000E+00   4.765993    
   31.87483    
  1.0000000E+07
  0.0000000E+00  1.3962909E-02  6.1981454E-03  3.9629089E-03  2.9404589E-03
  2.3567595E-03  1.9777941E-03  1.7093705E-03
  0.0000000E+00  1.6852124E-02  7.5378236E-03  4.8682285E-03  3.6505612E-03
  2.9599804E-03  2.5134212E-03  2.1969255E-03
  0.0000000E+00  2.0671058E-02  9.3338219E-03  6.1029773E-03  4.6364083E-03
  3.8091755E-03  3.2820888E-03  2.9111763E-03
  0.0000000E+00  2.5841875E-02  1.1808200E-02  7.8355297E-03  6.0492922E-03
  5.0610052E-03  4.4387509E-03  0.0000000E+00
  0.0000000E+00  3.3064913E-02  1.5326990E-02  1.0361152E-02  8.1698392E-03
  6.9912155E-03  6.2811133E-03  0.0000000E+00
  0.0000000E+00  4.3509029E-02  2.0539287E-02  1.4226452E-02  1.1534896E-02
  1.0183017E-02  9.4533926E-03  0.0000000E+00
  0.0000000E+00  5.9321623E-02  2.8672526E-02  2.0529525E-02  1.7313324E-02
  1.5968766E-02  1.5480723E-02  0.0000000E+00
  0.0000000E+00  8.4626652E-02  4.2313326E-02  3.1771597E-02  2.8404100E-02
  2.7916057E-02  2.8062470E-02
  0.0000000E+00  0.1284041      6.7496344E-02  5.4587606E-02  5.3489510E-02
  5.6783799E-02
  0.0000000E+00  0.2129087      0.1215471      0.1117374      0.1255247    
  0.0000000E+00  0.4058077      0.2715959      0.3135676    
  0.0000000E+00   1.000000      0.9485115    
  0.0000000E+00   4.526598    
   30.74671    
  1.0000000E+08
  0.0000000E+00  1.4721175E-02  6.5489183E-03  4.1595553E-03  3.0283786E-03
  2.3595951E-03  1.9132765E-03  1.5899980E-03
  0.0000000E+00  1.7541179E-02  7.8467950E-03  5.0267908E-03  3.7011309E-03
  2.9172455E-03  2.3933318E-03  2.0103194E-03
  0.0000000E+00  2.1333598E-02  9.6209561E-03  6.2294104E-03  4.6417937E-03
  3.7090692E-03  3.0799762E-03  2.6195673E-03
  0.0000000E+00  2.6533041E-02  1.2091684E-02  7.9341140E-03  6.0011907E-03
  4.8680292E-03  4.1039889E-03  0.0000000E+00
  0.0000000E+00  3.3816233E-02  1.5624131E-02  1.0430641E-02  8.0333399E-03
  6.6402066E-03  5.6995433E-03  0.0000000E+00
  0.0000000E+00  4.4413574E-02  2.0877156E-02  1.4244890E-02  1.1238341E-02
  9.5157763E-03  8.3528478E-03  0.0000000E+00
  0.0000000E+00  6.0448498E-02  2.9073229E-02  2.0440564E-02  1.6650129E-02
  1.4564398E-02  1.3121651E-02  0.0000000E+00
  0.0000000E+00  8.6148046E-02  4.2746577E-02  3.1335581E-02  2.6751339E-02
  2.4429450E-02  2.2147251E-02
  0.0000000E+00  0.1306410      6.7890458E-02  5.3006548E-02  4.8422303E-02
  4.5941655E-02
  0.0000000E+00  0.2163128      0.1210955      0.1048025      0.1045049    
  0.0000000E+00  0.4109942      0.2635444      0.2694979    
  0.0000000E+00   1.000000      0.8452074    
  0.0000000E+00   4.230998    
   30.26394    
  1.0000000E+09
  0.0000000E+00  1.9857448E-02  8.7697795E-03  5.1831789E-03  3.4583036E-03
  2.4718461E-03  1.8503207E-03  1.4326443E-03
  0.0000000E+00  2.1454027E-02  9.6208127E-03  5.8674272E-03  4.0299357E-03
  2.9508197E-03  2.2523166E-03  1.7704917E-03
  0.0000000E+00  2.4390591E-02  1.1003564E-02  6.8752673E-03  4.8439056E-03
  3.6279401E-03  2.8225232E-03  2.2523166E-03
  0.0000000E+00  2.9037775E-02  1.3167499E-02  8.3863148E-03  6.0413396E-03
  4.6200999E-03  3.6593014E-03  0.0000000E+00
  0.0000000E+00  3.6037065E-02  1.6493229E-02  1.0689951E-02  7.8631500E-03
  6.1354237E-03  4.9422663E-03  0.0000000E+00
  0.0000000E+00  4.6557378E-02  2.1596579E-02  1.4283678E-02  1.0744120E-02
  8.5588023E-03  7.0106913E-03  0.0000000E+00
  0.0000000E+00  6.2779754E-02  2.9722026E-02  2.0156808E-02  1.5566643E-02
  1.2689951E-02  1.0535995E-02  0.0000000E+00
  0.0000000E+00  8.8995010E-02  4.3307196E-02  3.0420527E-02  2.4290806E-02
  2.0327870E-02  1.6621524E-02
  0.0000000E+00  0.1344547      6.8111189E-02  5.0263721E-02  4.1981470E-02
  3.5367072E-02
  0.0000000E+00  0.2219530      0.1196151      9.5181756E-02  8.3064862E-02
  0.0000000E+00  0.4188168      0.2514611      0.2226657    
  0.0000000E+00   1.000000      0.7317178    
  0.0000000E+00   3.910192    
   32.18817    
  1.0000000E+10
  0.0000000E+00  4.3649450E-02  1.5215920E-02  7.2929724E-03  4.1414057E-03
  2.6130399E-03  1.7713802E-03  1.2650297E-03
  0.0000000E+00  4.3463167E-02  1.5935648E-02  7.9407282E-03  4.6460629E-03
  3.0016936E-03  2.0736663E-03  1.5038104E-03
  0.0000000E+00  4.3353092E-02  1.6883997E-02  8.8314991E-03  5.3530908E-03
  3.5537682E-03  2.5071974E-03  1.8475868E-03
  0.0000000E+00  4.4233702E-02  1.8323455E-02  1.0101610E-02  6.3742595E-03
  4.3590181E-03  3.1447927E-03  0.0000000E+00
  0.0000000E+00  4.7561392E-02  2.0685861E-02  1.2032177E-02  7.9051657E-03
  5.5715498E-03  4.1100765E-03  0.0000000E+00
  0.0000000E+00  5.5224393E-02  2.4758680E-02  1.5080442E-02  1.0304827E-02
  7.4784085E-03  5.6257416E-03  0.0000000E+00
  0.0000000E+00  6.9729045E-02  3.1896699E-02  2.0177817E-02  1.4276039E-02
  1.0643523E-02  8.0990689E-03  0.0000000E+00
  0.0000000E+00  9.5342934E-02  4.4597801E-02  2.9212533E-02  2.1346318E-02
  1.6215071E-02  1.2023709E-02
  0.0000000E+00  0.1412362      6.8272650E-02  4.6494499E-02  3.5021171E-02
  2.6265876E-02
  0.0000000E+00  0.2303980      0.1168501      8.3734125E-02  6.3751064E-02
  0.0000000E+00  0.4298053      0.2353937      0.1784081    
  0.0000000E+00   1.000000      0.6196444    
  0.0000000E+00   3.596105    
   33.30229    
  9.9999998E+10
  0.0000000E+00  7.4124292E-02  2.3235407E-02  1.0195857E-02  5.3822980E-03
  3.1954804E-03  2.0557439E-03  1.4022598E-03
  0.0000000E+00  7.6233521E-02  2.4139360E-02  1.0693032E-02  5.6949155E-03
  3.4056499E-03  2.2052731E-03  1.5126178E-03
  0.0000000E+00  7.9397365E-02  2.5563089E-02  1.1491526E-02  6.1996230E-03
  3.7491526E-03  2.4512240E-03  1.6949152E-03
  0.0000000E+00  8.3276831E-02  2.7536724E-02  1.2666666E-02  6.9679851E-03
  4.2824857E-03  2.8365350E-03  0.0000000E+00
  0.0000000E+00  8.7532952E-02  3.0203391E-02  1.4387948E-02  8.1318263E-03
  5.1111109E-03  3.4451978E-03  0.0000000E+00
  0.0000000E+00  9.2655368E-02  3.3981171E-02  1.7001884E-02  9.9774012E-03
  6.4482111E-03  4.4293785E-03  0.0000000E+00
  0.0000000E+00  0.1010170      3.9924670E-02  2.1254236E-02  1.3039548E-02
  8.6854985E-03  6.0527311E-03  0.0000000E+00
  0.0000000E+00  0.1190584      5.0395481E-02  2.8666668E-02  1.8414313E-02
  1.2564972E-02  8.5310731E-03
  0.0000000E+00  0.1591337      7.0696801E-02  4.2674202E-02  2.8470811E-02
  1.9118644E-02
  0.0000000E+00  0.2456497      0.1137476      7.1977399E-02  4.7984935E-02
  0.0000000E+00  0.4440678      0.2166102      0.1401507    
  0.0000000E+00   1.000000      0.5175141    
  0.0000000E+00   3.310735    
   32.86629    
  1.0000000E+12
  0.0000000E+00  0.1517857      4.6763390E-02  2.0178571E-02  1.0485491E-02
  6.1328122E-03  3.8917409E-03  2.6205357E-03
  0.0000000E+00  0.1416295      4.3705355E-02  1.8895090E-02  9.8404018E-03
  5.7645086E-03  3.6629464E-03  2.4676337E-03
  0.0000000E+00  0.1341518      4.1540176E-02  1.8013392E-02  9.4084814E-03
  5.5256695E-03  3.5178571E-03  2.3727678E-03
  0.0000000E+00  0.1315848      4.0948659E-02  1.7845981E-02  9.3627227E-03
  5.5200891E-03  3.5234373E-03  0.0000000E+00
  0.0000000E+00  0.1345982      4.2254463E-02  1.8571427E-02  9.8102679E-03
  5.8180802E-03  3.7299108E-03  0.0000000E+00
  0.0000000E+00  0.1436384      4.5703124E-02  2.0357143E-02  1.0882812E-02
  6.5145092E-03  4.1986606E-03  0.0000000E+00
  0.0000000E+00  0.1587054      5.1808033E-02  2.3616070E-02  1.2868303E-02
  7.8080352E-03  5.0479909E-03  0.0000000E+00
  0.0000000E+00  0.1812500      6.1886158E-02  2.9308036E-02  1.6439732E-02
  1.0129464E-02  6.3571427E-03
  0.0000000E+00  0.2175223      7.9609372E-02  3.9921876E-02  2.3191964E-02
  1.4062499E-02
  0.0000000E+00  0.2905134      0.1151786      6.1718747E-02  3.6004465E-02
  0.0000000E+00  0.4726562      0.1991071      0.1096652    
  0.0000000E+00   1.000000      0.4301339    
  0.0000000E+00   3.056919    
   32.28794    
  9.9999998E+12
  0.0000000E+00  0.1958176      6.0107548E-02  2.5831509E-02  1.3377814E-02
  7.7952598E-03  4.9292971E-03  3.3081060E-03
  0.0000000E+00  0.2368054      7.2734520E-02  3.1268671E-02  1.6201952E-02
  9.4443345E-03  5.9709223E-03  4.0051783E-03
  0.0000000E+00  0.2624975      8.0701053E-02  3.4734119E-02  1.8004382E-02
  1.0497909E-02  6.6361283E-03  4.4473214E-03
  0.0000000E+00  0.2654850      8.1716791E-02  3.5212111E-02  1.8265285E-02
  1.0655249E-02  6.7337188E-03  0.0000000E+00
  0.0000000E+00  0.2517427      7.7614024E-02  3.3499304E-02  1.7406892E-02
  1.0161323E-02  6.4170486E-03  0.0000000E+00
  0.0000000E+00  0.2362079      7.3053174E-02  3.1627167E-02  1.6474806E-02
  9.6255727E-03  6.0645291E-03  0.0000000E+00
  0.0000000E+00  0.2314280      7.2017528E-02  3.1368252E-02  1.6397133E-02
  9.5877312E-03  5.9908386E-03  0.0000000E+00
  0.0000000E+00  0.2453694      7.7096201E-02  3.3897631E-02  1.7835092E-02
  1.0394344E-02  6.2079267E-03
  0.0000000E+00  0.2846047      9.1117308E-02  4.0748853E-02  2.1569410E-02
  1.2131049E-02
  0.0000000E+00  0.3646684      0.1206732      5.5367459E-02  2.8779129E-02
  0.0000000E+00  0.5353515      0.1860187      8.6357303E-02
  0.0000000E+00   1.000000      0.3545111    
  0.0000000E+00   2.776340    
   30.98984    
  1.0000000E+14
  0.0000000E+00  4.7853041E-02  1.4659013E-02  6.2870262E-03  3.2468429E-03
  1.8888634E-03  1.1919633E-03  7.9816306E-04
  0.0000000E+00  7.6946042E-02  2.3559129E-02  1.0105626E-02  5.2192882E-03
  3.0332950E-03  1.9134328E-03  1.2799081E-03
  0.0000000E+00  0.1239954      3.7979335E-02  1.6284730E-02  8.4087262E-03
  4.8863376E-03  3.0769231E-03  2.0553388E-03
  0.0000000E+00  0.1948794      5.9701495E-02  2.5602754E-02  1.3219289E-02
  7.6762340E-03  4.8289327E-03  0.0000000E+00
  0.0000000E+00  0.2856487      8.7531574E-02  3.7566017E-02  1.9396098E-02
  1.1256028E-02  7.0654419E-03  0.0000000E+00
  0.0000000E+00  0.3692308      0.1132951      4.8656717E-02  2.5143513E-02
  1.4571757E-02  9.1090696E-03  0.0000000E+00
  0.0000000E+00  0.4082664      0.1255798      5.4029852E-02  2.7921930E-02
  1.6146958E-02  9.9770380E-03  0.0000000E+00
  0.0000000E+00  0.4027555      0.1242939      5.3616535E-02  2.7715269E-02
  1.5871413E-02  9.3203215E-03
  0.0000000E+00  0.3958668      0.1228014      5.3157292E-02  2.7301952E-02
  1.4909299E-02
  0.0000000E+00  0.4367394      0.1364868      5.9081517E-02  2.9115960E-02
  0.0000000E+00  0.5825488      0.1831458      7.6969005E-02
  0.0000000E+00   1.000000      0.3033295    
  0.0000000E+00   2.493685    
   28.58783    
