   100.0000    
  0.0000000E+00  1.4037834E-02  6.0958904E-03  3.8049580E-03  2.7540768E-03
  2.1578604E-03  1.7756035E-03  1.5127202E-03
  0.0000000E+00  1.7051535E-02  7.4559688E-03  4.6921070E-03  3.4285714E-03
  2.7123289E-03  2.2563601E-03  1.9445532E-03
  0.0000000E+00  2.1030659E-02  9.2694070E-03  5.8962819E-03  4.3568169E-03
  3.4898892E-03  2.9425963E-03  2.5753425E-03
  0.0000000E+00  2.6418788E-02  1.1761253E-02  7.5799087E-03  5.6810174E-03
  4.6236138E-03  3.9699934E-03  0.0000000E+00
  0.0000000E+00  3.3933464E-02  1.5290281E-02  1.0019570E-02  7.6516634E-03
  6.3607311E-03  5.6001302E-03  0.0000000E+00
  0.0000000E+00  4.4787999E-02  2.0508807E-02  1.3724723E-02  1.0750163E-02
  9.2106983E-03  8.4083499E-03  0.0000000E+00
  0.0000000E+00  6.1167650E-02  2.8610568E-02  1.9712981E-02  1.6007828E-02
  1.4344423E-02  1.3855185E-02  0.0000000E+00
  0.0000000E+00  8.7345079E-02  4.2067841E-02  3.0254403E-02  2.5968689E-02
  2.5029356E-02  2.5994781E-02
  0.0000000E+00  0.1324853      6.6666670E-02  5.1298108E-02  4.8382260E-02
  5.2198306E-02
  0.0000000E+00  0.2189172      0.1185258      0.1030006      0.1149380    
  0.0000000E+00  0.4138944      0.2585779      0.2874103    
  0.0000000E+00   1.000000      0.8793216    
  0.0000000E+00   4.332681    
   29.68689    
   1000.000    
  0.0000000E+00  1.4048083E-02  6.1000651E-03  3.8076674E-03  2.7556855E-03
  2.1578947E-03  1.7745289E-03  1.5100715E-03
  0.0000000E+00  1.7056530E-02  7.4593890E-03  4.6952567E-03  3.4294997E-03
  2.7121508E-03  2.2540612E-03  1.9408707E-03
  0.0000000E+00  2.1039637E-02  9.2722550E-03  5.8999350E-03  4.3586744E-03
  3.4892787E-03  2.9395712E-03  2.5692009E-03
  0.0000000E+00  2.6432749E-02  1.1767382E-02  7.5828461E-03  5.6822617E-03
  4.6218326E-03  3.9642625E-03  0.0000000E+00
  0.0000000E+00  3.3950619E-02  1.5302145E-02  1.0019493E-02  7.6543209E-03
  6.3567255E-03  5.5880444E-03  0.0000000E+00
  0.0000000E+00  4.4808321E-02  2.0519817E-02  1.3729695E-02  1.0747239E-02
  9.2007797E-03  8.3820662E-03  0.0000000E+00
  0.0000000E+00  6.1202079E-02  2.8622484E-02  1.9720597E-02  1.6003899E-02
  1.4314490E-02  1.3762183E-02  0.0000000E+00
  0.0000000E+00  8.7394409E-02  4.2092267E-02  3.0259911E-02  2.5938921E-02
  2.4912281E-02  2.5536064E-02
  0.0000000E+00  0.1325536      6.6731647E-02  5.1286548E-02  4.8239116E-02
  5.1435996E-02
  0.0000000E+00  0.2190383      0.1185835      0.1028590      0.1135802    
  0.0000000E+00  0.4141001      0.2584146      0.2847953    
  0.0000000E+00   1.000000      0.8732944    
  0.0000000E+00   4.316439    
   29.60364    
   10000.00    
  0.0000000E+00  1.4061896E-02  6.1070276E-03  3.8110896E-03  2.7569309E-03
  2.1566730E-03  1.7711155E-03  1.5048357E-03
  0.0000000E+00  1.7072856E-02  7.4661509E-03  4.6995487E-03  3.4306899E-03
  2.7105093E-03  2.2495163E-03  1.9323017E-03
  0.0000000E+00  2.1057382E-02  9.2843324E-03  5.9045777E-03  4.3591233E-03
  3.4861381E-03  2.9316570E-03  2.5551259E-03
  0.0000000E+00  2.6453901E-02  1.1779497E-02  7.5886524E-03  5.6827855E-03
  4.6157320E-03  3.9503546E-03  0.0000000E+00
  0.0000000E+00  3.3978079E-02  1.5319149E-02  1.0025790E-02  7.6531270E-03
  6.3449391E-03  5.5609285E-03  0.0000000E+00
  0.0000000E+00  4.4842038E-02  2.0535139E-02  1.3739523E-02  1.0741457E-02
  9.1747260E-03  8.3172144E-03  0.0000000E+00
  0.0000000E+00  6.1244357E-02  2.8646035E-02  1.9729206E-02  1.5983237E-02
  1.4248871E-02  1.3584783E-02  0.0000000E+00
  0.0000000E+00  8.7427467E-02  4.2121213E-02  3.0257899E-02  2.5873631E-02
  2.4674404E-02  2.4796905E-02
  0.0000000E+00  0.1326241      6.6731140E-02  5.1244359E-02  4.7936812E-02
  5.0174080E-02
  0.0000000E+00  0.2192134      0.1185687      0.1025145      0.1112830    
  0.0000000E+00  0.4143778      0.2580915      0.2803353    
  0.0000000E+00   1.000000      0.8633140    
  0.0000000E+00   4.288201    
   29.45197    
   100000.0    
  0.0000000E+00  1.4094088E-02  6.1207884E-03  3.8175462E-03  2.7584236E-03
  2.1538462E-03  1.7641449E-03  1.4926892E-03
  0.0000000E+00  1.7107438E-02  7.4825175E-03  4.7069294E-03  3.4316594E-03
  2.7056581E-03  2.2383980E-03  1.9141767E-03
  0.0000000E+00  2.1099810E-02  9.3006995E-03  5.9129056E-03  4.3598223E-03
  3.4780672E-03  2.9148124E-03  2.5263827E-03
  0.0000000E+00  2.6503498E-02  1.1799110E-02  7.5969486E-03  5.6808647E-03
  4.6020341E-03  3.9205342E-03  0.0000000E+00
  0.0000000E+00  3.4036875E-02  1.5346471E-02  1.0038143E-02  7.6414491E-03
  6.3184993E-03  5.5054035E-03  0.0000000E+00
  0.0000000E+00  4.4914175E-02  2.0572154E-02  1.3744437E-02  1.0724730E-02
  9.1163386E-03  8.2008895E-03  0.0000000E+00
  0.0000000E+00  6.1341386E-02  2.8690400E-02  1.9732995E-02  1.5937699E-02
  1.4113159E-02  1.3254927E-02  0.0000000E+00
  0.0000000E+00  8.7603308E-02  4.2180549E-02  3.0247934E-02  2.5734264E-02
  2.4233947E-02  2.3674509E-02
  0.0000000E+00  0.1328036      6.6815004E-02  5.1137950E-02  4.7361728E-02
  4.8219964E-02
  0.0000000E+00  0.2195168      0.1186268      0.1017800      0.1076923    
  0.0000000E+00  0.4148760      0.2573427      0.2731723    
  0.0000000E+00   1.000000      0.8474253    
  0.0000000E+00   4.241577    
   29.21170    
   1000000.    
  0.0000000E+00  1.4147551E-02  6.1463108E-03  3.8288902E-03  2.7588343E-03
  2.1450710E-03  1.7470551E-03  1.4674519E-03
  0.0000000E+00  1.7172970E-02  7.5139487E-03  4.7185370E-03  3.4302541E-03
  2.6924983E-03  2.2132671E-03  1.8766273E-03
  0.0000000E+00  2.1171730E-02  9.3366392E-03  5.9249839E-03  4.3552388E-03
  3.4569127E-03  2.8760075E-03  2.4674518E-03
  0.0000000E+00  2.6590204E-02  1.1841290E-02  7.6069431E-03  5.6701796E-03
  4.5672660E-03  3.8574084E-03  0.0000000E+00
  0.0000000E+00  3.4141351E-02  1.5387476E-02  1.0049596E-02  7.6193428E-03
  6.2554246E-03  5.3924364E-03  0.0000000E+00
  0.0000000E+00  4.5052696E-02  2.0632360E-02  1.3756975E-02  1.0681959E-02
  8.9956596E-03  7.9665221E-03  0.0000000E+00
  0.0000000E+00  6.1525110E-02  2.8766274E-02  1.9727215E-02  1.5827650E-02
  1.3831370E-02  1.2690638E-02  0.0000000E+00
  0.0000000E+00  8.7848730E-02  4.2269062E-02  3.0185988E-02  2.5430875E-02
  2.3446992E-02  2.1996280E-02
  0.0000000E+00  0.1331680      6.6893987E-02  5.0874148E-02  4.6286419E-02
  4.5244884E-02
  0.0000000E+00  0.2200868      0.1185989      0.1003720      0.1021079    
  0.0000000E+00  0.4158090      0.2557966      0.2618103    
  0.0000000E+00   1.000000      0.8208308    
  0.0000000E+00   4.166770    
   28.82827    
  1.0000000E+07
  0.0000000E+00  1.4301842E-02  6.2091504E-03  3.8550205E-03  2.7611409E-03
  2.1283422E-03  1.7136066E-03  1.4183006E-03
  0.0000000E+00  1.7338086E-02  7.5757573E-03  4.7433157E-03  3.4266191E-03
  2.6642897E-03  2.1633988E-03  1.8057041E-03
  0.0000000E+00  2.1348782E-02  9.4058225E-03  5.9477123E-03  4.3422459E-03
  3.4123589E-03  2.7991680E-03  2.3594771E-03
  0.0000000E+00  2.6791442E-02  1.1919191E-02  7.6292334E-03  5.6434935E-03
  4.4937609E-03  3.7349970E-03  0.0000000E+00
  0.0000000E+00  3.4385026E-02  1.5484254E-02  1.0065359E-02  7.5698155E-03
  6.1319070E-03  5.1812241E-03  0.0000000E+00
  0.0000000E+00  4.5359477E-02  2.0742720E-02  1.3755199E-02  1.0570410E-02
  8.7581696E-03  7.5638741E-03  0.0000000E+00
  0.0000000E+00  6.1913248E-02  2.8900772E-02  1.9691028E-02  1.5597147E-02
  1.3327391E-02  1.1800356E-02  0.0000000E+00
  0.0000000E+00  8.8413544E-02  4.2436127E-02  3.0041592E-02  2.4848485E-02
  2.2144979E-02  1.9679146E-02
  0.0000000E+00  0.1339869      6.7023173E-02  5.0320856E-02  4.4426620E-02
  4.1027922E-02
  0.0000000E+00  0.2213310      0.1184195      9.7860962E-02  9.3998805E-02
  0.0000000E+00  0.4177065      0.2529412      0.2449198    
  0.0000000E+00   1.000000      0.7819370    
  0.0000000E+00   4.055258    
   28.33630    
  1.0000000E+08
  0.0000000E+00  1.4894795E-02  6.4507201E-03  3.9673313E-03  2.7967885E-03
  2.1112957E-03  1.6583609E-03  1.3372094E-03
  0.0000000E+00  1.7873755E-02  7.7906977E-03  4.8316722E-03  3.4379845E-03
  2.6190476E-03  2.0758584E-03  1.6866003E-03
  0.0000000E+00  2.1866001E-02  9.6013295E-03  6.0132891E-03  4.3244739E-03
  3.3289038E-03  2.6638980E-03  2.1816168E-03
  0.0000000E+00  2.7314508E-02  1.2109634E-02  7.6744189E-03  5.5869329E-03
  4.3521593E-03  3.5204873E-03  0.0000000E+00
  0.0000000E+00  3.4955703E-02  1.5681064E-02  1.0088594E-02  7.4529350E-03
  5.8914730E-03  4.8266887E-03  0.0000000E+00
  0.0000000E+00  4.6024363E-02  2.0952381E-02  1.3732005E-02  1.0343300E-02
  8.3277961E-03  6.9269105E-03  0.0000000E+00
  0.0000000E+00  6.2735327E-02  2.9136213E-02  1.9573644E-02  1.5132890E-02
  1.2475083E-02  1.0531561E-02  0.0000000E+00
  0.0000000E+00  8.9479513E-02  4.2679958E-02  2.9684387E-02  2.3781840E-02
  2.0193798E-02  1.6810631E-02
  0.0000000E+00  0.1356035      6.7220375E-02  4.9208198E-02  4.1467331E-02
  3.5636768E-02
  0.0000000E+00  0.2236988      0.1179402      9.3632340E-02  8.3222590E-02
  0.0000000E+00  0.4212071      0.2478405      0.2219269    
  0.0000000E+00   1.000000      0.7264674    
  0.0000000E+00   3.899779    
   28.27243    
  1.0000000E+09
  0.0000000E+00  1.8687716E-02  7.9329051E-03  4.5964480E-03  3.0276270E-03
  2.1410952E-03  1.5860877E-03  1.2141095E-03
  0.0000000E+00  2.0878145E-02  8.9837192E-03  5.3428710E-03  3.6003946E-03
  2.5954612E-03  1.9521459E-03  1.5120867E-03
  0.0000000E+00  2.4282191E-02  1.0547607E-02  6.3986187E-03  4.4020717E-03
  3.2298963E-03  2.4642330E-03  1.9289589E-03
  0.0000000E+00  2.9324124E-02  1.2851504E-02  7.9329051E-03  5.5599408E-03
  4.1445484E-03  3.2042426E-03  0.0000000E+00
  0.0000000E+00  3.6719289E-02  1.6275283E-02  1.0212136E-02  7.2767637E-03
  5.5155400E-03  4.3157376E-03  0.0000000E+00
  0.0000000E+00  4.7705967E-02  2.1445485E-02  1.3704982E-02  9.9506658E-03
  7.6615685E-03  6.0631474E-03  0.0000000E+00
  0.0000000E+00  6.4528860E-02  2.9555993E-02  1.9309323E-02  1.4331524E-02
  1.1228416E-02  8.9491857E-03  0.0000000E+00
  0.0000000E+00  9.1613218E-02  4.2999506E-02  2.8939318E-02  2.2076961E-02
  1.7607301E-02  1.3645781E-02
  0.0000000E+00  0.1383818      6.7242227E-02  4.7187962E-02  3.7286628E-02
  2.9481992E-02
  0.0000000E+00  0.2277257      0.1166749      8.7123826E-02  7.0547611E-02
  0.0000000E+00  0.4267390      0.2392205      0.1935866    
  0.0000000E+00   1.000000      0.6566354    
  0.0000000E+00   3.702516    
   30.52787    
  1.0000000E+10
  0.0000000E+00  3.6580671E-02  1.2739557E-02  6.1220308E-03  3.4860771E-03
  2.2027027E-03  1.4934479E-03  1.0655200E-03
  0.0000000E+00  3.7473381E-02  1.3660934E-02  6.8181814E-03  3.9971336E-03
  2.5831284E-03  1.7829647E-03  1.2899262E-03
  0.0000000E+00  3.8697787E-02  1.4864864E-02  7.7559375E-03  4.7010644E-03
  3.1162980E-03  2.1928744E-03  1.6093366E-03
  0.0000000E+00  4.1072890E-02  1.6605241E-02  9.0868138E-03  5.7084351E-03
  3.8845208E-03  2.7870596E-03  0.0000000E+00
  0.0000000E+00  4.5904994E-02  1.9307943E-02  1.1056510E-02  7.1949214E-03
  5.0286646E-03  3.6736282E-03  0.0000000E+00
  0.0000000E+00  5.4832105E-02  2.3710072E-02  1.4127763E-02  9.5004095E-03
  6.8018017E-03  5.0409497E-03  0.0000000E+00
  0.0000000E+00  7.0311219E-02  3.1089269E-02  1.9152334E-02  1.3259623E-02
  9.6887788E-03  7.2235875E-03  0.0000000E+00
  0.0000000E+00  9.6805893E-02  4.3857493E-02  2.7858311E-02  1.9807534E-02
  1.4660113E-02  1.0565110E-02
  0.0000000E+00  0.1437756      6.7158066E-02  4.4185091E-02  3.2178540E-02
  2.3292381E-02
  0.0000000E+00  0.2342752      0.1142097      7.8501225E-02  5.7207201E-02
  0.0000000E+00  0.4348894      0.2266585      0.1625307    
  0.0000000E+00   1.000000      0.5769861    
  0.0000000E+00   3.477887    
   32.75594    
  9.9999998E+10
  0.0000000E+00  5.9806004E-02  1.8714763E-02  8.1964238E-03  4.3194909E-03
  2.5589573E-03  1.6426190E-03  1.1179146E-03
  0.0000000E+00  6.3685969E-02  2.0133374E-02  8.9057293E-03  4.7317371E-03
  2.8244925E-03  1.8247955E-03  1.2485603E-03
  0.0000000E+00  6.8323739E-02  2.1961203E-02  9.8605640E-03  5.3107003E-03
  3.2040011E-03  2.0900273E-03  1.4410429E-03
  0.0000000E+00  7.3507130E-02  2.4252804E-02  1.1145803E-02  6.1230678E-03
  3.7556838E-03  2.4819644E-03  0.0000000E+00
  0.0000000E+00  7.9145201E-02  2.7187027E-02  1.2937254E-02  7.3052444E-03
  4.5832074E-03  3.0797212E-03  0.0000000E+00
  0.0000000E+00  8.5965447E-02  3.1221583E-02  1.5589573E-02  9.1330707E-03
  5.8866325E-03  4.0284935E-03  0.0000000E+00
  0.0000000E+00  9.6665658E-02  3.7496213E-02  1.9830251E-02  1.2118824E-02
  8.0327373E-03  5.5592605E-03  0.0000000E+00
  0.0000000E+00  0.1173386      4.8317671E-02  2.7138527E-02  1.7287057E-02
  1.1691422E-02  7.8448020E-03
  0.0000000E+00  0.1596847      6.8839043E-02  4.0769931E-02  2.6808124E-02
  1.7729616E-02
  0.0000000E+00  0.2478327      0.1113368      6.8778418E-02  4.4831768E-02
  0.0000000E+00  0.4474083      0.2109427      0.1322825    
  0.0000000E+00   1.000000      0.4953016    
  0.0000000E+00   3.252501    
   32.82813    
  1.0000000E+12
  0.0000000E+00  0.1106083      3.3994809E-02  1.4636500E-02  7.5890212E-03
  4.4287839E-03  2.8041545E-03  1.8842730E-03
  0.0000000E+00  0.1081046      3.3271514E-02  1.4345326E-02  7.4480716E-03
  4.3508904E-03  2.7559348E-03  1.8521885E-03
  0.0000000E+00  0.1074184      3.3141691E-02  1.4326781E-02  7.4536358E-03
  4.3620178E-03  2.7670625E-03  1.8601632E-03
  0.0000000E+00  0.1104785      3.4235906E-02  1.4855341E-02  7.7577895E-03
  4.5530419E-03  2.8931750E-03  0.0000000E+00
  0.0000000E+00  0.1180638      3.6850892E-02  1.6105343E-02  8.4625371E-03
  4.9925819E-03  3.1824927E-03  0.0000000E+00
  0.0000000E+00  0.1304896      4.1283384E-02  1.8269660E-02  9.7069731E-03
  5.7752226E-03  3.6980712E-03  0.0000000E+00
  0.0000000E+00  0.1482196      4.8034124E-02  2.1754453E-02  1.1772998E-02
  7.0975525E-03  4.5567509E-03  0.0000000E+00
  0.0000000E+00  0.1729414      5.8494069E-02  2.7503710E-02  1.5333829E-02
  9.3842736E-03  5.8475519E-03
  0.0000000E+00  0.2117953      7.6335318E-02  3.7982196E-02  2.1921365E-02
  1.3201039E-02
  0.0000000E+00  0.2887611      0.1118138      5.9217360E-02  3.4235906E-02
  0.0000000E+00  0.4742211      0.1943620      0.1052671    
  0.0000000E+00   1.000000      0.4176558    
  0.0000000E+00   3.026706    
   32.38131    
  9.9999998E+12
  0.0000000E+00  0.1601485      4.9084157E-02  2.1064356E-02  1.0882838E-02
  6.3333330E-03  3.9975247E-03  2.6773927E-03
  0.0000000E+00  0.1873762      5.7425741E-02  2.4636963E-02  1.2731022E-02
  7.4059404E-03  4.6716169E-03  3.1254124E-03
  0.0000000E+00  0.2070957      6.3481845E-02  2.7235974E-02  1.4075908E-02
  8.1823431E-03  5.1567657E-03  3.4447196E-03
  0.0000000E+00  0.2130363      6.5313533E-02  2.8036304E-02  1.4488448E-02
  8.4158415E-03  5.2986797E-03  0.0000000E+00
  0.0000000E+00  0.2069307      6.3523099E-02  2.7285477E-02  1.4100659E-02
  8.1914188E-03  5.1468643E-03  0.0000000E+00
  0.0000000E+00  0.2005775      6.1674915E-02  2.6534652E-02  1.3729372E-02
  7.9678213E-03  4.9859732E-03  0.0000000E+00
  0.0000000E+00  0.2053630      6.3374586E-02  2.7359733E-02  1.4174918E-02
  8.2169967E-03  5.0866334E-03  0.0000000E+00
  0.0000000E+00  0.2276403      7.0775576E-02  3.0759076E-02  1.5998350E-02
  9.2161708E-03  5.4372936E-03
  0.0000000E+00  0.2733498      8.6303629E-02  3.8044553E-02  1.9867986E-02
  1.1014852E-02
  0.0000000E+00  0.3572607      0.1163366      5.2557755E-02  2.6922442E-02
  0.0000000E+00  0.5309406      0.1807756      8.2673267E-02
  0.0000000E+00   1.000000      0.3446369    
  0.0000000E+00   2.757426    
   31.14686    
  1.0000000E+14
  0.0000000E+00  7.2534718E-02  2.2209933E-02  9.5245941E-03  4.9188049E-03
  2.8594965E-03  1.8039540E-03  1.2075782E-03
  0.0000000E+00  0.1018357      3.1183811E-02  1.3363144E-02  6.9004474E-03
  4.0080021E-03  2.5253003E-03  1.6886326E-03
  0.0000000E+00  0.1446458      4.4269241E-02  1.8966816E-02  9.7858328E-03
  5.6789834E-03  3.5749588E-03  2.3840906E-03
  0.0000000E+00  0.2042834      6.2508829E-02  2.6759239E-02  1.3798541E-02
  7.9995301E-03  5.0223586E-03  0.0000000E+00
  0.0000000E+00  0.2777124      8.4890567E-02  3.6337964E-02  1.8712638E-02
  1.0826077E-02  6.7757121E-03  0.0000000E+00
  0.0000000E+00  0.3440810      0.1052012      4.4998825E-02  2.3134857E-02
  1.3346670E-02  8.2984231E-03  0.0000000E+00
  0.0000000E+00  0.3711462      0.1134620      4.8481997E-02  2.4876444E-02
  1.4264533E-02  8.7385271E-03  0.0000000E+00
  0.0000000E+00  0.3612615      0.1104260      4.7116969E-02  2.4076255E-02
  1.3626736E-02  7.8936219E-03
  0.0000000E+00  0.3622029      0.1108261      4.7234643E-02  2.3864439E-02
  1.2817133E-02
  0.0000000E+00  0.4177454      0.1281007      5.4318666E-02  2.6194399E-02
  0.0000000E+00  0.5759003      0.1768887      7.2464116E-02
  0.0000000E+00   1.000000      0.2955990    
  0.0000000E+00   2.499412    
   29.06566    
