   100.0000    
  0.0000000E+00  1.3802694E-02  6.0625817E-03  3.8509346E-03  2.8522380E-03
  2.2972622E-03  1.9521946E-03  1.7240330E-03
  0.0000000E+00  1.6714472E-02  7.3967837E-03  4.7457628E-03  3.5545416E-03
  2.8974358E-03  2.4958714E-03  2.2385919E-03
  0.0000000E+00  2.0569319E-02  9.1873100E-03  5.9626251E-03  4.5284657E-03
  3.7466320E-03  3.2842243E-03  3.0078227E-03
  0.0000000E+00  2.5780097E-02  1.1642764E-02  7.6705781E-03  5.9235115E-03
  4.9978271E-03  4.4893525E-03  0.0000000E+00
  0.0000000E+00  3.3042159E-02  1.5132552E-02  1.0160799E-02  8.0182524E-03
  6.9534988E-03  6.4537157E-03  0.0000000E+00
  0.0000000E+00  4.3546285E-02  2.0295525E-02  1.3963494E-02  1.1364624E-02
  1.0239027E-02  9.9956542E-03  0.0000000E+00
  0.0000000E+00  5.9408955E-02  2.8348545E-02  2.0178182E-02  1.7162103E-02
  1.6414603E-02  1.7388092E-02  0.0000000E+00
  0.0000000E+00  8.4745765E-02  4.1820947E-02  3.1295091E-02  2.8552804E-02
  3.0221643E-02  3.6171231E-02
  0.0000000E+00  0.1285963      6.6710122E-02  5.4150369E-02  5.6019124E-02
  7.0491090E-02
  0.0000000E+00  0.2129944      0.1202955      0.1139070      0.1498044    
  0.0000000E+00  0.4052586      0.2722729      0.3599739    
  0.0000000E+00   1.000000       1.049978    
  0.0000000E+00   4.815298    
   32.17297    
   1000.000    
  0.0000000E+00  1.3806034E-02  6.0646548E-03  3.8543101E-03  2.8547414E-03
  2.2982759E-03  1.9517241E-03  1.7215518E-03
  0.0000000E+00  1.6724138E-02  7.4051726E-03  4.7499998E-03  3.5573277E-03
  2.8987068E-03  2.4948276E-03  2.2349136E-03
  0.0000000E+00  2.0573277E-02  9.1939652E-03  5.9698275E-03  4.5301723E-03
  3.7474136E-03  3.2818965E-03  3.0004310E-03
  0.0000000E+00  2.5788793E-02  1.1650861E-02  7.6767243E-03  5.9267241E-03
  4.9999999E-03  4.4827587E-03  0.0000000E+00
  0.0000000E+00  3.3056032E-02  1.5142241E-02  1.0168104E-02  8.0215512E-03
  6.9525861E-03  6.4396551E-03  0.0000000E+00
  0.0000000E+00  4.3534480E-02  2.0310344E-02  1.3974138E-02  1.1366379E-02
  1.0228448E-02  9.9525861E-03  0.0000000E+00
  0.0000000E+00  5.9396554E-02  2.8370690E-02  2.0193964E-02  1.7163793E-02
  1.6379312E-02  1.7232759E-02  0.0000000E+00
  0.0000000E+00  8.4784485E-02  4.1849140E-02  3.1310346E-02  2.8525863E-02
  3.0030172E-02  3.5250001E-02
  0.0000000E+00  0.1286207      6.6724136E-02  5.4181032E-02  5.5775862E-02
  6.8965517E-02
  0.0000000E+00  0.2130603      0.1203448      0.1136638      0.1471552    
  0.0000000E+00  0.4054310      0.2721121      0.3548707    
  0.0000000E+00   1.000000       1.038793    
  0.0000000E+00   4.784483    
   32.00000    
   10000.00    
  0.0000000E+00  1.3814170E-02  6.0712770E-03  3.8587188E-03  2.8570218E-03
  2.2982603E-03  1.9486636E-03  1.7148918E-03
  0.0000000E+00  1.6733136E-02  7.4119638E-03  4.7560460E-03  3.5600339E-03
  2.8977515E-03  2.4900297E-03  2.2240134E-03
  0.0000000E+00  2.0585489E-02  9.2023760E-03  5.9736953E-03  4.5311837E-03
  3.7454392E-03  3.2732286E-03  2.9813321E-03
  0.0000000E+00  2.5799746E-02  1.1663131E-02  7.6877391E-03  5.9270258E-03
  4.9936362E-03  4.4633006E-03  0.0000000E+00
  0.0000000E+00  3.3067457E-02  1.5154858E-02  1.0178193E-02  8.0229100E-03
  6.9410265E-03  6.4022061E-03  0.0000000E+00
  0.0000000E+00  4.3572340E-02  2.0326687E-02  1.3988120E-02  1.1366144E-02
  1.0199406E-02  9.8599913E-03  0.0000000E+00
  0.0000000E+00  5.9439961E-02  2.8392024E-02  2.0203648E-02  1.7144674E-02
  1.6283412E-02  1.6919812E-02  0.0000000E+00
  0.0000000E+00  8.4811203E-02  4.1879509E-02  3.1315230E-02  2.8442938E-02
  2.9639371E-02  3.3775985E-02
  0.0000000E+00  0.1286805      6.6779800E-02  5.4094188E-02  5.5324566E-02
  6.6482812E-02
  0.0000000E+00  0.2131523      0.1203649      0.1131523      0.1427662    
  0.0000000E+00  0.4056003      0.2715740      0.3464149    
  0.0000000E+00   1.000000       1.019941    
  0.0000000E+00   4.730590    
   31.70980    
   100000.0    
  0.0000000E+00  1.3846472E-02  6.0916217E-03  3.8695834E-03  2.8625671E-03
  2.2979777E-03  1.9422204E-03  1.7007841E-03
  0.0000000E+00  1.6768469E-02  7.4329344E-03  4.7668181E-03  3.5654148E-03
  2.8959967E-03  2.4787453E-03  2.2009904E-03
  0.0000000E+00  2.0627320E-02  9.2282295E-03  5.9925709E-03  4.5398264E-03
  3.7404045E-03  3.2538176E-03  2.9418077E-03
  0.0000000E+00  2.5848120E-02  1.1692117E-02  7.7053243E-03  5.9347916E-03
  4.9814279E-03  4.4283946E-03  0.0000000E+00
  0.0000000E+00  3.3128351E-02  1.5196037E-02  1.0198101E-02  8.0272388E-03
  6.9129178E-03  6.3268673E-03  0.0000000E+00
  0.0000000E+00  4.3664876E-02  2.0375567E-02  1.4011556E-02  1.1357821E-02
  1.0132068E-02  9.6822120E-03  0.0000000E+00
  0.0000000E+00  5.9554271E-02  2.8460586E-02  2.0231117E-02  1.7102765E-02
  1.6095750E-02  1.6372265E-02  0.0000000E+00
  0.0000000E+00  8.4977299E-02  4.1972760E-02  3.1333055E-02  2.8274864E-02
  2.8935203E-02  3.1650845E-02
  0.0000000E+00  0.1289311      6.6900536E-02  5.4023936E-02  5.4436646E-02
  6.2855959E-02
  0.0000000E+00  0.2135369      0.1204705      0.1121337      0.1361948    
  0.0000000E+00  0.4062732      0.2706562      0.3335122    
  0.0000000E+00   1.000000      0.9909204    
  0.0000000E+00   4.647131    
   31.27528    
   1000000.    
  0.0000000E+00  1.3914241E-02  6.1250986E-03  3.8886706E-03  2.8690009E-03
  2.2922896E-03  1.9236822E-03  1.6679781E-03
  0.0000000E+00  1.6845005E-02  7.4704960E-03  4.7915028E-03  3.5708107E-03
  2.8855233E-03  2.4500396E-03  2.1506688E-03
  0.0000000E+00  2.0715972E-02  9.2722271E-03  6.0149492E-03  4.5436667E-03
  3.7210861E-03  3.2073173E-03  2.8599529E-03
  0.0000000E+00  2.5955942E-02  1.1746657E-02  7.7301343E-03  5.9323371E-03
  4.9488596E-03  4.3469709E-03  0.0000000E+00
  0.0000000E+00  3.3261213E-02  1.5263573E-02  1.0228167E-02  8.0133760E-03
  6.8450039E-03  6.1723054E-03  0.0000000E+00
  0.0000000E+00  4.3823764E-02  2.0464202E-02  1.4044060E-02  1.1317860E-02
  9.9842651E-03  9.3391035E-03  0.0000000E+00
  0.0000000E+00  5.9756100E-02  2.8571991E-02  2.0255705E-02  1.6986625E-02
  1.5708106E-02  1.5460269E-02  0.0000000E+00
  0.0000000E+00  8.5287184E-02  4.2132180E-02  3.1309992E-02  2.7891425E-02
  2.7706532E-02  2.8638868E-02
  0.0000000E+00  0.1293863      6.7112513E-02  5.3737219E-02  5.2832421E-02
  5.7592448E-02
  0.0000000E+00  0.2143195      0.1205350      0.1101888      0.1265146    
  0.0000000E+00  0.4075531      0.2686861      0.3141228    
  0.0000000E+00   1.000000      0.9472857    
  0.0000000E+00   4.523997    
   30.62156    
  1.0000000E+07
  0.0000000E+00  1.4098004E-02  6.2068966E-03  3.9310348E-03  2.8805807E-03
  2.2776769E-03  1.8838476E-03  1.6032668E-03
  0.0000000E+00  1.7038113E-02  7.5607989E-03  4.8312163E-03  3.5764067E-03
  2.8573505E-03  2.3880219E-03  2.0533577E-03
  0.0000000E+00  2.0929221E-02  9.3720509E-03  6.0544470E-03  4.5372052E-03
  3.6733213E-03  3.1085301E-03  2.7070781E-03
  0.0000000E+00  2.6203269E-02  1.1862069E-02  7.7713253E-03  5.9128860E-03
  4.8602540E-03  4.1851182E-03  0.0000000E+00
  0.0000000E+00  3.3560798E-02  1.5397460E-02  1.0268603E-02  7.9673324E-03
  6.6860258E-03  5.8765882E-03  0.0000000E+00
  0.0000000E+00  4.4210527E-02  2.0631580E-02  1.4076225E-02  1.1205083E-02
  9.6696923E-03  8.7441020E-03  0.0000000E+00
  0.0000000E+00  6.0254086E-02  2.8780401E-02  2.0257713E-02  1.6711434E-02
  1.4998186E-02  1.4061707E-02  0.0000000E+00
  0.0000000E+00  8.5989110E-02  4.2395648E-02  3.1183302E-02  2.7117969E-02
  2.5731398E-02  2.4686027E-02
  0.0000000E+00  0.1304174      6.7368425E-02  5.3103451E-02  5.0127041E-02
  5.0490022E-02
  0.0000000E+00  0.2159347      0.1205445      0.1066788      0.1131034    
  0.0000000E+00  0.4101633      0.2649002      0.2867514    
  0.0000000E+00   1.000000      0.8842105    
  0.0000000E+00   4.344828    
   29.80037    
  1.0000000E+08
  0.0000000E+00  1.4793389E-02  6.5130321E-03  4.0909094E-03  2.9456450E-03
  2.2711379E-03  1.8216784E-03  1.4984107E-03
  0.0000000E+00  1.7670056E-02  7.8289891E-03  4.9586776E-03  3.6077558E-03
  2.8127781E-03  2.2803561E-03  1.8941513E-03
  0.0000000E+00  2.1535283E-02  9.6185636E-03  6.1570248E-03  4.5327400E-03
  3.5759693E-03  2.9332486E-03  2.4624921E-03
  0.0000000E+00  2.6821362E-02  1.2104260E-02  7.8512393E-03  5.8582327E-03
  4.6884934E-03  3.8970120E-03  0.0000000E+00
  0.0000000E+00  3.4233946E-02  1.5651621E-02  1.0317864E-02  7.8353463E-03
  6.3795294E-03  5.3877938E-03  0.0000000E+00
  0.0000000E+00  4.4977751E-02  2.0912269E-02  1.4075017E-02  1.0931342E-02
  9.0972660E-03  7.8417035E-03  0.0000000E+00
  0.0000000E+00  6.1252385E-02  2.9103624E-02  2.0146217E-02  1.6125238E-02
  1.3823903E-02  1.2174190E-02  0.0000000E+00
  0.0000000E+00  8.7349020E-02  4.2752702E-02  3.0778768E-02  2.5705656E-02
  2.2892563E-02  2.0143040E-02
  0.0000000E+00  0.1323586      6.7673236E-02  5.1684678E-02  4.5931343E-02
  4.2085189E-02
  0.0000000E+00  0.2188811      0.1200572      0.1008582      9.6598849E-02
  0.0000000E+00  0.4144946      0.2581055      0.2519708    
  0.0000000E+00   1.000000      0.8019708    
  0.0000000E+00   4.109981    
   29.48824    
  1.0000000E+09
  0.0000000E+00  1.9412519E-02  8.4376605E-03  4.9538221E-03  3.2939969E-03
  2.3483839E-03  1.7537199E-03  1.3535146E-03
  0.0000000E+00  2.1244228E-02  9.3714725E-03  5.6644431E-03  3.8686506E-03
  2.8193945E-03  2.1441765E-03  1.6782965E-03
  0.0000000E+00  2.4356080E-02  1.0828630E-02  6.6957413E-03  4.6818880E-03
  3.4864033E-03  2.6962543E-03  2.1382759E-03
  0.0000000E+00  2.9143151E-02  1.3050281E-02  8.2221655E-03  5.8696764E-03
  4.4535659E-03  3.5017959E-03  0.0000000E+00
  0.0000000E+00  3.6275014E-02  1.6410980E-02  1.0520780E-02  7.6603387E-03
  5.9209848E-03  4.7255005E-03  0.0000000E+00
  0.0000000E+00  4.6972804E-02  2.1549512E-02  1.4089276E-02  1.0474603E-02
  8.2529504E-03  6.6854795E-03  0.0000000E+00
  0.0000000E+00  6.3391484E-02  2.9656233E-02  1.9876860E-02  1.5146228E-02
  1.2193433E-02  9.9897385E-03  0.0000000E+00
  0.0000000E+00  8.9892253E-02  4.3201640E-02  2.9912775E-02  2.3540277E-02
  1.9391997E-02  1.5579784E-02
  0.0000000E+00  0.1357876      6.7829654E-02  4.9230374E-02  4.0379681E-02
  3.3324782E-02
  0.0000000E+00  0.2238584      0.1186249      9.2457667E-02  7.8732684E-02
  0.0000000E+00  0.4214982      0.2473320      0.2126732    
  0.0000000E+00   1.000000      0.7060031    
  0.0000000E+00   3.837865    
   31.55464    
  1.0000000E+10
  0.0000000E+00  4.1049946E-02  1.4296392E-02  6.8556331E-03  3.8971931E-03
  2.4608094E-03  1.6684289E-03  1.1912141E-03
  0.0000000E+00  4.1286916E-02  1.5089319E-02  7.5227856E-03  4.4057602E-03
  2.8472478E-03  1.9668248E-03  1.4258112E-03
  0.0000000E+00  4.1669704E-02  1.6130149E-02  8.4287282E-03  5.1130154E-03
  3.3940943E-03  2.3933651E-03  1.7628509E-03
  0.0000000E+00  4.3127965E-02  1.7679548E-02  9.7247548E-03  6.1301496E-03
  4.1888445E-03  3.0185932E-03  0.0000000E+00
  0.0000000E+00  4.7010574E-02  2.0178637E-02  1.1669705E-02  7.6485602E-03
  5.3809700E-03  3.9591687E-03  0.0000000E+00
  0.0000000E+00  5.5122133E-02  2.4371127E-02  1.4733869E-02  1.0020052E-02
  7.2457166E-03  5.4283636E-03  0.0000000E+00
  0.0000000E+00  6.9959901E-02  3.1607732E-02  1.9814072E-02  1.3930004E-02
  1.0320817E-02  7.8089684E-03  0.0000000E+00
  0.0000000E+00  9.5862195E-02  4.4331025E-02  2.8745901E-02  2.0834852E-02
  1.5701788E-02  1.1542108E-02
  0.0000000E+00  0.1421072      6.7881882E-02  4.5716371E-02  3.4086768E-02
  2.5282539E-02
  0.0000000E+00  0.2316806      0.1159497      8.2008749E-02  6.1593145E-02
  0.0000000E+00  0.4314619      0.2324098      0.1731681    
  0.0000000E+00   1.000000      0.6055414    
  0.0000000E+00   3.556325    
   33.12067    
  9.9999998E+10
  0.0000000E+00  6.8883009E-02  2.1556379E-02  9.4473260E-03  4.9814717E-03
  2.9528851E-03  1.8973002E-03  1.2916888E-03
  0.0000000E+00  7.1773425E-02  2.2689253E-02  1.0039174E-02  5.3382744E-03
  3.1879302E-03  2.0614082E-03  1.4113288E-03
  0.0000000E+00  7.5595558E-02  2.4298571E-02  1.0905241E-02  5.8761248E-03
  3.5479087E-03  2.3165697E-03  1.5987294E-03
  0.0000000E+00  8.0021173E-02  2.6405506E-02  1.2133404E-02  6.6627841E-03
  4.0889359E-03  2.7051349E-03  0.0000000E+00
  0.0000000E+00  8.4827952E-02  2.9168874E-02  1.3880360E-02  7.8380089E-03
  4.9190046E-03  3.3118052E-03  0.0000000E+00
  0.0000000E+00  9.0534672E-02  3.3043940E-02  1.6506087E-02  9.6749598E-03
  6.2445737E-03  4.2848065E-03  0.0000000E+00
  0.0000000E+00  9.9724717E-02  3.9089464E-02  2.0741133E-02  1.2705135E-02
  8.4520914E-03  5.8771838E-03  0.0000000E+00
  0.0000000E+00  0.1186871      4.9677078E-02  2.8110111E-02  1.8020118E-02
  1.2260456E-02  8.2953935E-03
  0.0000000E+00  0.1595553      7.0047639E-02  4.2001057E-02  2.7898360E-02
  1.8655373E-02
  0.0000000E+00  0.2465855      0.1128640      7.0884064E-02  4.6924300E-02
  0.0000000E+00  0.4454209      0.2146109      0.1375331    
  0.0000000E+00   1.000000      0.5100052    
  0.0000000E+00   3.290630    
   32.85336    
  1.0000000E+12
  0.0000000E+00  0.1366591      4.2049661E-02  1.8117381E-02  9.4040632E-03
  5.4943566E-03  3.4808125E-03  2.3404062E-03
  0.0000000E+00  0.1293002      3.9841987E-02  1.7196389E-02  8.9390520E-03
  5.2279909E-03  3.3160271E-03  2.2306996E-03
  0.0000000E+00  0.1243792      3.8428891E-02  1.6632054E-02  8.6681712E-03
  5.0790068E-03  3.2261850E-03  2.1720089E-03
  0.0000000E+00  0.1240181      3.8492098E-02  1.6731378E-02  8.7539507E-03
  5.1467270E-03  3.2762978E-03  0.0000000E+00
  0.0000000E+00  0.1289390      4.0325057E-02  1.7661400E-02  9.3002254E-03
  5.4988712E-03  3.5133183E-03  0.0000000E+00
  0.0000000E+00  0.1393679      4.4185102E-02  1.9598193E-02  1.0437923E-02
  6.2257336E-03  3.9968397E-03  0.0000000E+00
  0.0000000E+00  0.1555756      5.0564330E-02  2.2939052E-02  1.2446953E-02
  7.5214440E-03  4.8442436E-03  0.0000000E+00
  0.0000000E+00  0.1790068      6.0767494E-02  2.8641082E-02  1.5999999E-02
  9.8194126E-03  6.1399546E-03
  0.0000000E+00  0.2161174      7.8465015E-02  3.9155755E-02  2.2663657E-02
  1.3697517E-02
  0.0000000E+00  0.2904740      0.1139052      6.0677201E-02  3.5259593E-02
  0.0000000E+00  0.4735892      0.1971558      0.1078104    
  0.0000000E+00   1.000000      0.4248307    
  0.0000000E+00   3.042889    
   32.31603    
  9.9999998E+12
  0.0000000E+00  0.1875306      5.7508580E-02  2.4693780E-02  1.2775601E-02
  7.4363058E-03  4.6974523E-03  3.1479667E-03
  0.0000000E+00  0.2236649      6.8593830E-02  2.9458601E-02  1.5237628E-02
  8.8694263E-03  5.6001963E-03  3.7506125E-03
  0.0000000E+00  0.2469378      7.5759441E-02  3.2545321E-02  1.6829986E-02
  9.7978935E-03  6.1820187E-03  4.1340031E-03
  0.0000000E+00  0.2495100      7.6592363E-02  3.2925040E-02  1.7038217E-02
  9.9154832E-03  6.2518376E-03  0.0000000E+00
  0.0000000E+00  0.2365262      7.2733961E-02  3.1308182E-02  1.6217541E-02
  9.4353268E-03  5.9394906E-03  0.0000000E+00
  0.0000000E+00  0.2231749      6.8789810E-02  2.9679080E-02  1.5396865E-02
  8.9588445E-03  5.6222444E-03  0.0000000E+00
  0.0000000E+00  0.2218276      6.8679571E-02  2.9752573E-02  1.5482607E-02
  9.0029398E-03  5.5952966E-03  0.0000000E+00
  0.0000000E+00  0.2390985      7.4681535E-02  3.2606564E-02  1.7038217E-02
  9.8652625E-03  5.8512986E-03
  0.0000000E+00  0.2813572      8.9318968E-02  3.9588440E-02  2.0786380E-02
  1.1593582E-02
  0.0000000E+00  0.3629349      0.1189368      5.4042138E-02  2.7841747E-02
  0.0000000E+00  0.5344194      0.1836110      8.4431656E-02
  0.0000000E+00   1.000000      0.3492161    
  0.0000000E+00   2.764576    
   31.03871    
  1.0000000E+14
  0.0000000E+00  5.7737857E-02  1.7680615E-02  7.5819185E-03  3.9163046E-03
  2.2779312E-03  1.4372285E-03  9.6229766E-04
  0.0000000E+00  8.8156328E-02  2.7003553E-02  1.1575207E-02  5.9771021E-03
  3.4741412E-03  2.1910777E-03  1.4648638E-03
  0.0000000E+00  0.1356494      4.1531779E-02  1.7804973E-02  9.1926567E-03
  5.3395182E-03  3.3616265E-03  2.2443742E-03
  0.0000000E+00  0.2052902      6.2850371E-02  2.6944334E-02  1.3902487E-02
  8.0675082E-03  5.0710617E-03  0.0000000E+00
  0.0000000E+00  0.2927359      8.9636788E-02  3.8412947E-02  1.9818395E-02
  1.1480458E-02  7.1969996E-03  0.0000000E+00
  0.0000000E+00  0.3705093      0.1135215      4.8657719E-02  2.5069088E-02
  1.4496644E-02  9.0367151E-03  0.0000000E+00
  0.0000000E+00  0.4013028      0.1229767      5.2704304E-02  2.7121989E-02
  1.5611921E-02  9.5992889E-03  0.0000000E+00
  0.0000000E+00  0.3892618      0.1194631      5.1204104E-02  2.6273195E-02
  1.4940782E-02  8.7011447E-03
  0.0000000E+00  0.3833399      0.1179234      5.0552703E-02  2.5700748E-02
  1.3898538E-02
  0.0000000E+00  0.4297276      0.1327477      5.6750886E-02  2.7615475E-02
  0.0000000E+00  0.5803395      0.1800237      7.4516378E-02
  0.0000000E+00   1.000000      0.2986577    
  0.0000000E+00   2.491117    
   28.78010    
