   100.0000    
  0.0000000E+00  1.3938393E-02  6.0836086E-03  3.8300331E-03  2.8025303E-03
  2.2233224E-03  1.8564356E-03  1.6067107E-03
  0.0000000E+00  1.6903190E-02  7.4312431E-03  4.7222222E-03  3.4900990E-03
  2.7992299E-03  2.3652364E-03  2.0742575E-03
  0.0000000E+00  2.0825082E-02  9.2354231E-03  5.9350934E-03  4.4400441E-03
  3.6094608E-03  3.0968098E-03  2.7640264E-03
  0.0000000E+00  2.6138613E-02  1.1716171E-02  7.6292627E-03  5.7975799E-03
  4.7970298E-03  4.2002201E-03  0.0000000E+00
  0.0000000E+00  3.3536851E-02  1.5231023E-02  1.0093509E-02  7.8272829E-03
  6.6336636E-03  5.9735971E-03  0.0000000E+00
  0.0000000E+00  4.4229921E-02  2.0429043E-02  1.3850385E-02  1.1039604E-02
  9.6699670E-03  9.0869088E-03  0.0000000E+00
  0.0000000E+00  6.0396042E-02  2.8514851E-02  1.9944994E-02  1.6540153E-02
  1.5253025E-02  1.5313531E-02  0.0000000E+00
  0.0000000E+00  8.6193614E-02  4.1991200E-02  3.0753575E-02  2.7123211E-02
  2.7211221E-02  2.9961497E-02
  0.0000000E+00  0.1307481      6.6721670E-02  5.2623760E-02  5.1644661E-02
  5.9405938E-02
  0.0000000E+00  0.2162816      0.1194169      0.1077558      0.1288229    
  0.0000000E+00  0.4101210      0.2646865      0.3166116    
  0.0000000E+00   1.000000      0.9488449    
  0.0000000E+00   4.529153    
   30.68757    
   1000.000    
  0.0000000E+00  1.3944202E-02  6.0886214E-03  3.8326040E-03  2.8036106E-03
  2.2237417E-03  1.8550329E-03  1.6039388E-03
  0.0000000E+00  1.6909191E-02  7.4398252E-03  4.7253831E-03  3.4912473E-03
  2.7992341E-03  2.3632385E-03  2.0700220E-03
  0.0000000E+00  2.0831510E-02  9.2450762E-03  5.9354487E-03  4.4414662E-03
  3.6088622E-03  3.0935451E-03  2.7571116E-03
  0.0000000E+00  2.6143325E-02  1.1723195E-02  7.6312912E-03  5.7986872E-03
  4.7954046E-03  4.1942014E-03  0.0000000E+00
  0.0000000E+00  3.3550330E-02  1.5240700E-02  1.0098469E-02  7.8282272E-03
  6.6247266E-03  5.9628007E-03  0.0000000E+00
  0.0000000E+00  4.4245075E-02  2.0437635E-02  1.3856675E-02  1.1039387E-02
  9.6608317E-03  9.0536103E-03  0.0000000E+00
  0.0000000E+00  6.0393874E-02  2.8528446E-02  1.9956237E-02  1.6531728E-02
  1.5213348E-02  1.5196936E-02  0.0000000E+00
  0.0000000E+00  8.6214446E-02  4.2007659E-02  3.0760394E-02  2.7095187E-02
  2.7062364E-02  2.9343545E-02
  0.0000000E+00  0.1307440      6.6739604E-02  5.2609410E-02  5.1466085E-02
  5.8369804E-02
  0.0000000E+00  0.2163567      0.1194201      0.1076039      0.1270241    
  0.0000000E+00  0.4102298      0.2645514      0.3131291    
  0.0000000E+00   1.000000      0.9409190    
  0.0000000E+00   4.507112    
   30.56893    
   10000.00    
  0.0000000E+00  1.3957769E-02  6.0963724E-03  3.8370329E-03  2.8056307E-03
  2.2230644E-03  1.8521928E-03  1.5982675E-03
  0.0000000E+00  1.6924743E-02  7.4499189E-03  4.7303736E-03  3.4937735E-03
  2.7980506E-03  2.3584191E-03  2.0606387E-03
  0.0000000E+00  2.0855440E-02  9.2528425E-03  5.9447754E-03  4.4434220E-03
  3.6063886E-03  3.0855439E-03  2.7412018E-03
  0.0000000E+00  2.6166758E-02  1.1732538E-02  7.6394151E-03  5.7985918E-03
  4.7904709E-03  4.1792095E-03  0.0000000E+00
  0.0000000E+00  3.3578776E-02  1.5257174E-02  1.0108284E-02  7.8289118E-03
  6.6161337E-03  5.9285327E-03  0.0000000E+00
  0.0000000E+00  4.4282619E-02  2.0460205E-02  1.3865728E-02  1.1034110E-02
  9.6318359E-03  8.9821322E-03  0.0000000E+00
  0.0000000E+00  6.0422305E-02  2.8554413E-02  1.9962100E-02  1.6518679E-02
  1.5138061E-02  1.4970222E-02  0.0000000E+00
  0.0000000E+00  8.6302109E-02  4.2046562E-02  3.0768814E-02  2.7027613E-02
  2.6773144E-02  2.8354086E-02
  0.0000000E+00  0.1308609      6.6811040E-02  5.2566323E-02  5.1109906E-02
  5.6686517E-02
  0.0000000E+00  0.2165133      0.1194911      0.1071467      0.1239848    
  0.0000000E+00  0.4105035      0.2641581      0.3073092    
  0.0000000E+00   1.000000      0.9279913    
  0.0000000E+00   4.469951    
   30.37358    
   100000.0    
  0.0000000E+00  1.3985123E-02  6.1105210E-03  3.8453774E-03  2.8087143E-03
  2.2210414E-03  1.8448459E-03  1.5850160E-03
  0.0000000E+00  1.6960680E-02  7.4654627E-03  4.7396389E-03  3.4962806E-03
  2.7938364E-03  2.3469713E-03  2.0403827E-03
  0.0000000E+00  2.0892667E-02  9.2720510E-03  5.9564295E-03  4.4452711E-03
  3.5993624E-03  3.0664189E-03  2.7077578E-03
  0.0000000E+00  2.6216790E-02  1.1758767E-02  7.6514347E-03  5.8023380E-03
  4.7763018E-03  4.1466523E-03  0.0000000E+00
  0.0000000E+00  3.3634432E-02  1.5286929E-02  1.0122211E-02  7.8267800E-03
  6.5887356E-03  5.8661001E-03  0.0000000E+00
  0.0000000E+00  4.4357065E-02  2.0499470E-02  1.3878852E-02  1.1020191E-02
  9.5696067E-03  8.8363448E-03  0.0000000E+00
  0.0000000E+00  6.0520723E-02  2.8607866E-02  1.9978747E-02  1.6471839E-02
  1.4978746E-02  1.4558980E-02  0.0000000E+00
  0.0000000E+00  8.6450592E-02  4.2114772E-02  3.0759832E-02  2.6870351E-02
  2.6227418E-02  2.6870351E-02
  0.0000000E+00  0.1310840      6.6896915E-02  5.2460149E-02  5.0414454E-02
  5.4144528E-02
  0.0000000E+00  0.2168438      0.1195537      0.1063231      0.1193411    
  0.0000000E+00  0.4111052      0.2633369      0.2980871    
  0.0000000E+00   1.000000      0.9070138    
  0.0000000E+00   4.410733    
   30.06376    
   1000000.    
  0.0000000E+00  1.4046272E-02  6.1388174E-03  3.8591260E-03  2.8113110E-03
  2.2133675E-03  1.8272493E-03  1.5562982E-03
  0.0000000E+00  1.7033419E-02  7.4961442E-03  4.7552697E-03  3.4976862E-03
  2.7814910E-03  2.3203082E-03  1.9974292E-03
  0.0000000E+00  2.0971723E-02  9.3110539E-03  5.9691519E-03  4.4437014E-03
  3.5784061E-03  3.0241644E-03  2.6390746E-03
  0.0000000E+00  2.6313625E-02  1.1804627E-02  7.6709511E-03  5.7943445E-03
  4.7408738E-03  4.0755784E-03  0.0000000E+00
  0.0000000E+00  3.3753213E-02  1.5341902E-02  1.0138817E-02  7.8046271E-03
  6.5244213E-03  5.7326476E-03  0.0000000E+00
  0.0000000E+00  4.4503856E-02  2.0570694E-02  1.3897171E-02  1.0976863E-02
  9.4395885E-03  8.5604107E-03  0.0000000E+00
  0.0000000E+00  6.0719796E-02  2.8694086E-02  1.9984575E-02  1.6354755E-02
  1.4658097E-02  1.3861182E-02  0.0000000E+00
  0.0000000E+00  8.6683802E-02  4.2231362E-02  3.0714652E-02  2.6534703E-02
  2.5269922E-02  2.4709512E-02
  0.0000000E+00  0.1315167      6.7043699E-02  5.2185092E-02  4.9131103E-02
  5.0329048E-02
  0.0000000E+00  0.2175321      0.1195373      0.1047301      0.1122365    
  0.0000000E+00  0.4121337      0.2615938      0.2837532    
  0.0000000E+00   1.000000      0.8740360    
  0.0000000E+00   4.317224    
   29.57841    
  1.0000000E+07
  0.0000000E+00  1.4210015E-02  6.2080701E-03  3.8906173E-03  2.8162373E-03
  2.1964025E-03  1.7899853E-03  1.5002431E-03
  0.0000000E+00  1.7199807E-02  7.5692758E-03  4.7851242E-03  3.4958678E-03
  2.7520661E-03  2.2639767E-03  1.9149246E-03
  0.0000000E+00  2.1161886E-02  9.3923192E-03  5.9990278E-03  4.4326694E-03
  3.5298981E-03  2.9372873E-03  2.5119106E-03
  0.0000000E+00  2.6524063E-02  1.1895965E-02  7.7005345E-03  5.7656784E-03
  4.6596988E-03  3.9338842E-03  0.0000000E+00
  0.0000000E+00  3.4010697E-02  1.5449683E-02  1.0165290E-02  7.7491491E-03
  6.3782209E-03  5.4885754E-03  0.0000000E+00
  0.0000000E+00  4.4827417E-02  2.0695187E-02  1.3908604E-02  1.0860477E-02
  9.1638314E-03  8.0797272E-03  0.0000000E+00
  0.0000000E+00  6.1157025E-02  2.8852699E-02  1.9956246E-02  1.6101118E-02
  1.4064171E-02  1.2771026E-02  0.0000000E+00
  0.0000000E+00  8.7311618E-02  4.2421002E-02  3.0563928E-02  2.5858046E-02
  2.3699561E-02  2.1774428E-02
  0.0000000E+00  0.1323286      6.7233838E-02  5.1579971E-02  4.6917841E-02
  4.5017015E-02
  0.0000000E+00  0.2188138      0.1193972      0.1017501      0.1020904    
  0.0000000E+00  0.4141468      0.2582888      0.2627613    
  0.0000000E+00   1.000000      0.8254740    
  0.0000000E+00   4.178415    
   28.95479    
  1.0000000E+08
  0.0000000E+00  1.4851443E-02  6.4789359E-03  4.0235035E-03  2.8643017E-03
  2.1835919E-03  1.7321508E-03  1.4093127E-03
  0.0000000E+00  1.7787140E-02  7.8093130E-03  4.8913527E-03  3.5161865E-03
  2.7073172E-03  2.1680710E-03  1.7796010E-03
  0.0000000E+00  2.1720622E-02  9.6097561E-03  6.0842573E-03  4.4208425E-03
  3.4416853E-03  2.7853658E-03  2.3073172E-03
  0.0000000E+00  2.7095344E-02  1.2110865E-02  7.7605322E-03  5.7117520E-03
  4.5055435E-03  3.6904658E-03  0.0000000E+00
  0.0000000E+00  3.4629714E-02  1.5671840E-02  1.0195122E-02  7.6274946E-03
  6.1108647E-03  5.0776051E-03  0.0000000E+00
  0.0000000E+00  4.5543239E-02  2.0940132E-02  1.3893570E-02  1.0616409E-02
  8.6784931E-03  7.3348121E-03  0.0000000E+00
  0.0000000E+00  6.2084258E-02  2.9130822E-02  1.9844791E-02  1.5587584E-02
  1.3082040E-02  1.1254990E-02  0.0000000E+00
  0.0000000E+00  8.8514417E-02  4.2722840E-02  3.0195123E-02  2.4656320E-02
  2.1392463E-02  1.8257206E-02
  0.0000000E+00  0.1341020      6.7450114E-02  5.0332595E-02  4.3472286E-02
  3.8447894E-02
  0.0000000E+00  0.2215078      0.1189357      9.6895792E-02  8.9090914E-02
  0.0000000E+00  0.4181375      0.2525055      0.2351663    
  0.0000000E+00   1.000000      0.7600887    
  0.0000000E+00   3.992905    
   28.79823    
  1.0000000E+09
  0.0000000E+00  1.8996183E-02  8.1450390E-03  4.7480920E-03  3.1431299E-03
  2.2324428E-03  1.6603053E-03  1.2763359E-03
  0.0000000E+00  2.1030536E-02  9.1488557E-03  5.4809162E-03  3.7179391E-03
  2.6954201E-03  2.0377862E-03  1.5866413E-03
  0.0000000E+00  2.4309160E-02  1.0667940E-02  6.5267175E-03  4.5267176E-03
  3.3446567E-03  2.5683206E-03  2.0236643E-03
  0.0000000E+00  2.9240457E-02  1.2938932E-02  8.0610691E-03  5.6984737E-03
  4.2862599E-03  3.3385498E-03  0.0000000E+00
  0.0000000E+00  3.6519084E-02  1.6335879E-02  1.0351146E-02  7.4541983E-03
  5.6984737E-03  4.5038168E-03  0.0000000E+00
  0.0000000E+00  4.7366414E-02  2.1492368E-02  1.3881679E-02  1.0190840E-02
  7.9312976E-03  6.3473284E-03  0.0000000E+00
  0.0000000E+00  6.4007632E-02  2.9603055E-02  1.9572521E-02  1.4706108E-02
  1.1671756E-02  9.4198482E-03  0.0000000E+00
  0.0000000E+00  9.0801530E-02  4.3091603E-02  2.9396947E-02  2.2751909E-02
  1.8419849E-02  1.4515267E-02
  0.0000000E+00  0.1371756      6.7519091E-02  4.8129771E-02  3.8702291E-02
  3.1213742E-02
  0.0000000E+00  0.2258779      0.1175954      8.9580156E-02  7.4236646E-02
  0.0000000E+00  0.4240458      0.2429389      0.2022519    
  0.0000000E+00   1.000000      0.6790076    
  0.0000000E+00   3.764122    
   30.97710    
  1.0000000E+10
  0.0000000E+00  3.8535416E-02  1.3421369E-02  6.4435774E-03  3.6674668E-03
  2.3163266E-03  1.5711284E-03  1.1212485E-03
  0.0000000E+00  3.9135654E-02  1.4288715E-02  7.1308520E-03  4.1776709E-03
  2.7010804E-03  1.8655462E-03  1.3508404E-03
  0.0000000E+00  4.0006001E-02  1.5420169E-02  8.0552222E-03  4.8859543E-03
  3.2412964E-03  2.2839135E-03  1.6791716E-03
  0.0000000E+00  4.1986793E-02  1.7076831E-02  9.3697477E-03  5.8973590E-03
  4.0216083E-03  2.8931571E-03  0.0000000E+00
  0.0000000E+00  4.6398558E-02  1.9690877E-02  1.1332532E-02  7.4009607E-03
  5.1890761E-03  3.8055223E-03  0.0000000E+00
  0.0000000E+00  5.4951981E-02  2.4006601E-02  1.4402760E-02  9.7388960E-03
  7.0078033E-03  5.2220887E-03  0.0000000E+00
  0.0000000E+00  7.0168070E-02  3.1332534E-02  1.9459784E-02  1.3574429E-02
  9.9849934E-03  7.4999998E-03  0.0000000E+00
  0.0000000E+00  9.6368544E-02  4.4087637E-02  2.8277311E-02  2.0291116E-02
  1.5150059E-02  1.1020408E-02
  0.0000000E+00  0.1430072      6.7497000E-02  4.4897955E-02  3.3073232E-02
  2.4228690E-02
  0.0000000E+00  0.2330732      0.1150660      8.0162063E-02  5.9273709E-02
  0.0000000E+00  0.4333734      0.2294118      0.1675570    
  0.0000000E+00   1.000000      0.5903361    
  0.0000000E+00   3.514406    
   32.92317    
  9.9999998E+10
  0.0000000E+00  6.3786425E-02  1.9957203E-02  8.7426128E-03  4.6077031E-03
  2.7307926E-03  1.7525983E-03  1.1929896E-03
  0.0000000E+00  6.7291625E-02  2.1275727E-02  9.4049312E-03  4.9989810E-03
  2.9834930E-03  1.9284695E-03  1.3199511E-03
  0.0000000E+00  7.1611986E-02  2.3007946E-02  1.0328102E-02  5.5614426E-03
  3.3564295E-03  2.1907478E-03  1.5109028E-03
  0.0000000E+00  7.6482579E-02  2.5229264E-02  1.1591603E-02  6.3643772E-03
  3.9046260E-03  2.5820255E-03  0.0000000E+00
  0.0000000E+00  8.1760749E-02  2.8082332E-02  1.3364580E-02  7.5463620E-03
  4.7340533E-03  3.1852454E-03  0.0000000E+00
  0.0000000E+00  8.8078253E-02  3.2056246E-02  1.6005706E-02  9.3804765E-03
  6.0505401E-03  4.1471366E-03  0.0000000E+00
  0.0000000E+00  9.8084368E-02  3.8210716E-02  2.0246586E-02  1.2388425E-02
  8.2270224E-03  5.7081720E-03  0.0000000E+00
  0.0000000E+00  0.1179947      4.8930097E-02  2.7593235E-02  1.7625840E-02
  1.1958426E-02  8.0578765E-03
  0.0000000E+00  0.1596495      6.9390669E-02  4.1349091E-02  2.7328305E-02
  1.8167922E-02
  0.0000000E+00  0.2471979      0.1120644      6.9777869E-02  4.5832485E-02
  0.0000000E+00  0.4465050      0.2127573      0.1347870    
  0.0000000E+00   1.000000      0.5023436    
  0.0000000E+00   3.270838    
   32.83065    
  1.0000000E+12
  0.0000000E+00  0.1219379      3.7500001E-02  1.6152669E-02  8.3770780E-03
  4.8895450E-03  3.0971128E-03  2.0811460E-03
  0.0000000E+00  0.1174541      3.6165789E-02  1.5594926E-02  8.0992999E-03
  4.7331587E-03  2.9997812E-03  2.0166230E-03
  0.0000000E+00  0.1149388      3.5487749E-02  1.5343395E-02  7.9866573E-03
  4.6751969E-03  2.9669728E-03  1.9958441E-03
  0.0000000E+00  0.1165792      3.6132984E-02  1.5693350E-02  8.1966314E-03
  4.8129922E-03  3.0610235E-03  0.0000000E+00
  0.0000000E+00  0.1230315      3.8429573E-02  1.6808836E-02  8.8363951E-03
  5.2154418E-03  3.3278652E-03  0.0000000E+00
  0.0000000E+00  0.1346238      4.2618111E-02  1.8875767E-02  1.0034996E-02
  5.9744092E-03  3.8298338E-03  0.0000000E+00
  0.0000000E+00  0.1516842      4.9212597E-02  2.2298776E-02  1.2073491E-02
  7.2867456E-03  4.6839458E-03  0.0000000E+00
  0.0000000E+00  0.1758530      5.9547246E-02  2.8029308E-02  1.5638670E-02
  9.5789591E-03  5.9765968E-03
  0.0000000E+00  0.2139108      7.7318460E-02  3.8517062E-02  2.2255031E-02
  1.3429571E-02
  0.0000000E+00  0.2896982      0.1127515      5.9886262E-02  3.4700349E-02
  0.0000000E+00  0.4740814      0.1956474      0.1064414    
  0.0000000E+00   1.000000      0.4209318    
  0.0000000E+00   3.033683    
   32.34908    
  9.9999998E+12
  0.0000000E+00  0.1733871      5.3145163E-02  2.2806453E-02  1.1790323E-02
  6.8588709E-03  4.3306453E-03  2.9020160E-03
  0.0000000E+00  0.2043952      6.2661290E-02  2.6891129E-02  1.3899194E-02
  8.0846772E-03  5.1008067E-03  3.4145161E-03
  0.0000000E+00  0.2256452      6.9193549E-02  2.9697580E-02  1.5350807E-02
  8.9274198E-03  5.6290324E-03  3.7608871E-03
  0.0000000E+00  0.2299597      7.0524193E-02  3.0294357E-02  1.5661290E-02
  9.1048386E-03  5.7338714E-03  0.0000000E+00
  0.0000000E+00  0.2205645      6.7741938E-02  2.9108871E-02  1.5056452E-02
  8.7500000E-03  5.5000000E-03  0.0000000E+00
  0.0000000E+00  0.2108065      6.4879030E-02  2.7931454E-02  1.4463711E-02
  8.4032258E-03  5.2620969E-03  0.0000000E+00
  0.0000000E+00  0.2128226      6.5725803E-02  2.8411292E-02  1.4741935E-02
  8.5524200E-03  5.3024194E-03  0.0000000E+00
  0.0000000E+00  0.2330242      7.2540320E-02  3.1572580E-02  1.6443549E-02
  9.4879027E-03  5.6088711E-03
  0.0000000E+00  0.2772177      8.7701619E-02  3.8709678E-02  2.0254033E-02
  1.1250000E-02
  0.0000000E+00  0.3601210      0.1175000      5.3185485E-02  2.7290322E-02
  0.0000000E+00  0.5326613      0.1819355      8.3346777E-02
  0.0000000E+00   1.000000      0.3464113    
  0.0000000E+00   2.759274    
   31.10081    
  1.0000000E+14
  0.0000000E+00  6.6687837E-02  2.0417422E-02  8.7568061E-03  4.5235935E-03
  2.6306717E-03  1.6597097E-03  1.1107078E-03
  0.0000000E+00  9.6914709E-02  2.9673323E-02  1.2722323E-02  6.5680584E-03
  3.8166970E-03  2.4056260E-03  1.6079855E-03
  0.0000000E+00  0.1422867      4.3566242E-02  1.8675137E-02  9.6370243E-03
  5.5943737E-03  3.5217786E-03  2.3493648E-03
  0.0000000E+00  0.2070781      6.3375682E-02  2.7150635E-02  1.4001815E-02
  8.1197824E-03  5.1016337E-03  0.0000000E+00
  0.0000000E+00  0.2873866      8.7949187E-02  3.7658803E-02  1.9401090E-02
  1.1234120E-02  7.0335758E-03  0.0000000E+00
  0.0000000E+00  0.3592559      0.1098911      4.7032669E-02  2.4201451E-02
  1.3974592E-02  8.6941924E-03  0.0000000E+00
  0.0000000E+00  0.3867514      0.1183303      5.0598912E-02  2.5980035E-02
  1.4918331E-02  9.1470061E-03  0.0000000E+00
  0.0000000E+00  0.3742287      0.1145191      4.8947372E-02  2.5036298E-02
  1.4192378E-02  8.2359351E-03
  0.0000000E+00  0.3715064      0.1138839      4.8602540E-02  2.4618875E-02
  1.3248639E-02
  0.0000000E+00  0.4228675      0.1300363      5.5263162E-02  2.6742287E-02
  0.0000000E+00  0.5779492      0.1780399      7.3185116E-02
  0.0000000E+00   1.000000      0.2965517    
  0.0000000E+00   2.494555    
   28.93829    
