   100.0000    
  0.0000000E+00  1.4210527E-02  6.1069340E-03  3.7552214E-03  2.6683374E-03
  2.0467837E-03  1.6466166E-03  1.3692565E-03
  0.0000000E+00  1.7293233E-02  7.4753552E-03  4.6315789E-03  3.3182958E-03
  2.5672514E-03  2.0843775E-03  1.7493734E-03
  0.0000000E+00  2.1361737E-02  9.3065994E-03  5.8187135E-03  4.2105261E-03
  3.2923976E-03  2.7034252E-03  2.2974100E-03
  0.0000000E+00  2.6883878E-02  1.1812866E-02  7.4745198E-03  5.4770261E-03
  4.3408521E-03  3.6173766E-03  0.0000000E+00
  0.0000000E+00  3.4578115E-02  1.5371762E-02  9.8663326E-03  7.3492066E-03
  5.9306603E-03  5.0434419E-03  0.0000000E+00
  0.0000000E+00  4.5697577E-02  2.0609858E-02  1.3483710E-02  1.0267335E-02
  8.4962407E-03  7.4360901E-03  0.0000000E+00
  0.0000000E+00  6.2481206E-02  2.8721806E-02  1.9289892E-02  1.5146199E-02
  1.2999165E-02  1.1879699E-02  0.0000000E+00
  0.0000000E+00  8.9306600E-02  4.2138681E-02  2.9381787E-02  2.4177110E-02
  2.1979950E-02  2.1077694E-02
  0.0000000E+00  0.1353384      6.6457815E-02  4.9147870E-02  4.3675859E-02
  4.3116122E-02
  0.0000000E+00  0.2233083      0.1169591      9.5906436E-02  9.6992478E-02
  0.0000000E+00  0.4203008      0.2490393      0.2491228    
  0.0000000E+00   1.000000      0.7868839    
  0.0000000E+00   4.073517    
   28.38764    
   1000.000    
  0.0000000E+00  1.4204830E-02  6.1057452E-03  3.7535387E-03  2.6669444E-03
  2.0449627E-03  1.6444630E-03  1.3663614E-03
  0.0000000E+00  1.7285597E-02  7.4737719E-03  4.6303081E-03  3.3164029E-03
  2.5645297E-03  2.0807660E-03  1.7452124E-03
  0.0000000E+00  2.1357203E-02  9.3005830E-03  5.8168191E-03  4.2081601E-03
  3.2889261E-03  2.6977519E-03  2.2905914E-03
  0.0000000E+00  2.6877604E-02  1.1806828E-02  7.4712741E-03  5.4729395E-03
  4.3355539E-03  3.6094924E-03  0.0000000E+00
  0.0000000E+00  3.4571193E-02  1.5362198E-02  9.8584509E-03  7.3422147E-03
  5.9208991E-03  5.0291424E-03  0.0000000E+00
  0.0000000E+00  4.5686930E-02  2.0599501E-02  1.3480434E-02  1.0258119E-02
  8.4762694E-03  7.4079935E-03  0.0000000E+00
  0.0000000E+00  6.2464617E-02  2.8709412E-02  1.9275606E-02  1.5120734E-02
  1.2964197E-02  1.1806828E-02  0.0000000E+00
  0.0000000E+00  8.9258954E-02  4.2123232E-02  2.9358868E-02  2.4129894E-02
  2.1881767E-02  2.0766029E-02
  0.0000000E+00  0.1353039      6.6427976E-02  4.9092423E-02  4.3530393E-02
  4.2589512E-02
  0.0000000E+00  0.2232306      0.1169026      9.5670275E-02  9.6086599E-02
  0.0000000E+00  0.4200666      0.2487927      0.2471274    
  0.0000000E+00   1.000000      0.7823480    
  0.0000000E+00   4.059117    
   28.30974    
   10000.00    
  0.0000000E+00  1.4225352E-02  6.1118477E-03  3.7564212E-03  2.6669428E-03
  2.0439106E-03  1.6412593E-03  1.3612262E-03
  0.0000000E+00  1.7299090E-02  7.4813589E-03  4.6329740E-03  3.3164872E-03
  2.5625520E-03  2.0762221E-03  1.7381939E-03
  0.0000000E+00  2.1375312E-02  9.3123447E-03  5.8202157E-03  4.2079538E-03
  3.2850043E-03  2.6909693E-03  2.2792048E-03
  0.0000000E+00  2.6901409E-02  1.1822701E-02  7.4755591E-03  5.4722456E-03
  4.3297433E-03  3.5981771E-03  0.0000000E+00
  0.0000000E+00  3.4598179E-02  1.5376968E-02  9.8674400E-03  7.3396852E-03
  5.9105223E-03  5.0082854E-03  0.0000000E+00
  0.0000000E+00  4.5724940E-02  2.0613091E-02  1.3479702E-02  1.0248550E-02
  8.4589897E-03  7.3620551E-03  0.0000000E+00
  0.0000000E+00  6.2510356E-02  2.8732397E-02  1.9279206E-02  1.5103563E-02
  1.2908037E-02  1.1681857E-02  0.0000000E+00
  0.0000000E+00  8.9312345E-02  4.2145815E-02  2.9353769E-02  2.4076223E-02
  2.1706712E-02  2.0281691E-02
  0.0000000E+00  0.1353770      6.6462301E-02  4.9055509E-02  4.3305717E-02
  4.1756421E-02
  0.0000000E+00  0.2234466      0.1169014      9.5443249E-02  9.4531894E-02
  0.0000000E+00  0.4203811      0.2484673      0.2441591    
  0.0000000E+00   1.000000      0.7756421    
  0.0000000E+00   4.040597    
   28.21044    
   100000.0    
  0.0000000E+00  1.4252874E-02  6.1247949E-03  3.7619048E-03  2.6683088E-03
  2.0410509E-03  1.6354680E-03  1.3522167E-03
  0.0000000E+00  1.7339902E-02  7.4958950E-03  4.6395734E-03  3.3169130E-03
  2.5582924E-03  2.0665026E-03  1.7241379E-03
  0.0000000E+00  2.1420361E-02  9.3267653E-03  5.8275862E-03  4.2068968E-03
  3.2775041E-03  2.6765189E-03  2.2569788E-03
  0.0000000E+00  2.6945813E-02  1.1839081E-02  7.4827587E-03  5.4696226E-03
  4.3169130E-03  3.5738917E-03  0.0000000E+00
  0.0000000E+00  3.4663383E-02  1.5402299E-02  9.8768473E-03  7.3333336E-03
  5.8883415E-03  4.9646962E-03  0.0000000E+00
  0.0000000E+00  4.5804597E-02  2.0648604E-02  1.3489326E-02  1.0229886E-02
  8.4072249E-03  7.2725778E-03  0.0000000E+00
  0.0000000E+00  6.2619045E-02  2.8768472E-02  1.9285714E-02  1.5065681E-02
  1.2807881E-02  1.1453202E-02  0.0000000E+00
  0.0000000E+00  8.9490972E-02  4.2200327E-02  2.9343184E-02  2.3965517E-02
  2.1395732E-02  1.9540230E-02
  0.0000000E+00  0.1356322      6.6527098E-02  4.8965517E-02  4.2881772E-02
  4.0451560E-02
  0.0000000E+00  0.2237274      0.1169951      9.4909690E-02  9.2118233E-02
  0.0000000E+00  0.4209360      0.2479475      0.2393268    
  0.0000000E+00   1.000000      0.7645320    
  0.0000000E+00   4.009852    
   28.05419    
   1000000.    
  0.0000000E+00  1.4301856E-02  6.1444715E-03  3.7683616E-03  2.6658596E-03
  2.0314772E-03  1.6198547E-03  1.3309120E-03
  0.0000000E+00  1.7393060E-02  7.5173527E-03  4.6456824E-03  3.3123489E-03
  2.5447942E-03  2.0451979E-03  1.6933011E-03
  0.0000000E+00  2.1476999E-02  9.3543185E-03  5.8329296E-03  4.1993544E-03
  3.2574658E-03  2.6440679E-03  2.2106539E-03
  0.0000000E+00  2.7021792E-02  1.1872478E-02  7.4874903E-03  5.4560131E-03
  4.2849071E-03  3.5221956E-03  0.0000000E+00
  0.0000000E+00  3.4745764E-02  1.5431801E-02  9.8789353E-03  7.3083136E-03
  5.8337371E-03  4.8748991E-03  0.0000000E+00
  0.0000000E+00  4.5907993E-02  2.0686038E-02  1.3486684E-02  1.0185634E-02
  8.3050849E-03  7.0960452E-03  0.0000000E+00
  0.0000000E+00  6.2760293E-02  2.8813560E-02  1.9265538E-02  1.4963681E-02
  1.2590799E-02  1.1041163E-02  0.0000000E+00
  0.0000000E+00  8.9669093E-02  4.2251818E-02  2.9273607E-02  2.3704601E-02
  2.0815175E-02  1.8401938E-02
  0.0000000E+00  0.1359161      6.6561751E-02  4.8716709E-02  4.2058114E-02
  3.8401939E-02
  0.0000000E+00  0.2242131      0.1168684      9.3785316E-02  8.8216305E-02
  0.0000000E+00  0.4215496      0.2466505      0.2312349    
  0.0000000E+00   1.000000      0.7458435    
  0.0000000E+00   3.955610    
   27.78047    
  1.0000000E+07
  0.0000000E+00  1.4439215E-02  6.1960784E-03  3.7874510E-03  2.6643137E-03
  2.0149020E-03  1.5905882E-03  1.2917647E-03
  0.0000000E+00  1.7537255E-02  7.5709801E-03  4.6627452E-03  3.3050978E-03
  2.5184313E-03  2.0031373E-03  1.6368628E-03
  0.0000000E+00  2.1639215E-02  9.4117643E-03  5.8478429E-03  4.1843136E-03
  3.2172548E-03  2.5811763E-03  2.1270588E-03
  0.0000000E+00  2.7200000E-02  1.1937255E-02  7.4988236E-03  5.4274509E-03
  4.2211763E-03  3.4235294E-03  0.0000000E+00
  0.0000000E+00  3.4964707E-02  1.5513726E-02  9.8823523E-03  7.2564706E-03
  5.7270583E-03  4.7098040E-03  0.0000000E+00
  0.0000000E+00  4.6180390E-02  2.0776471E-02  1.3474509E-02  1.0086274E-02
  8.1176469E-03  6.7898035E-03  0.0000000E+00
  0.0000000E+00  6.3105881E-02  2.8917648E-02  1.9215686E-02  1.4768627E-02
  1.2188234E-02  1.0392156E-02  0.0000000E+00
  0.0000000E+00  9.0117641E-02  4.2368624E-02  2.9129412E-02  2.3231372E-02
  1.9843137E-02  1.6784312E-02
  0.0000000E+00  0.1365490      6.6650979E-02  4.8235290E-02  4.0635295E-02
  3.5427451E-02
  0.0000000E+00  0.2252549      0.1167059      9.1764703E-02  8.2431369E-02
  0.0000000E+00  0.4230588      0.2443137      0.2190588    
  0.0000000E+00   1.000000      0.7170981    
  0.0000000E+00   3.873725    
   27.43530    
  1.0000000E+08
  0.0000000E+00  1.4962631E-02  6.3923765E-03  3.8714500E-03  2.6838565E-03
  1.9932736E-03  1.5411061E-03  1.2242153E-03
  0.0000000E+00  1.8004484E-02  7.7428999E-03  4.7264574E-03  3.3049330E-03
  2.4738417E-03  1.9275037E-03  1.5403588E-03
  0.0000000E+00  2.2085203E-02  9.5665175E-03  5.8931243E-03  4.1591930E-03
  3.1420030E-03  2.4678626E-03  1.9857998E-03
  0.0000000E+00  2.7653214E-02  1.2085202E-02  7.5261584E-03  5.3692078E-03
  4.0986547E-03  3.2488788E-03  0.0000000E+00
  0.0000000E+00  3.5448432E-02  1.5665174E-02  9.8804189E-03  7.1464875E-03
  5.5246637E-03  4.4267564E-03  0.0000000E+00
  0.0000000E+00  4.6741407E-02  2.0934230E-02  1.3430494E-02  9.8804189E-03
  7.7653215E-03  6.2952172E-03  0.0000000E+00
  0.0000000E+00  6.3804187E-02  2.9088192E-02  1.9088192E-02  1.4364724E-02
  1.1509716E-02  9.4319880E-03  0.0000000E+00
  0.0000000E+00  9.1031387E-02  4.2533632E-02  2.8789237E-02  2.2354260E-02
  1.8333334E-02  1.4693572E-02
  0.0000000E+00  0.1378924      6.6718988E-02  4.7272049E-02  3.8303439E-02
  3.1464875E-02
  0.0000000E+00  0.2271300      0.1161435      8.8340811E-02  7.4454412E-02
  0.0000000E+00  0.4258595      0.2399850      0.2017937    
  0.0000000E+00   1.000000      0.6753364    
  0.0000000E+00   3.755605    
   27.48132    
  1.0000000E+09
  0.0000000E+00  1.8252762E-02  7.6174033E-03  4.3660221E-03  2.8501381E-03
  1.9993093E-03  1.4696133E-03  1.1167127E-03
  0.0000000E+00  2.0649171E-02  8.7361876E-03  5.1229279E-03  3.4143645E-03
  2.4364640E-03  1.8149171E-03  1.3929558E-03
  0.0000000E+00  2.4233425E-02  1.0352210E-02  6.1864639E-03  4.1995854E-03
  3.0435084E-03  2.2948894E-03  1.7769337E-03
  0.0000000E+00  2.9440608E-02  1.2707181E-02  7.7140885E-03  5.3225136E-03
  3.9122929E-03  2.9834255E-03  0.0000000E+00
  0.0000000E+00  3.7023481E-02  1.6153315E-02  9.9585634E-03  6.9820443E-03
  5.2023479E-03  4.0082876E-03  0.0000000E+00
  0.0000000E+00  4.8232045E-02  2.1339778E-02  1.3383977E-02  9.5372926E-03
  7.2030388E-03  5.6008287E-03  0.0000000E+00
  0.0000000E+00  6.5372929E-02  2.9426794E-02  1.8832874E-02  1.3680939E-02
  1.0497238E-02  8.1837019E-03  0.0000000E+00
  0.0000000E+00  9.2886738E-02  4.2769335E-02  2.8128453E-02  2.0939225E-02
  1.6277624E-02  1.2285912E-02
  0.0000000E+00  0.1403315      6.6678181E-02  4.5538675E-02  3.4924034E-02
  2.6740331E-02
  0.0000000E+00  0.2305939      0.1149862      8.3011046E-02  6.4592540E-02
  0.0000000E+00  0.4305939      0.2327348      0.1795580    
  0.0000000E+00   1.000000      0.6199585    
  0.0000000E+00   3.600138    
   29.81354    
  1.0000000E+10
  0.0000000E+00  3.3714283E-02  1.1738601E-02  5.6474162E-03  3.2158054E-03
  2.0316110E-03  1.3762917E-03  9.8054716E-04
  0.0000000E+00  3.5027355E-02  1.2741641E-02  6.3586622E-03  3.7227964E-03
  2.4030395E-03  1.6553191E-03  1.1951368E-03
  0.0000000E+00  3.6784194E-02  1.4042553E-02  7.3069907E-03  4.4188448E-03
  2.9209726E-03  2.0486321E-03  1.4984802E-03
  0.0000000E+00  3.9781153E-02  1.5902735E-02  8.6504556E-03  5.4085106E-03
  3.6638295E-03  2.6158055E-03  0.0000000E+00
  0.0000000E+00  4.5191489E-02  1.8741641E-02  1.0632219E-02  6.8693007E-03
  4.7641336E-03  3.4559271E-03  0.0000000E+00
  0.0000000E+00  5.4650456E-02  2.3264438E-02  1.3689970E-02  9.1063827E-03
  6.4559267E-03  4.7410331E-03  0.0000000E+00
  0.0000000E+00  7.0638299E-02  3.0723402E-02  1.8644378E-02  1.2735562E-02
  9.1854101E-03  6.7659575E-03  0.0000000E+00
  0.0000000E+00  9.7629175E-02  4.3465044E-02  2.7142856E-02  1.8984802E-02
  1.3829786E-02  9.7993920E-03
  0.0000000E+00  0.1451672      6.6565350E-02  4.2905774E-02  3.0638298E-02
  2.1726443E-02
  0.0000000E+00  0.2364742      0.1128267      7.5683892E-02  5.3720362E-02
  0.0000000E+00  0.4378723      0.2219453      0.1539818    
  0.0000000E+00   1.000000      0.5537994    
  0.0000000E+00   3.415197    
   32.49848    
  9.9999998E+10
  0.0000000E+00  5.3948667E-02  1.6875617E-02  7.3938794E-03  3.8968408E-03
  2.3079962E-03  1.4807503E-03  1.0074037E-03
  0.0000000E+00  5.8242843E-02  1.8410660E-02  8.1441263E-03  4.3302071E-03
  2.5839091E-03  1.6688055E-03  1.1411648E-03
  0.0000000E+00  6.3277394E-02  2.0335637E-02  9.1362288E-03  4.9200393E-03
  2.9689041E-03  1.9353406E-03  1.3331688E-03
  0.0000000E+00  6.8854883E-02  2.2714708E-02  1.0444225E-02  5.7354392E-03
  3.5177688E-03  2.3232971E-03  0.0000000E+00
  0.0000000E+00  7.5024679E-02  2.5745310E-02  1.2250740E-02  6.9200392E-03
  4.3346495E-03  2.9096741E-03  0.0000000E+00
  0.0000000E+00  8.2625866E-02  2.9921027E-02  1.4916090E-02  8.7265549E-03
  5.6120432E-03  3.8307009E-03  0.0000000E+00
  0.0000000E+00  9.4373152E-02  3.6337610E-02  1.9146100E-02  1.1658440E-02
  7.6949652E-03  5.3010858E-03  0.0000000E+00
  0.0000000E+00  0.1162883      4.7314908E-02  2.6377099E-02  1.6692992E-02
  1.1214215E-02  7.4679172E-03
  0.0000000E+00  0.1597729      6.7867719E-02  3.9763078E-02  2.5883513E-02
  1.6939783E-02
  0.0000000E+00  0.2488154      0.1100197      6.6979267E-02  4.3030601E-02
  0.0000000E+00  0.4491116      0.2076999      0.1277394    
  0.0000000E+00   1.000000      0.4824284    
  0.0000000E+00   3.217177    
   32.77394    
  1.0000000E+12
  0.0000000E+00  9.4341606E-02  2.8994065E-02  1.2476424E-02  6.4687394E-03
  3.7722669E-03  2.3884040E-03  1.6039120E-03
  0.0000000E+00  9.4411463E-02  2.9060427E-02  1.2525324E-02  6.5001748E-03
  3.7967169E-03  2.4037722E-03  1.6147399E-03
  0.0000000E+00  9.6122950E-02  2.9650718E-02  1.2808245E-02  6.6608456E-03
  3.8980094E-03  2.4701364E-03  1.6594483E-03
  0.0000000E+00  0.1010479      3.1302832E-02  1.3576669E-02  7.0869718E-03
  4.1564796E-03  2.6398883E-03  0.0000000E+00
  0.0000000E+00  0.1100943      3.4348588E-02  1.5005240E-02  7.8798467E-03
  4.6454770E-03  2.9587848E-03  0.0000000E+00
  0.0000000E+00  0.1236116      3.9084878E-02  1.7289557E-02  9.1791833E-03
  5.4558157E-03  3.4903949E-03  0.0000000E+00
  0.0000000E+00  0.1421935      4.6070557E-02  2.0845268E-02  1.1274887E-02
  6.7900806E-03  4.3520783E-03  0.0000000E+00
  0.0000000E+00  0.1678659      5.6688793E-02  2.6643382E-02  1.4830598E-02
  9.0604266E-03  5.6304578E-03
  0.0000000E+00  0.2080335      7.4676916E-02  3.7093956E-02  2.1348238E-02
  1.2811737E-02
  0.0000000E+00  0.2869019      0.1101991      5.8085926E-02  3.3391550E-02
  0.0000000E+00  0.4743276      0.1922110      0.1031086    
  0.0000000E+00   1.000000      0.4114566    
  0.0000000E+00   3.011177    
   32.42054    
  9.9999998E+12
  0.0000000E+00  0.1390522      4.2591877E-02  1.8276596E-02  9.4448747E-03
  5.4932302E-03  3.4661510E-03  2.3210833E-03
  0.0000000E+00  0.1612379      4.9400385E-02  2.1199226E-02  1.0947776E-02
  6.3655707E-03  4.0135398E-03  2.6847194E-03
  0.0000000E+00  0.1786460      5.4738879E-02  2.3481624E-02  1.2129594E-02
  7.0483563E-03  4.4410056E-03  2.9651837E-03
  0.0000000E+00  0.1864990      5.7156675E-02  2.4526114E-02  1.2667311E-02
  7.3578339E-03  4.6286271E-03  0.0000000E+00
  0.0000000E+00  0.1854932      5.6905221E-02  2.4429400E-02  1.2618955E-02
  7.3230173E-03  4.5976788E-03  0.0000000E+00
  0.0000000E+00  0.1844487      5.6673117E-02  2.4352031E-02  1.2591876E-02
  7.3017408E-03  4.5647970E-03  0.0000000E+00
  0.0000000E+00  0.1934236      5.9632495E-02  2.5705995E-02  1.3311411E-02
  7.7040619E-03  4.7620889E-03  0.0000000E+00
  0.0000000E+00  0.2187621      6.7949705E-02  2.9497100E-02  1.5311412E-02
  8.8065760E-03  5.1856865E-03
  0.0000000E+00  0.2667311      8.4100582E-02  3.7001934E-02  1.9288201E-02
  1.0671180E-02
  0.0000000E+00  0.3524178      0.1144874      5.1624760E-02  2.6382979E-02
  0.0000000E+00  0.5282398      0.1790329      8.1644103E-02
  0.0000000E+00   1.000000      0.3421663    
  0.0000000E+00   2.756286    
   31.27659    
  1.0000000E+14
  0.0000000E+00  7.7959791E-02  2.3871928E-02  1.0238272E-02  5.2859271E-03
  3.0729708E-03  1.9381980E-03  1.2970960E-03
  0.0000000E+00  0.1049144      3.2114670E-02  1.3760239E-02  7.1049887E-03
  4.1273269E-03  2.6001490E-03  1.7379002E-03
  0.0000000E+00  0.1427401      4.3685779E-02  1.8711839E-02  9.6500376E-03
  5.6008934E-03  3.5241996E-03  2.3499627E-03
  0.0000000E+00  0.1938943      5.9292626E-02  2.5383469E-02  1.3082651E-02
  7.5800447E-03  4.7594933E-03  0.0000000E+00
  0.0000000E+00  0.2559196      7.8257635E-02  3.3462398E-02  1.7222635E-02
  9.9627702E-03  6.2323157E-03  0.0000000E+00
  0.0000000E+00  0.3138496      9.5904686E-02  4.0990319E-02  2.1064781E-02
  1.2144453E-02  7.5502605E-03  0.0000000E+00
  0.0000000E+00  0.3416977      0.1043931      4.4556960E-02  2.2836931E-02
  1.3090096E-02  8.0119129E-03  0.0000000E+00
  0.0000000E+00  0.3386448      0.1034252      4.4087861E-02  2.2494415E-02
  1.2710350E-02  7.3521966E-03
  0.0000000E+00  0.3471333      0.1060313      4.5100521E-02  2.2747578E-02
  1.2189128E-02
  0.0000000E+00  0.4087863      0.1250931      5.2881606E-02  2.5435591E-02
  0.0000000E+00  0.5714818      0.1749814      7.1451969E-02
  0.0000000E+00   1.000000      0.2944899    
  0.0000000E+00   2.507074    
   29.24795    
