   100.0000    
  0.0000000E+00  1.4534808E-02  6.0741706E-03  3.6018216E-03  2.4580350E-03
  1.8061157E-03  1.3910214E-03  1.1074821E-03
  0.0000000E+00  1.7735848E-02  7.4495766E-03  4.4437214E-03  3.0500975E-03
  2.2563434E-03  1.7475601E-03  1.4001301E-03
  0.0000000E+00  2.1977877E-02  9.2869224E-03  5.5797002E-03  3.8594662E-03
  2.8757318E-03  2.2459335E-03  1.8126220E-03
  0.0000000E+00  2.7742354E-02  1.1806116E-02  7.1567986E-03  4.9967468E-03
  3.7592710E-03  2.9642161E-03  0.0000000E+00
  0.0000000E+00  3.5797004E-02  1.5367599E-02  9.4222510E-03  6.6571240E-03
  5.0709173E-03  4.0533505E-03  0.0000000E+00
  0.0000000E+00  4.7443070E-02  2.0598568E-02  1.2814573E-02  9.1984384E-03
  7.1281716E-03  5.8022118E-03  0.0000000E+00
  0.0000000E+00  6.4996742E-02  2.8640207E-02  1.8178269E-02  1.3337671E-02
  1.0594665E-02  8.8366941E-03  0.0000000E+00
  0.0000000E+00  9.2986330E-02  4.1834742E-02  2.7312946E-02  2.0702668E-02
  1.7033180E-02  1.4404684E-02
  0.0000000E+00  0.1409239      6.5361090E-02  4.4554323E-02  3.5549771E-02
  3.0396875E-02
  0.0000000E+00  0.2317502      0.1128692      8.2706563E-02  7.1099542E-02
  0.0000000E+00  0.4318803      0.2299284      0.1915420    
  0.0000000E+00   1.000000      0.6433311    
  0.0000000E+00   3.670787    
   26.42811    
   1000.000    
  0.0000000E+00  1.4530803E-02  6.0761627E-03  3.6028074E-03  2.4577593E-03
  1.8053028E-03  1.3906939E-03  1.1059267E-03
  0.0000000E+00  1.7741097E-02  7.4512605E-03  4.4450220E-03  3.0504288E-03
  2.2550039E-03  1.7468156E-03  1.3984923E-03
  0.0000000E+00  2.1991160E-02  9.2903553E-03  5.5809724E-03  3.8588510E-03
  2.8736677E-03  2.2433065E-03  1.8092020E-03
  0.0000000E+00  2.7761891E-02  1.1809202E-02  7.1575250E-03  4.9948008E-03
  3.7561737E-03  2.9607485E-03  0.0000000E+00
  0.0000000E+00  3.5820119E-02  1.5375617E-02  9.4229272E-03  6.6545359E-03
  5.0675850E-03  4.0473095E-03  0.0000000E+00
  0.0000000E+00  4.7452562E-02  2.0600468E-02  1.2815180E-02  9.1954768E-03
  7.1211332E-03  5.7889260E-03  0.0000000E+00
  0.0000000E+00  6.5024696E-02  2.8645698E-02  1.8183000E-02  1.3335066E-02
  1.0578373E-02  8.8016633E-03  0.0000000E+00
  0.0000000E+00  9.3007542E-02  4.1837793E-02  2.7306993E-02  2.0691447E-02
  1.6987262E-02  1.4270860E-02
  0.0000000E+00  0.1408890      6.5362617E-02  4.4541199E-02  3.5482194E-02
  3.0166361E-02
  0.0000000E+00  0.2318690      0.1128672      8.2622819E-02  7.0678450E-02
  0.0000000E+00  0.4320249      0.2299194      0.1906680    
  0.0000000E+00   1.000000      0.6412789    
  0.0000000E+00   3.665194    
   26.39719    
   10000.00    
  0.0000000E+00  1.4546869E-02  6.0793469E-03  3.6030079E-03  2.4568909E-03
  1.8034488E-03  1.3872682E-03  1.1026837E-03
  0.0000000E+00  1.7749254E-02  7.4562430E-03  4.4457414E-03  3.0493971E-03
  2.2520421E-03  1.7425126E-03  1.3937508E-03
  0.0000000E+00  2.2001816E-02  9.2946971E-03  5.5814856E-03  3.8571246E-03
  2.8704784E-03  2.2377805E-03  1.8021523E-03
  0.0000000E+00  2.7771296E-02  1.1815118E-02  7.1580447E-03  4.9928692E-03
  3.7508104E-03  2.9521587E-03  0.0000000E+00
  0.0000000E+00  3.5835601E-02  1.5376638E-02  9.4217556E-03  6.6498122E-03
  5.0576949E-03  4.0321536E-03  0.0000000E+00
  0.0000000E+00  4.7478285E-02  2.0601582E-02  1.2813433E-02  9.1870865E-03
  7.1048876E-03  5.7617011E-03  0.0000000E+00
  0.0000000E+00  6.5046027E-02  2.8652923E-02  1.8177103E-02  1.3315182E-02
  1.0543238E-02  8.7346043E-03  0.0000000E+00
  0.0000000E+00  9.3050696E-02  4.1851424E-02  2.7291587E-02  2.0653443E-02
  1.6893556E-02  1.4041230E-02
  0.0000000E+00  0.1410606      6.5370157E-02  4.4496309E-02  3.5355896E-02
  2.9767925E-02
  0.0000000E+00  0.2319461      0.1128484      8.2432263E-02  6.9920912E-02
  0.0000000E+00  0.4321276      0.2296124      0.1891612    
  0.0000000E+00   1.000000      0.6377544    
  0.0000000E+00   3.654869    
   26.34513    
   100000.0    
  0.0000000E+00  1.4558596E-02  6.0867318E-03  3.6048014E-03  2.4548271E-03
  1.8004647E-03  1.3822921E-03  1.0960248E-03
  0.0000000E+00  1.7772328E-02  7.4638613E-03  4.4463086E-03  3.0472381E-03
  2.2470315E-03  1.7359318E-03  1.3835828E-03
  0.0000000E+00  2.2031492E-02  9.3030464E-03  5.5820858E-03  3.8526072E-03
  2.8626742E-03  2.2276717E-03  1.7888488E-03
  0.0000000E+00  2.7800724E-02  1.1824987E-02  7.1592671E-03  4.9870936E-03
  3.7403202E-03  2.9362414E-03  0.0000000E+00
  0.0000000E+00  3.5867322E-02  1.5384615E-02  9.4217863E-03  6.6404236E-03
  5.0400104E-03  4.0049045E-03  0.0000000E+00
  0.0000000E+00  4.7534846E-02  2.0624677E-02  1.2809758E-02  9.1688177E-03
  7.0727929E-03  5.7085701E-03  0.0000000E+00
  0.0000000E+00  6.5113582E-02  2.8678371E-02  1.8159525E-02  1.3280847E-02
  1.0476252E-02  8.6125452E-03  0.0000000E+00
  0.0000000E+00  9.3133718E-02  4.1868869E-02  2.7271554E-02  2.0573050E-02
  1.6713990E-02  1.3680950E-02
  0.0000000E+00  0.1410687      6.5384619E-02  4.4411458E-02  3.5092928E-02
  2.9130099E-02
  0.0000000E+00  0.2320599      0.1128033      8.2085699E-02  6.8701603E-02
  0.0000000E+00  0.4323696      0.2292204      0.1866288    
  0.0000000E+00   1.000000      0.6319050    
  0.0000000E+00   3.638358    
   26.26484    
   1000000.    
  0.0000000E+00  1.4607605E-02  6.1003710E-03  3.6077325E-03  2.4516706E-03
  1.7936243E-03  1.3724234E-03  1.0830879E-03
  0.0000000E+00  1.7821021E-02  7.4791959E-03  4.4488539E-03  3.0418639E-03
  2.2365893E-03  1.7219305E-03  1.3660222E-03
  0.0000000E+00  2.2084240E-02  9.3201892E-03  5.5844318E-03  3.8458584E-03
  2.8485467E-03  2.2058636E-03  1.7616181E-03
  0.0000000E+00  2.7870949E-02  1.1844834E-02  7.1591339E-03  4.9750353E-03
  3.7178334E-03  2.9048775E-03  0.0000000E+00
  0.0000000E+00  3.5949301E-02  1.5414160E-02  9.4200484E-03  6.6201510E-03
  5.0032004E-03  3.9521186E-03  0.0000000E+00
  0.0000000E+00  4.7625139E-02  2.0650364E-02  1.2801178E-02  9.1332728E-03
  7.0080655E-03  5.6100371E-03  0.0000000E+00
  0.0000000E+00  6.5241322E-02  2.8703110E-02  1.8141082E-02  1.3212136E-02
  1.0346946E-02  8.3996924E-03  0.0000000E+00
  0.0000000E+00  9.3304314E-02  4.1902445E-02  2.7205221E-02  2.0407116E-02
  1.6399948E-02  1.3122519E-02
  0.0000000E+00  0.1413391      6.5394953E-02  4.4232491E-02  3.4630645E-02
  2.8114198E-02
  0.0000000E+00  0.2324926      0.1127256      8.1410825E-02  6.6752009E-02
  0.0000000E+00  0.4329791      0.2283958      0.1824350    
  0.0000000E+00   1.000000      0.6221995    
  0.0000000E+00   3.611573    
   26.12981    
  1.0000000E+07
  0.0000000E+00  1.4705883E-02  6.1348146E-03  3.6165111E-03  2.4463520E-03
  1.7785913E-03  1.3519312E-03  1.0583187E-03
  0.0000000E+00  1.7924767E-02  7.5132539E-03  4.4559455E-03  3.0320627E-03
  2.2166120E-03  1.6927544E-03  1.3317345E-03
  0.0000000E+00  2.2203989E-02  9.3574850E-03  5.5882353E-03  3.8298410E-03
  2.8187325E-03  2.1661196E-03  1.7116889E-03
  0.0000000E+00  2.7997980E-02  1.1884625E-02  7.1598082E-03  4.9482454E-03
  3.6720526E-03  2.8427164E-03  0.0000000E+00
  0.0000000E+00  3.6101993E-02  1.5463267E-02  9.4130272E-03  6.5778848E-03
  4.9318355E-03  3.8513001E-03  0.0000000E+00
  0.0000000E+00  4.7828831E-02  2.0701842E-02  1.2774551E-02  9.0595810E-03
  6.8833628E-03  5.4329713E-03  0.0000000E+00
  0.0000000E+00  6.5501139E-02  2.8755365E-02  1.8088866E-02  1.3077506E-02
  1.0106034E-02  8.0434233E-03  0.0000000E+00
  0.0000000E+00  9.3650594E-02  4.1946478E-02  2.7089119E-02  2.0095935E-02
  1.5854582E-02  1.2310022E-02
  0.0000000E+00  0.1418834      6.5412775E-02  4.3890432E-02  3.3791974E-02
  2.6584197E-02
  0.0000000E+00  0.2331482      0.1125347      8.0169149E-02  6.3708656E-02
  0.0000000E+00  0.4339813      0.2268367      0.1759657    
  0.0000000E+00   1.000000      0.6065388    
  0.0000000E+00   3.567281    
   25.96567    
  1.0000000E+08
  0.0000000E+00  1.5105964E-02  6.2654018E-03  3.6606705E-03  2.4482503E-03
  1.7557910E-03  1.3146870E-03  1.0134303E-03
  0.0000000E+00  1.8284870E-02  7.6269102E-03  4.4874321E-03  3.0199606E-03
  2.1796452E-03  1.6399705E-03  1.2703302E-03
  0.0000000E+00  2.2535734E-02  9.4590932E-03  5.6062099E-03  3.8011337E-03
  2.7612124E-03  2.0896995E-03  1.6239526E-03
  0.0000000E+00  2.8339086E-02  1.1980039E-02  7.1611633E-03  4.8977332E-03
  3.5842780E-03  2.7304091E-03  0.0000000E+00
  0.0000000E+00  3.6471169E-02  1.5549531E-02  9.3937898E-03  6.4896503E-03
  4.7942335E-03  3.6766881E-03  0.0000000E+00
  0.0000000E+00  4.8225727E-02  2.0786101E-02  1.2727946E-02  8.9070974E-03
  6.6535240E-03  5.1379991E-03  0.0000000E+00
  0.0000000E+00  6.5993100E-02  2.8844258E-02  1.7976837E-02  1.2789552E-02
  9.6833417E-03  7.4950717E-03  0.0000000E+00
  0.0000000E+00  9.4307549E-02  4.2015772E-02  2.6811238E-02  1.9517003E-02
  1.4970429E-02  1.1192705E-02
  0.0000000E+00  0.1428043      6.5389358E-02  4.3198623E-02  3.2368165E-02
  2.4433220E-02
  0.0000000E+00  0.2344751      0.1120503      7.7969447E-02  5.9277970E-02
  0.0000000E+00  0.4358058      0.2238788      0.1660917    
  0.0000000E+00   1.000000      0.5823066    
  0.0000000E+00   3.498029    
   26.15821    
  1.0000000E+09
  0.0000000E+00  1.7582288E-02  7.0897467E-03  3.9533507E-03  2.5219037E-03
  1.7345489E-03  1.2514801E-03  9.3488040E-04
  0.0000000E+00  2.0317310E-02  8.2962345E-03  4.7146580E-03  3.0582526E-03
  2.1300025E-03  1.5522141E-03  1.1671798E-03
  0.0000000E+00  2.4212645E-02  9.9893436E-03  5.7672272E-03  3.7946959E-03
  2.6734548E-03  1.9642434E-03  1.4859106E-03
  0.0000000E+00  2.9741889E-02  1.2396401E-02  7.2531374E-03  4.8330571E-03
  3.4406818E-03  2.5491358E-03  0.0000000E+00
  0.0000000E+00  3.7686478E-02  1.5877338E-02  9.4103720E-03  6.3473834E-03
  4.5642909E-03  3.4027942E-03  0.0000000E+00
  0.0000000E+00  4.9372483E-02  2.1051386E-02  1.2645040E-02  8.6419610E-03
  6.2763439E-03  4.7004498E-03  0.0000000E+00
  0.0000000E+00  6.7179732E-02  2.9043335E-02  1.7748047E-02  1.2301682E-02
  9.0232063E-03  6.7404690E-03  0.0000000E+00
  0.0000000E+00  9.5666587E-02  4.2126454E-02  2.6296472E-02  1.8553162E-02
  1.3686953E-02  9.8070092E-03
  0.0000000E+00  0.1445655      6.5249823E-02  4.1948851E-02  3.0203648E-02
  2.1667061E-02
  0.0000000E+00  0.2369169      0.1110703      7.4402086E-02  5.3409901E-02
  0.0000000E+00  0.4391428      0.2188018      0.1526166    
  0.0000000E+00   1.000000      0.5479517    
  0.0000000E+00   3.402794    
   28.54606    
  1.0000000E+10
  0.0000000E+00  2.8872613E-02  1.0022192E-02  4.8124720E-03  2.7341321E-03
  1.7221483E-03  1.1617843E-03  8.2423433E-04
  0.0000000E+00  3.0881047E-02  1.1129605E-02  5.5248560E-03  3.2190413E-03
  2.0661340E-03  1.4147803E-03  1.0144252E-03
  0.0000000E+00  3.3555262E-02  1.2594318E-02  6.4835777E-03  3.8837106E-03
  2.5432757E-03  1.7676431E-03  1.2805149E-03
  0.0000000E+00  3.7583221E-02  1.4636041E-02  7.8273416E-03  4.8224586E-03
  3.2223701E-03  2.2703062E-03  0.0000000E+00
  0.0000000E+00  4.4030182E-02  1.7676432E-02  9.7858412E-03  6.1917445E-03
  4.2166002E-03  3.0048825E-03  0.0000000E+00
  0.0000000E+00  5.4460719E-02  2.2370173E-02  1.2760764E-02  8.2711941E-03
  5.7223705E-03  4.1089659E-03  0.0000000E+00
  0.0000000E+00  7.1349315E-02  2.9904570E-02  1.7509986E-02  1.1573458E-02
  8.1047490E-03  5.8044828E-03  0.0000000E+00
  0.0000000E+00  9.9356413E-02  4.2521082E-02  2.5488239E-02  1.7154904E-02
  1.2050599E-02  8.2445629E-03
  0.0000000E+00  0.1482468      6.5013319E-02  3.9968930E-02  2.7263649E-02
  1.8475367E-02
  0.0000000E+00  0.2413449      0.1092654      6.9218822E-02  4.6371505E-02
  0.0000000E+00  0.4444075      0.2108300      0.1358189    
  0.0000000E+00   1.000000      0.5035508    
  0.0000000E+00   3.278961    
   31.97958    
  9.9999998E+10
  0.0000000E+00  4.3958127E-02  1.3758725E-02  6.0299104E-03  3.1774677E-03
  1.8813560E-03  1.2063809E-03  8.2013960E-04
  0.0000000E+00  4.8614159E-02  1.5373879E-02  6.8055834E-03  3.6171486E-03
  2.1575275E-03  1.3918246E-03  9.5084746E-04
  0.0000000E+00  5.4007977E-02  1.7367896E-02  7.8035896E-03  4.2013959E-03
  2.5334000E-03  1.6490528E-03  1.1335992E-03
  0.0000000E+00  6.0139582E-02  1.9830508E-02  9.1146557E-03  5.0009973E-03
  3.0608175E-03  2.0159523E-03  0.0000000E+00
  0.0000000E+00  6.7228317E-02  2.2991028E-02  1.0917248E-02  6.1455634E-03
  3.8364904E-03  2.5633101E-03  0.0000000E+00
  0.0000000E+00  7.6321036E-02  2.7357927E-02  1.3549352E-02  7.8783650E-03
  5.0309077E-03  3.4077768E-03  0.0000000E+00
  0.0000000E+00  9.0159521E-02  3.4037884E-02  1.7706880E-02  1.0648056E-02
  6.9491523E-03  4.7278167E-03  0.0000000E+00
  0.0000000E+00  0.1144566      4.5244269E-02  2.4695912E-02  1.5343969E-02
  1.0119641E-02  6.6111670E-03
  0.0000000E+00  0.1601196      6.5762714E-02  3.7397809E-02  2.3708874E-02
  1.5114656E-02
  0.0000000E+00  0.2512463      0.1067797      6.2592223E-02  3.8783651E-02
  0.0000000E+00  0.4530409      0.1997009      0.1168495    
  0.0000000E+00   1.000000      0.4513460    
  0.0000000E+00   3.134596    
   32.69193    
  1.0000000E+12
  0.0000000E+00  6.9085620E-02  2.1230258E-02  9.1354949E-03  4.7339983E-03
  2.7605984E-03  1.7464672E-03  1.1729011E-03
  0.0000000E+00  7.2186202E-02  2.2211140E-02  9.5677478E-03  4.9650869E-03
  2.8985867E-03  1.8345803E-03  1.2319202E-03
  0.0000000E+00  7.6791354E-02  2.3682460E-02  1.0224439E-02  5.3167082E-03
  3.1080632E-03  1.9692436E-03  1.3216959E-03
  0.0000000E+00  8.4123023E-02  2.6034914E-02  1.1288445E-02  5.8886120E-03
  3.4513713E-03  2.1903575E-03  0.0000000E+00
  0.0000000E+00  9.4846211E-02  2.9592684E-02  1.2917706E-02  6.7788861E-03
  3.9916872E-03  2.5394845E-03  0.0000000E+00
  0.0000000E+00  0.1097257      3.4679968E-02  1.5336658E-02  8.1313383E-03
  4.8254365E-03  3.0806318E-03  0.0000000E+00
  0.0000000E+00  0.1296758      4.1936826E-02  1.8952617E-02  1.0232751E-02
  6.1446382E-03  3.9251870E-03  0.0000000E+00
  0.0000000E+00  0.1571072      5.2809644E-02  2.4738155E-02  1.3715710E-02
  8.3374893E-03  5.1496262E-03
  0.0000000E+00  0.2002494      7.1039066E-02  3.4987532E-02  1.9975062E-02
  1.1870324E-02
  0.0000000E+00  0.2832918      0.1064838      5.5220284E-02  3.1246882E-02
  0.0000000E+00  0.4743973      0.1866999      9.7506240E-02
  0.0000000E+00   1.000000      0.3950956    
  0.0000000E+00   2.970906    
   32.51870    
  9.9999998E+12
  0.0000000E+00  0.1016716      3.1140300E-02  1.3355224E-02  6.9014928E-03
  4.0131346E-03  2.5319404E-03  1.6955225E-03
  0.0000000E+00  0.1169552      3.5820894E-02  1.5361194E-02  7.9343282E-03
  4.6125376E-03  2.9080599E-03  1.9444777E-03
  0.0000000E+00  0.1306269      4.0005971E-02  1.7152239E-02  8.8597015E-03
  5.1462692E-03  3.2411939E-03  2.1635820E-03
  0.0000000E+00  0.1402985      4.2991046E-02  1.8435821E-02  9.5223887E-03
  5.5265669E-03  3.4752241E-03  0.0000000E+00
  0.0000000E+00  0.1462687      4.4847760E-02  1.9241791E-02  9.9343285E-03
  5.7617915E-03  3.6149253E-03  0.0000000E+00
  0.0000000E+00  0.1535522      4.7134329E-02  2.0244775E-02  1.0453732E-02
  6.0537318E-03  3.7820896E-03  0.0000000E+00
  0.0000000E+00  0.1693731      5.2161194E-02  2.2465670E-02  1.1611941E-02
  6.7104478E-03  4.1414928E-03  0.0000000E+00
  0.0000000E+00  0.1997015      6.1910450E-02  2.6823880E-02  1.3904477E-02
  7.9761194E-03  4.6841791E-03
  0.0000000E+00  0.2512836      7.9044774E-02  3.4692537E-02  1.8035822E-02
  9.9402983E-03
  0.0000000E+00  0.3403582      0.1100896      4.9426865E-02  2.5146270E-02
  0.0000000E+00  0.5212538      0.1748060      7.9044774E-02
  0.0000000E+00   1.000000      0.3352836    
  0.0000000E+00   2.750448    
   31.52836    
  1.0000000E+14
  0.0000000E+00  7.6095074E-02  2.3293717E-02  9.9864174E-03  5.1578945E-03
  2.9969439E-03  1.8899830E-03  1.2648556E-03
  0.0000000E+00  9.7283527E-02  2.9779287E-02  1.2760611E-02  6.5840408E-03
  3.8234296E-03  2.4091681E-03  1.6098471E-03
  0.0000000E+00  0.1255688      3.8404074E-02  1.6451612E-02  8.4855687E-03
  4.9235993E-03  3.0964348E-03  2.0641766E-03
  0.0000000E+00  0.1621732      4.9575549E-02  2.1222411E-02  1.0933787E-02
  6.3361628E-03  3.9762310E-03  0.0000000E+00
  0.0000000E+00  0.2059762      6.2954158E-02  2.6916808E-02  1.3850595E-02
  8.0067907E-03  5.0050933E-03  0.0000000E+00
  0.0000000E+00  0.2496095      7.6230898E-02  3.2563668E-02  1.6723258E-02
  9.6366722E-03  5.9830216E-03  0.0000000E+00
  0.0000000E+00  0.2788115      8.5093379E-02  3.6298811E-02  1.8590832E-02
  1.0645161E-02  6.5059420E-03  0.0000000E+00
  0.0000000E+00  0.2910696      8.8794567E-02  3.7792869E-02  1.9259762E-02
  1.0869269E-02  6.2750424E-03
  0.0000000E+00  0.3154839      9.6196942E-02  4.0848896E-02  2.0560272E-02
  1.0984720E-02
  0.0000000E+00  0.3891341      0.1187776      5.0050933E-02  2.3999998E-02
  0.0000000E+00  0.5609508      0.1711375      6.9575548E-02
  0.0000000E+00   1.000000      0.2923260    
  0.0000000E+00   2.527334    
   29.70798    
