   100.0000    
  0.0000000E+00  1.4794393E-02  6.0003684E-03  3.4335237E-03  2.2588973E-03
  1.6018808E-03  1.1928822E-03  9.1960165E-04
  0.0000000E+00  1.8100683E-02  7.3667704E-03  4.2338185E-03  2.7973445E-03
  1.9933616E-03  1.4914253E-03  1.1547114E-03
  0.0000000E+00  2.2496771E-02  9.1941720E-03  5.3144014E-03  3.5312555E-03
  2.5299648E-03  1.9030055E-03  1.4810989E-03
  0.0000000E+00  2.8452884E-02  1.1696476E-02  6.8061957E-03  4.5565185E-03
  3.2878481E-03  2.4893968E-03  0.0000000E+00
  0.0000000E+00  3.6806192E-02  1.5227733E-02  8.9397002E-03  6.0372483E-03
  4.3960907E-03  3.3597637E-03  0.0000000E+00
  0.0000000E+00  4.8865937E-02  2.0394616E-02  1.2111377E-02  8.2777059E-03
  6.0999445E-03  4.7151018E-03  0.0000000E+00
  0.0000000E+00  6.7066193E-02  2.8323805E-02  1.7073575E-02  1.1860593E-02
  8.8880686E-03  6.9647790E-03  0.0000000E+00
  0.0000000E+00  9.6035399E-02  4.1194908E-02  2.5373409E-02  1.8045362E-02
  1.3829983E-02  1.0770790E-02
  0.0000000E+00  0.1455099      6.3876078E-02  4.0641710E-02  2.9928081E-02
  2.3234371E-02
  0.0000000E+00  0.2386133      0.1086668      7.2819464E-02  5.5891570E-02
  0.0000000E+00  0.4412686      0.2142725      0.1561497    
  0.0000000E+00   1.000000      0.5515397    
  0.0000000E+00   3.416928    
   25.26277    
   1000.000    
  0.0000000E+00  1.4800958E-02  6.0025803E-03  3.4334688E-03  2.2576484E-03
  1.6013639E-03  1.1922227E-03  9.1872469E-04
  0.0000000E+00  1.8107262E-02  7.3700701E-03  4.2351638E-03  2.7976411E-03
  1.9941025E-03  1.4904166E-03  1.1533359E-03
  0.0000000E+00  2.2502765E-02  9.1964612E-03  5.3151497E-03  3.5311466E-03
  2.5285662E-03  1.9019536E-03  1.4791745E-03
  0.0000000E+00  2.8474014E-02  1.1699227E-02  6.8079615E-03  4.5558424E-03
  3.2860304E-03  2.4861777E-03  0.0000000E+00
  0.0000000E+00  3.6804277E-02  1.5232216E-02  8.9402879E-03  6.0357540E-03
  4.3936605E-03  3.3542204E-03  0.0000000E+00
  0.0000000E+00  4.8875786E-02  2.0401770E-02  1.2112054E-02  8.2749724E-03
  6.0947295E-03  4.7088093E-03  0.0000000E+00
  0.0000000E+00  6.7084409E-02  2.8326577E-02  1.7073350E-02  1.1854037E-02
  8.8776266E-03  6.9443421E-03  0.0000000E+00
  0.0000000E+00  9.6056029E-02  4.1208994E-02  2.5377812E-02  1.8033544E-02
  1.3802065E-02  1.0696647E-02
  0.0000000E+00  0.1455400      6.3896053E-02  4.0619243E-02  2.9874679E-02
  2.3110949E-02
  0.0000000E+00  0.2386657      0.1086804      7.2779208E-02  5.5657942E-02
  0.0000000E+00  0.4413933      0.2143384      0.1556764    
  0.0000000E+00   1.000000      0.5504977    
  0.0000000E+00   3.415039    
   25.24880    
   10000.00    
  0.0000000E+00  1.4806772E-02  6.0047847E-03  3.4339344E-03  2.2561648E-03
  1.5997423E-03  1.1900993E-03  9.1645191E-04
  0.0000000E+00  1.8113729E-02  7.3721013E-03  4.2344495E-03  2.7972027E-03
  1.9911667E-03  1.4876702E-03  1.1499815E-03
  0.0000000E+00  2.2506440E-02  9.1994852E-03  5.3146854E-03  3.5296283E-03
  2.5266837E-03  1.8973130E-03  1.4744202E-03
  0.0000000E+00  2.8468899E-02  1.1702244E-02  6.8071401E-03  4.5528151E-03
  3.2811924E-03  2.4806771E-03  0.0000000E+00
  0.0000000E+00  3.6823701E-02  1.5233712E-02  8.9381663E-03  6.0323887E-03
  4.3871915E-03  3.3456015E-03  0.0000000E+00
  0.0000000E+00  4.8895840E-02  2.0408537E-02  1.2108943E-02  8.2664695E-03
  6.0839159E-03  4.6908353E-03  0.0000000E+00
  0.0000000E+00  6.7114457E-02  2.8321678E-02  1.7066617E-02  1.1840264E-02
  8.8535147E-03  6.9046738E-03  0.0000000E+00
  0.0000000E+00  9.6080236E-02  4.1203532E-02  2.5358850E-02  1.8003313E-02
  1.3743098E-02  1.0564961E-02
  0.0000000E+00  0.1455834      6.3875593E-02  4.0596243E-02  2.9793890E-02
  2.2874493E-02
  0.0000000E+00  0.2386824      0.1086492      7.2635256E-02  5.5226352E-02
  0.0000000E+00  0.4414796      0.2140228      0.1547663    
  0.0000000E+00   1.000000      0.5482149    
  0.0000000E+00   3.408171    
   25.21163    
   100000.0    
  0.0000000E+00  1.4820118E-02  6.0077086E-03  3.4342876E-03  2.2558738E-03
  1.5969162E-03  1.1864904E-03  9.1189425E-04
  0.0000000E+00  1.8129587E-02  7.3770187E-03  4.2345813E-03  2.7936855E-03
  1.9878855E-03  1.4825624E-03  1.1439059E-03
  0.0000000E+00  2.2522025E-02  9.2052119E-03  5.3138766E-03  3.5260646E-03
  2.5201908E-03  1.8906021E-03  1.4653082E-03
  0.0000000E+00  2.8505873E-02  1.1708884E-02  6.8061673E-03  4.5466227E-03
  3.2727607E-03  2.4706312E-03  0.0000000E+00
  0.0000000E+00  3.6857560E-02  1.5240454E-02  8.9372238E-03  6.0223932E-03
  4.3740817E-03  3.3278265E-03  0.0000000E+00
  0.0000000E+00  4.8935387E-02  2.0411160E-02  1.2103524E-02  8.2525695E-03
  6.0609393E-03  4.6567549E-03  0.0000000E+00
  0.0000000E+00  6.7162260E-02  2.8340673E-02  1.7055800E-02  1.1815345E-02
  8.8087367E-03  6.8318648E-03  0.0000000E+00
  0.0000000E+00  9.6145369E-02  4.1207779E-02  2.5330396E-02  1.7946035E-02
  1.3634360E-02  1.0361600E-02
  0.0000000E+00  0.1456681      6.3876651E-02  4.0528633E-02  2.9625550E-02
  2.2522025E-02
  0.0000000E+00  0.2388032      0.1085903      7.2411887E-02  5.4515414E-02
  0.0000000E+00  0.4416299      0.2138399      0.1532856    
  0.0000000E+00   1.000000      0.5447870    
  0.0000000E+00   3.399413    
   25.16520    
   1000000.    
  0.0000000E+00  1.4851087E-02  6.0186363E-03  3.4350445E-03  2.2528777E-03
  1.5912661E-03  1.1790608E-03  9.0334361E-04
  0.0000000E+00  1.8165540E-02  7.3871729E-03  4.2353370E-03  2.7900601E-03
  1.9788051E-03  1.4725013E-03  1.1321030E-03
  0.0000000E+00  2.2565320E-02  9.2161512E-03  5.3133559E-03  3.5190936E-03
  2.5105060E-03  1.8764845E-03  1.4482002E-03
  0.0000000E+00  2.8540105E-02  1.1721176E-02  6.8043121E-03  4.5368173E-03
  3.2559838E-03  2.4483830E-03  0.0000000E+00
  0.0000000E+00  3.6908459E-02  1.5254887E-02  8.9311162E-03  6.0076742E-03
  4.3486203E-03  3.2925268E-03  0.0000000E+00
  0.0000000E+00  4.9004201E-02  2.0427553E-02  1.2093916E-02  8.2258359E-03
  6.0168095E-03  4.5952857E-03  0.0000000E+00
  0.0000000E+00  6.7257442E-02  2.8357390E-02  1.7034533E-02  1.1763200E-02
  8.7264748E-03  6.7038182E-03  0.0000000E+00
  0.0000000E+00  9.6272610E-02  4.1220535E-02  2.5287775E-02  1.7834825E-02
  1.3438698E-02  1.0049333E-02
  0.0000000E+00  0.1458432      6.3877210E-02  4.0398318E-02  2.9325781E-02
  2.1925816E-02
  0.0000000E+00  0.2391741      0.1085145      7.1953222E-02  5.3371094E-02
  0.0000000E+00  0.4419879      0.2132286      0.1508496    
  0.0000000E+00   1.000000      0.5388269    
  0.0000000E+00   3.382057    
   25.08679    
  1.0000000E+07
  0.0000000E+00  1.4930217E-02  6.0413270E-03  3.4384630E-03  2.2457859E-03
  1.5802068E-03  1.1647635E-03  8.8689511E-04
  0.0000000E+00  1.8252674E-02  7.4098245E-03  4.2378106E-03  2.7804968E-03
  1.9648361E-03  1.4529637E-03  1.1096611E-03
  0.0000000E+00  2.2657242E-02  9.2405295E-03  5.3126705E-03  3.5055284E-03
  2.4886713E-03  1.8488310E-03  1.4161683E-03
  0.0000000E+00  2.8656881E-02  1.1747328E-02  6.7989854E-03  4.5151352E-03
  3.2245789E-03  2.4071054E-03  0.0000000E+00
  0.0000000E+00  3.7030999E-02  1.5283669E-02  8.9215161E-03  5.9742616E-03
  4.2976257E-03  3.2282041E-03  0.0000000E+00
  0.0000000E+00  4.9157154E-02  2.0464022E-02  1.2071779E-02  8.1692953E-03
  5.9343851E-03  4.4843215E-03  0.0000000E+00
  0.0000000E+00  6.7446083E-02  2.8384995E-02  1.6989306E-02  1.1662136E-02
  8.5698748E-03  6.4890343E-03  0.0000000E+00
  0.0000000E+00  9.6537977E-02  4.1254308E-02  2.5194854E-02  1.7623710E-02
  1.3099511E-02  9.5758568E-03
  0.0000000E+00  0.1462208      6.3875295E-02  4.0148631E-02  2.8801886E-02
  2.1044048E-02
  0.0000000E+00  0.2396230      0.1083560      7.1143739E-02  5.1567886E-02
  0.0000000E+00  0.4428132      0.2120718      0.1468914    
  0.0000000E+00   1.000000      0.5292732    
  0.0000000E+00   3.355084    
   25.01360    
  1.0000000E+08
  0.0000000E+00  1.5251118E-02  6.1304737E-03  3.4620198E-03  2.2412871E-03
  1.5599644E-03  1.1372655E-03  8.5630029E-04
  0.0000000E+00  1.8534405E-02  7.4870419E-03  4.2520105E-03  2.7667561E-03
  1.9338697E-03  1.4155497E-03  1.0686327E-03
  0.0000000E+00  2.2913318E-02  9.3083112E-03  5.3172479E-03  3.4781056E-03
  2.4450405E-03  1.7962467E-03  1.3592493E-03
  0.0000000E+00  2.8900806E-02  1.1808759E-02  6.7917784E-03  4.4736373E-03
  3.1617517E-03  2.3324399E-03  0.0000000E+00
  0.0000000E+00  3.7301164E-02  1.5342270E-02  8.8990172E-03  5.9052729E-03
  4.2019663E-03  3.1134943E-03  0.0000000E+00
  0.0000000E+00  4.9454872E-02  2.0518322E-02  1.2021448E-02  8.0571938E-03
  5.7765865E-03  4.2949063E-03  0.0000000E+00
  0.0000000E+00  6.7810550E-02  2.8436106E-02  1.6888293E-02  1.1462020E-02
  8.2895448E-03  6.1483472E-03  0.0000000E+00
  0.0000000E+00  9.7015195E-02  4.1268993E-02  2.4968723E-02  1.7227883E-02
  1.2537980E-02  8.9097414E-03
  0.0000000E+00  0.1468811      6.3806973E-02  3.9642539E-02  2.7864166E-02
  1.9731903E-02
  0.0000000E+00  0.2405720      0.1079535      6.9633603E-02  4.8847187E-02
  0.0000000E+00  0.4441466      0.2100089      0.1407507    
  0.0000000E+00   1.000000      0.5138517    
  0.0000000E+00   3.311886    
   25.25469    
  1.0000000E+09
  0.0000000E+00  1.7185263E-02  6.7050811E-03  3.6389031E-03  2.2682031E-03
  1.5294220E-03  1.0850357E-03  7.9832372E-04
  0.0000000E+00  2.0150164E-02  7.9535535E-03  4.3844944E-03  2.7693382E-03
  1.8858040E-03  1.3471276E-03  9.9563471E-04
  0.0000000E+00  2.4253534E-02  9.6752224E-03  5.4042256E-03  3.4538151E-03
  2.3712239E-03  1.7045573E-03  1.2641872E-03
  0.0000000E+00  3.0033175E-02  1.2093592E-02  6.8325475E-03  4.4089402E-03
  3.0504626E-03  2.2035968E-03  0.0000000E+00
  0.0000000E+00  3.8274836E-02  1.5561376E-02  8.8842325E-03  5.7883710E-03
  4.0335250E-03  2.9264884E-03  0.0000000E+00
  0.0000000E+00  5.0357953E-02  2.0674000E-02  1.1939934E-02  7.8540249E-03
  5.5124843E-03  4.0038414E-03  0.0000000E+00
  0.0000000E+00  6.8709619E-02  2.8548978E-02  1.6698096E-02  1.1107037E-02
  7.8418013E-03  5.6591583E-03  0.0000000E+00
  0.0000000E+00  9.8044343E-02  4.1313075E-02  2.4567835E-02  1.6553169E-02
  1.1695477E-02  8.0443509E-03
  0.0000000E+00  0.1481753      6.3645884E-02  3.8711369E-02  2.6401257E-02
  1.7984983E-02
  0.0000000E+00  0.2423607      0.1071416      6.7155577E-02  4.5084685E-02
  0.0000000E+00  0.4464816      0.2063908      0.1319714    
  0.0000000E+00   1.000000      0.4911821    
  0.0000000E+00   3.247774    
   27.62354    
  1.0000000E+10
  0.0000000E+00  2.5684988E-02  8.8485451E-03  4.2276010E-03  2.3886368E-03
  1.4970583E-03  1.0052109E-03  7.0953101E-04
  0.0000000E+00  2.8155992E-02  1.0016809E-02  4.9268785E-03  2.8475374E-03
  1.8137501E-03  1.2324760E-03  8.7745837E-04
  0.0000000E+00  3.1433851E-02  1.1558245E-02  5.8682128E-03  3.4728525E-03
  2.2491175E-03  1.5474870E-03  1.1102706E-03
  0.0000000E+00  3.6157336E-02  1.3704824E-02  7.1827201E-03  4.3519922E-03
  2.8660279E-03  1.9919313E-03  0.0000000E+00
  0.0000000E+00  4.3335013E-02  1.6843166E-02  9.0855602E-03  5.6261555E-03
  3.7602957E-03  2.6357369E-03  0.0000000E+00
  0.0000000E+00  5.4462936E-02  2.1600269E-02  1.1949907E-02  7.5407629E-03
  5.0983359E-03  3.5871572E-03  0.0000000E+00
  0.0000000E+00  7.2079346E-02  2.9114135E-02  1.6451504E-02  1.0544630E-02
  7.1827201E-03  5.0193309E-03  0.0000000E+00
  0.0000000E+00  0.1009749      4.1536395E-02  2.3919985E-02  1.5523618E-02
  1.0558076E-02  7.0146243E-03
  0.0000000E+00  0.1510506      6.3371994E-02  3.7216339E-02  2.4340225E-02
  1.5863171E-02
  0.0000000E+00  0.2457556      0.1056648      6.3405611E-02  4.0342916E-02
  0.0000000E+00  0.4503278      0.2003698      0.1204236    
  0.0000000E+00   1.000000      0.4602454    
  0.0000000E+00   3.163557    
   31.58514    
  9.9999998E+10
  0.0000000E+00  3.7290812E-02  1.1673508E-02  5.1152506E-03  2.6949793E-03
  1.5945690E-03  1.0217871E-03  6.9387426E-04
  0.0000000E+00  4.1964002E-02  1.3268078E-02  5.8699083E-03  3.1180929E-03
  1.8582253E-03  1.1971897E-03  8.1670342E-04
  0.0000000E+00  4.7442373E-02  1.5235239E-02  6.8392800E-03  3.6769810E-03
  2.2134511E-03  1.4377959E-03  9.8658027E-04
  0.0000000E+00  5.3836435E-02  1.7698137E-02  8.1165135E-03  4.4411113E-03
  2.7091885E-03  1.7792863E-03  0.0000000E+00
  0.0000000E+00  6.1572466E-02  2.0903062E-02  9.8752761E-03  5.5320491E-03
  3.4338490E-03  2.2829175E-03  0.0000000E+00
  0.0000000E+00  7.1787179E-02  2.5386799E-02  1.2450268E-02  7.1724029E-03
  4.5405747E-03  3.0486262E-03  0.0000000E+00
  0.0000000E+00  8.7227657E-02  3.2191347E-02  1.6466688E-02  9.7710760E-03
  6.2914426E-03  4.2248182E-03  0.0000000E+00
  0.0000000E+00  0.1133407      4.3479633E-02  2.3176508E-02  1.4103252E-02
  9.1285119E-03  5.8572781E-03
  0.0000000E+00  0.1608778      6.3782759E-02  3.5143670E-02  2.1676665E-02
  1.3471739E-02
  0.0000000E+00  0.2538680      0.1035996      5.8367539E-02  3.4906849E-02
  0.0000000E+00  0.4572150      0.1918219      0.1067256    
  0.0000000E+00   1.000000      0.4220082    
  0.0000000E+00   3.058099    
   32.71235    
  1.0000000E+12
  0.0000000E+00  5.4096505E-02  1.6626576E-02  7.1501350E-03  3.7059574E-03
  2.1607473E-03  1.3667753E-03  9.1736246E-04
  0.0000000E+00  5.8313288E-02  1.7942552E-02  7.7274661E-03  4.0087732E-03
  2.3390406E-03  1.4801190E-03  9.9349092E-04
  0.0000000E+00  6.4029999E-02  1.9739635E-02  8.5241273E-03  4.4290363E-03
  2.5880856E-03  1.6386020E-03  1.0997595E-03
  0.0000000E+00  7.2194710E-02  2.2343285E-02  9.6858637E-03  5.0488184E-03
  2.9574076E-03  1.8749116E-03  0.0000000E+00
  0.0000000E+00  8.3571531E-02  2.6050659E-02  1.1366918E-02  5.9586815E-03
  3.5050237E-03  2.2272535E-03  0.0000000E+00
  0.0000000E+00  9.8938733E-02  3.1229658E-02  1.3788030E-02  7.3015424E-03
  4.3243244E-03  2.7550589E-03  0.0000000E+00
  0.0000000E+00  0.1195132      3.8545355E-02  1.7376538E-02  9.3533332E-03
  5.5978494E-03  3.5630395E-03  0.0000000E+00
  0.0000000E+00  0.1482949      4.9511816E-02  2.3064950E-02  1.2714024E-02
  7.6807700E-03  4.7092121E-03
  0.0000000E+00  0.1941418      6.7822278E-02  3.3026744E-02  1.8650064E-02
  1.0952314E-02
  0.0000000E+00  0.2808830      0.1029574      5.2341871E-02  2.9064666E-02
  0.0000000E+00  0.4753078      0.1808405      9.1637194E-02
  0.0000000E+00   1.000000      0.3778124    
  0.0000000E+00   2.930522    
   32.67299    
  9.9999998E+12
  0.0000000E+00  7.7510312E-02  2.3739111E-02  1.0182256E-02  5.2613481E-03
  3.0593763E-03  1.9303071E-03  1.2918386E-03
  0.0000000E+00  8.9225121E-02  2.7326914E-02  1.1714810E-02  6.0522691E-03
  3.5178817E-03  2.2180192E-03  1.4821183E-03
  0.0000000E+00  0.1006304      3.0823017E-02  1.3216414E-02  6.8237046E-03
  3.9626318E-03  2.4954148E-03  1.6655204E-03
  0.0000000E+00  0.1106602      3.3895001E-02  1.4534617E-02  7.5022923E-03
  4.3546539E-03  2.7372765E-03  0.0000000E+00
  0.0000000E+00  0.1196699      3.6668960E-02  1.5726730E-02  8.1178350E-03
  4.7065564E-03  2.9516276E-03  0.0000000E+00
  0.0000000E+00  0.1311325      4.0222377E-02  1.7274186E-02  8.9144884E-03
  5.1616230E-03  3.2209994E-03  0.0000000E+00
  0.0000000E+00  0.1505044      4.6331953E-02  1.9933518E-02  1.0299175E-02
  5.9456672E-03  3.6646035E-03  0.0000000E+00
  0.0000000E+00  0.1835167      5.6831725E-02  2.4587344E-02  1.2723520E-02
  7.2879414E-03  4.2698304E-03
  0.0000000E+00  0.2372765      7.4449793E-02  3.2599725E-02  1.6895920E-02
  9.2812926E-03
  0.0000000E+00  0.3292068      0.1058116      4.7260430E-02  2.3899587E-02
  0.0000000E+00  0.5152453      0.1703347      7.6111875E-02
  0.0000000E+00   1.000000      0.3271435    
  0.0000000E+00   2.741861    
   31.80880    
  1.0000000E+14
  0.0000000E+00  6.6954114E-02  2.0498417E-02  8.7895570E-03  4.5371833E-03
  2.6368669E-03  1.6629746E-03  1.1123418E-03
  0.0000000E+00  8.3781645E-02  2.5632910E-02  1.0981012E-02  5.6669302E-03
  3.2911389E-03  2.0727848E-03  1.3852848E-03
  0.0000000E+00  0.1056171      3.2302216E-02  1.3837026E-02  7.1337023E-03
  4.1384492E-03  2.6028482E-03  1.7349684E-03
  0.0000000E+00  0.1333861      4.0791139E-02  1.7452531E-02  8.9952527E-03
  5.2096518E-03  3.2689872E-03  0.0000000E+00
  0.0000000E+00  0.1667721      5.0949365E-02  2.1787975E-02  1.1210443E-02
  6.4786389E-03  4.0498413E-03  0.0000000E+00
  0.0000000E+00  0.2017405      6.1613925E-02  2.6313292E-02  1.3512658E-02
  7.7824364E-03  4.8322785E-03  0.0000000E+00
  0.0000000E+00  0.2307753      7.0411392E-02  3.0023733E-02  1.5371834E-02
  8.7974686E-03  5.3757909E-03  0.0000000E+00
  0.0000000E+00  0.2526107      7.7009492E-02  3.2768987E-02  1.6685126E-02
  9.4066458E-03  5.4272152E-03
  0.0000000E+00  0.2883703      8.7895565E-02  3.7262660E-02  1.8734176E-02
  9.9920882E-03
  0.0000000E+00  0.3707278      0.1129747      4.7531646E-02  2.2729430E-02
  0.0000000E+00  0.5500791      0.1671677      6.7697778E-02
  0.0000000E+00   1.000000      0.2895570    
  0.0000000E+00   2.545095    
   30.18987    
