   100.0000    
  0.0000000E+00  1.5170298E-02  5.8115991E-03  3.1328630E-03  1.9496778E-03
  1.3160480E-03  9.3771098E-04  6.9438480E-04
  0.0000000E+00  1.8610002E-02  7.1432958E-03  3.8631482E-03  2.4105555E-03
  1.6314822E-03  1.1650813E-03  8.6498930E-04
  0.0000000E+00  2.3188096E-02  8.9229820E-03  4.8419763E-03  3.0322187E-03
  2.0592206E-03  1.4749924E-03  1.0978829E-03
  0.0000000E+00  2.9426204E-02  1.1359313E-02  6.1890152E-03  3.8938324E-03
  2.6548023E-03  1.9085610E-03  0.0000000E+00
  0.0000000E+00  3.8171221E-02  1.4786744E-02  8.1006447E-03  5.1242714E-03
  3.5133478E-03  2.5363609E-03  0.0000000E+00
  0.0000000E+00  5.0813138E-02  1.9788278E-02  1.0917460E-02  6.9561219E-03
  4.7990181E-03  3.4826635E-03  0.0000000E+00
  0.0000000E+00  6.9898739E-02  2.7401045E-02  1.5262351E-02  9.8158950E-03
  6.8303165E-03  4.9677812E-03  0.0000000E+00
  0.0000000E+00  0.1002148      3.9644066E-02  2.2374962E-02  1.4581161E-02
  1.0230132E-02  7.2537586E-03
  0.0000000E+00  0.1517950      6.0846891E-02  3.5010740E-02  2.3200369E-02
  1.6075483E-02
  0.0000000E+00  0.2480822      0.1015035      6.0079783E-02  4.0073641E-02
  0.0000000E+00  0.4538202      0.1920528      0.1176128    
  0.0000000E+00   1.000000      0.4467628    
  0.0000000E+00   3.135931    
   24.06260    
   1000.000    
  0.0000000E+00  1.5176435E-02  5.8146669E-03  3.1328630E-03  1.9499847E-03
  1.3160480E-03  9.3740417E-04  6.9407793E-04
  0.0000000E+00  1.8619210E-02  7.1463636E-03  3.8631482E-03  2.4108621E-03
  1.6314822E-03  1.1647745E-03  8.6437562E-04
  0.0000000E+00  2.3197301E-02  8.9260517E-03  4.8419763E-03  3.0325253E-03
  2.0589137E-03  1.4743787E-03  1.0969623E-03
  0.0000000E+00  2.9438479E-02  1.1362381E-02  6.1890152E-03  3.8938324E-03
  2.6544954E-03  1.9076404E-03  0.0000000E+00
  0.0000000E+00  3.8171221E-02  1.4792882E-02  8.1037134E-03  5.1242714E-03
  3.5102793E-03  2.5348268E-03  0.0000000E+00
  0.0000000E+00  5.0843816E-02  1.9794416E-02  1.0920528E-02  6.9561219E-03
  4.7959494E-03  3.4795951E-03  0.0000000E+00
  0.0000000E+00  6.9929428E-02  2.7410248E-02  1.5262351E-02  9.8158950E-03
  6.8241796E-03  4.9616448E-03  0.0000000E+00
  0.0000000E+00  0.1002455      3.9674748E-02  2.2378029E-02  1.4578092E-02
  1.0220926E-02  7.2230743E-03
  0.0000000E+00  0.1518564      6.0877569E-02  3.5010740E-02  2.3188096E-02
  1.6020251E-02
  0.0000000E+00  0.2481743      0.1015342      6.0049098E-02  3.9981592E-02
  0.0000000E+00  0.4541270      0.1920835      0.1174287    
  0.0000000E+00   1.000000      0.4461491    
  0.0000000E+00   3.135931    
   24.06260    
   10000.00    
  0.0000000E+00  1.5179393E-02  5.8141672E-03  3.1340078E-03  1.9494019E-03
  1.3152406E-03  9.3621580E-04  6.9303892E-04
  0.0000000E+00  1.8623121E-02  7.1481136E-03  3.8638450E-03  2.4099969E-03
  1.6301747E-03  1.1634467E-03  8.6292543E-04
  0.0000000E+00  2.3204537E-02  8.9267092E-03  4.8420727E-03  3.0312787E-03
  2.0573442E-03  1.4722478E-03  1.0944495E-03
  0.0000000E+00  2.9444955E-02  1.1364612E-02  6.1882855E-03  3.8914441E-03
  2.6519471E-03  1.9046305E-03  0.0000000E+00
  0.0000000E+00  3.8178470E-02  1.4793007E-02  8.1018088E-03  5.1211282E-03
  3.5081264E-03  2.5298987E-03  0.0000000E+00
  0.0000000E+00  5.0843298E-02  1.9797608E-02  1.0916896E-02  6.9518555E-03
  4.7899415E-03  3.4713277E-03  0.0000000E+00
  0.0000000E+00  6.9947869E-02  2.7411835E-02  1.5259122E-02  9.8068072E-03
  6.8138605E-03  4.9432688E-03  0.0000000E+00
  0.0000000E+00  0.1002760      3.9650414E-02  2.2367371E-02  1.4559950E-02
  1.0193191E-02  7.1634469E-03
  0.0000000E+00  0.1518859      6.0870897E-02  3.4989268E-02  2.3143208E-02
  1.5915364E-02
  0.0000000E+00  0.2482061      0.1015026      5.9981596E-02  3.9773077E-02
  0.0000000E+00  0.4541551      0.1919657      0.1170193    
  0.0000000E+00   1.000000      0.4452622    
  0.0000000E+00   3.130941    
   24.04784    
   100000.0    
  0.0000000E+00  1.5185299E-02  5.8162329E-03  3.1332313E-03  1.9476262E-03
  1.3133232E-03  9.3415007E-04  6.9065852E-04
  0.0000000E+00  1.8630935E-02  7.1485452E-03  3.8621745E-03  2.4079632E-03
  1.6275651E-03  1.1604901E-03  8.5941813E-04
  0.0000000E+00  2.3212863E-02  8.9280242E-03  4.8392038E-03  3.0284838E-03
  2.0535989E-03  1.4683001E-03  1.0900459E-03
  0.0000000E+00  2.9457888E-02  1.1366003E-02  6.1868299E-03  3.8866769E-03
  2.6468607E-03  1.8986218E-03  0.0000000E+00
  0.0000000E+00  3.8192954E-02  1.4796325E-02  8.0980090E-03  5.1148548E-03
  3.5007659E-03  2.5203675E-03  0.0000000E+00
  0.0000000E+00  5.0872896E-02  1.9797856E-02  1.0912711E-02  6.9402754E-03
  4.7779479E-03  3.4548237E-03  0.0000000E+00
  0.0000000E+00  6.9954060E-02  2.7411943E-02  1.5249617E-02  9.7917309E-03
  6.7901989E-03  4.9065850E-03  0.0000000E+00
  0.0000000E+00  0.1003063      3.9663091E-02  2.2349156E-02  1.4526799E-02
  1.0137825E-02  7.0719756E-03
  0.0000000E+00  0.1519142      6.0857579E-02  3.4946401E-02  2.3059724E-02
  1.5748851E-02
  0.0000000E+00  0.2482695      0.1014701      5.9846859E-02  3.9448701E-02
  0.0000000E+00  0.4542113      0.1917917      0.1162940    
  0.0000000E+00   1.000000      0.4434915    
  0.0000000E+00   3.127106    
   24.02450    
   1000000.    
  0.0000000E+00  1.5201712E-02  5.8190706E-03  3.1326406E-03  1.9449877E-03
  1.3095966E-03  9.2970656E-04  6.8612467E-04
  0.0000000E+00  1.8649144E-02  7.1515893E-03  3.8600243E-03  2.4040344E-03
  1.6225550E-03  1.1546455E-03  8.5330073E-04
  0.0000000E+00  2.3233496E-02  8.9333747E-03  4.8380196E-03  3.0232274E-03
  2.0467604E-03  1.4602689E-03  1.0809902E-03
  0.0000000E+00  2.9480439E-02  1.1369193E-02  6.1827628E-03  3.8814179E-03
  2.6369193E-03  1.8869194E-03  0.0000000E+00
  0.0000000E+00  3.8233496E-02  1.4801345E-02  8.0929091E-03  5.1039122E-03
  3.4841076E-03  2.5024451E-03  0.0000000E+00
  0.0000000E+00  5.0886307E-02  1.9801345E-02  1.0901589E-02  6.9223717E-03
  4.7555012E-03  3.4229830E-03  0.0000000E+00
  0.0000000E+00  7.0018336E-02  2.7414426E-02  1.5232273E-02  9.7585572E-03
  6.7451103E-03  4.8471885E-03  0.0000000E+00
  0.0000000E+00  0.1003667      3.9669927E-02  2.2313569E-02  1.4465158E-02
  1.0042788E-02  6.9284844E-03
  0.0000000E+00  0.1520171      6.0849629E-02  3.4841076E-02  2.2903424E-02
  1.5479828E-02
  0.0000000E+00  0.2483802      0.1013753      5.9596580E-02  3.8905870E-02
  0.0000000E+00  0.4544621      0.1914120      0.1151284    
  0.0000000E+00   1.000000      0.4407091    
  0.0000000E+00   3.120416    
   23.98839    
  1.0000000E+07
  0.0000000E+00  1.5254341E-02  5.8330796E-03  3.1312825E-03  1.9406033E-03
  1.3027720E-03  9.2171790E-04  6.7742920E-04
  0.0000000E+00  1.8702406E-02  7.1641789E-03  3.8592750E-03  2.3978068E-03
  1.6134634E-03  1.1440755E-03  8.4191293E-04
  0.0000000E+00  2.3292722E-02  8.9460863E-03  4.8370394E-03  3.0140115E-03
  2.0341154E-03  1.4456291E-03  1.0648797E-03
  0.0000000E+00  2.9546149E-02  1.1382882E-02  6.1772773E-03  3.8684132E-03
  2.6189461E-03  1.8656717E-03  0.0000000E+00
  0.0000000E+00  3.8318612E-02  1.4815718E-02  8.0840699E-03  5.0837649E-03
  3.4572040E-03  2.4696924E-03  0.0000000E+00
  0.0000000E+00  5.0989948E-02  1.9817241E-02  1.0886384E-02  6.8900399E-03
  4.7091078E-03  3.3688701E-03  0.0000000E+00
  0.0000000E+00  7.0118800E-02  2.7429182E-02  1.5202560E-02  9.7014932E-03
  6.6646361E-03  4.7426135E-03  0.0000000E+00
  0.0000000E+00  0.1005483      3.9658852E-02  2.2250989E-02  1.4352726E-02
  9.8751141E-03  6.7133722E-03
  0.0000000E+00  0.1522388      6.0828511E-02  3.4693878E-02  2.2634786E-02
  1.5068536E-02
  0.0000000E+00  0.2487664      0.1012793      5.9183672E-02  3.8074933E-02
  0.0000000E+00  0.4547670      0.1908316      0.1132501    
  0.0000000E+00   1.000000      0.4358818    
  0.0000000E+00   3.106915    
   23.97502    
  1.0000000E+08
  0.0000000E+00  1.5472155E-02  5.8807507E-03  3.1386199E-03  1.9319007E-03
  1.2884382E-03  9.0556900E-04  6.6071429E-04
  0.0000000E+00  1.8889226E-02  7.2064162E-03  3.8619854E-03  2.3846852E-03
  1.5944310E-03  1.1228813E-03  8.1991527E-04
  0.0000000E+00  2.3462471E-02  8.9800246E-03  4.8305085E-03  2.9945520E-03
  2.0081720E-03  1.4167675E-03  1.0354116E-03
  0.0000000E+00  2.9709443E-02  1.1413438E-02  6.1682807E-03  3.8377724E-03
  2.5820218E-03  1.8253631E-03  0.0000000E+00
  0.0000000E+00  3.8468521E-02  1.4839588E-02  8.0599273E-03  5.0423727E-03
  3.4049635E-03  2.4095036E-03  0.0000000E+00
  0.0000000E+00  5.1180389E-02  1.9836562E-02  1.0847458E-02  6.8220338E-03
  4.6246974E-03  3.2717919E-03  0.0000000E+00
  0.0000000E+00  7.0338979E-02  2.7439466E-02  1.5130145E-02  9.5853508E-03
  6.5193702E-03  4.5762709E-03  0.0000000E+00
  0.0000000E+00  0.1008172      3.9648909E-02  2.2112589E-02  1.4131356E-02
  9.5914043E-03  6.3983053E-03
  0.0000000E+00  0.1526332      6.0744550E-02  3.4412835E-02  2.2148909E-02
  1.4443099E-02
  0.0000000E+00  0.2492736      0.1009988      5.8353510E-02  3.6743343E-02
  0.0000000E+00  0.4555085      0.1895884      0.1101695    
  0.0000000E+00   1.000000      0.4279661    
  0.0000000E+00   3.084141    
   24.24940    
  1.0000000E+09
  0.0000000E+00  1.6795447E-02  6.1964663E-03  3.2105420E-03  1.9272238E-03
  1.2590596E-03  8.7002100E-04  6.2593597E-04
  0.0000000E+00  2.0014975E-02  7.4603176E-03  3.9083562E-03  2.3674753E-03
  1.5561546E-03  1.0796646E-03  7.7837677E-04
  0.0000000E+00  2.4402516E-02  9.1793956E-03  4.8547471E-03  2.9625639E-03
  1.9574724E-03  1.3623839E-03  9.8322856E-04
  0.0000000E+00  3.0488171E-02  1.1563343E-02  6.1665173E-03  3.7855646E-03
  2.5133276E-03  1.7529200E-03  0.0000000E+00
  0.0000000E+00  3.9143458E-02  1.4950585E-02  8.0323452E-03  4.9595688E-03
  3.3063793E-03  2.3075771E-03  0.0000000E+00
  0.0000000E+00  5.1752023E-02  1.9913148E-02  1.0775682E-02  6.6966163E-03
  4.4743936E-03  3.1176999E-03  0.0000000E+00
  0.0000000E+00  7.0919439E-02  2.7478287E-02  1.4995508E-02  9.3770595E-03
  6.2773288E-03  4.3246485E-03  0.0000000E+00
  0.0000000E+00  0.1014376      3.9622642E-02  2.1853849E-02  1.3752621E-02
  9.1524413E-03  5.9748432E-03
  0.0000000E+00  0.1533992      6.0616951E-02  3.3842467E-02  2.1362685E-02
  1.3575921E-02
  0.0000000E+00  0.2503444      0.1004492      5.6963164E-02  3.4830790E-02
  0.0000000E+00  0.4570231      0.1873914      0.1056304    
  0.0000000E+00   1.000000      0.4159928    
  0.0000000E+00   3.051812    
   26.52890    
  1.0000000E+10
  0.0000000E+00  2.2151899E-02  7.4801296E-03  3.5207537E-03  1.9667353E-03
  1.2187223E-03  8.1012660E-04  5.6667643E-04
  0.0000000E+00  2.5145715E-02  8.6841332E-03  4.1801590E-03  2.3747424E-03
  1.4898439E-03  9.9911692E-04  7.0297316E-04
  0.0000000E+00  2.9110977E-02  1.0282602E-02  5.0691785E-03  2.9308214E-03
  1.8613482E-03  1.2584632E-03  8.8931411E-04
  0.0000000E+00  3.4648217E-02  1.2490432E-02  6.3055633E-03  3.7062110E-03
  2.3809243E-03  1.6202532E-03  0.0000000E+00
  0.0000000E+00  4.2655285E-02  1.5666764E-02  8.0777155E-03  4.8219017E-03
  3.1262881E-03  2.1351192E-03  0.0000000E+00
  0.0000000E+00  5.4665882E-02  2.0409185E-02  1.0712394E-02  6.4733587E-03
  4.2243153E-03  2.8825433E-03  0.0000000E+00
  0.0000000E+00  7.3299967E-02  2.7765675E-02  1.4786576E-02  9.0197232E-03
  5.8963792E-03  3.9799823E-03  0.0000000E+00
  0.0000000E+00  0.1034442      3.9711509E-02  2.1407124E-02  1.3138062E-02
  8.5251695E-03  5.4371501E-03
  0.0000000E+00  0.1552841      6.0347363E-02  3.2911390E-02  2.0188402E-02
  1.2455108E-02
  0.0000000E+00  0.2523992      9.9440672E-02  5.4754190E-02  3.2293200E-02
  0.0000000E+00  0.4592287      0.1837504      9.9352375E-02
  0.0000000E+00   1.000000      0.3988814    
  0.0000000E+00   3.005593    
   31.20400    
  9.9999998E+10
  0.0000000E+00  2.9682588E-02  9.2708040E-03  4.0549044E-03  2.1335431E-03
  1.2602231E-03  8.0611958E-04  5.4646842E-04
  0.0000000E+00  3.4143556E-02  1.0763512E-02  4.7497856E-03  2.5164427E-03
  1.4952818E-03  9.6110959E-04  6.5370317E-04
  0.0000000E+00  3.9548185E-02  1.2633687E-02  5.6476984E-03  3.0225909E-03
  1.8115528E-03  1.1718617E-03  8.0068636E-04
  0.0000000E+00  4.6182446E-02  1.5030026E-02  6.8372893E-03  3.7146127E-03
  2.2507864E-03  1.4678296E-03  0.0000000E+00
  0.0000000E+00  5.4675438E-02  1.8224193E-02  8.4929941E-03  4.6983133E-03
  2.8853305E-03  1.8979125E-03  0.0000000E+00
  0.0000000E+00  6.6313989E-02  2.2742352E-02  1.0909352E-02  6.1681448E-03
  3.8404346E-03  2.5398915E-03  0.0000000E+00
  0.0000000E+00  8.3786108E-02  2.9596798E-02  1.4646840E-02  8.4586795E-03
  5.3217048E-03  3.5001433E-03  0.0000000E+00
  0.0000000E+00  0.1122677      4.0749215E-02  2.0780670E-02  1.2201888E-02
  7.6579931E-03  4.7812415E-03
  0.0000000E+00  0.1623106      6.0366031E-02  3.1484131E-02  1.8553047E-02
  1.1089506E-02
  0.0000000E+00  0.2579640      9.7883902E-02  5.1587079E-02  2.9167859E-02
  0.0000000E+00  0.4638261      0.1780955      9.1278240E-02
  0.0000000E+00   1.000000      0.3760366    
  0.0000000E+00   2.942522    
   32.88533    
  1.0000000E+12
  0.0000000E+00  3.8870793E-02  1.1938111E-02  5.1357220E-03  2.6598806E-03
  1.5504886E-03  9.8045601E-04  6.5798045E-04
  0.0000000E+00  4.3539632E-02  1.3390337E-02  5.7654725E-03  2.9885992E-03
  1.7440283E-03  1.1028773E-03  7.3968514E-04
  0.0000000E+00  4.9728557E-02  1.5320304E-02  6.6096629E-03  3.4310531E-03
  2.0040716E-03  1.2679154E-03  8.4989145E-04
  0.0000000E+00  5.8089033E-02  1.7964169E-02  7.7768732E-03  4.0499456E-03
  2.3686211E-03  1.4997285E-03  0.0000000E+00
  0.0000000E+00  6.9462545E-02  2.1609664E-02  9.4109662E-03  4.9239956E-03
  2.8908793E-03  1.8319762E-03  0.0000000E+00
  0.0000000E+00  8.4853418E-02  2.6666667E-02  1.1731813E-02  6.1889254E-03
  3.6536371E-03  2.3178612E-03  0.0000000E+00
  0.0000000E+00  0.1059175      3.3876222E-02  1.5157438E-02  8.1026061E-03
  4.8181326E-03  3.0428881E-03  0.0000000E+00
  0.0000000E+00  0.1365092      4.4761129E-02  2.0559175E-02  1.1188925E-02
  6.6748098E-03  4.0418021E-03
  0.0000000E+00  0.1859935      6.2866449E-02  2.9858848E-02  1.6495656E-02
  9.4896853E-03
  0.0000000E+00  0.2779588      9.7014107E-02  4.7421280E-02  2.5447885E-02
  0.0000000E+00  0.4771987      0.1703855      8.1623234E-02
  0.0000000E+00   1.000000      0.3471770    
  0.0000000E+00   2.858306    
   33.03474    
  9.9999998E+12
  0.0000000E+00  5.2368231E-02  1.6035948E-02  6.8763662E-03  3.5535584E-03
  2.0658246E-03  1.3031333E-03  8.7247993E-04
  0.0000000E+00  6.0723826E-02  1.8596064E-02  7.9742530E-03  4.1170754E-03
  2.3927616E-03  1.5081369E-03  1.0082584E-03
  0.0000000E+00  6.9735244E-02  2.1355355E-02  9.1547240E-03  4.7267429E-03
  2.7447171E-03  1.7282002E-03  1.1530240E-03
  0.0000000E+00  7.9281025E-02  2.4279814E-02  1.0408064E-02  5.3704157E-03
  3.1163469E-03  1.9587078E-03  0.0000000E+00
  0.0000000E+00  8.9992709E-02  2.7568616E-02  1.1821715E-02  6.0991012E-03
  3.5341266E-03  2.2149622E-03  0.0000000E+00
  0.0000000E+00  0.1042750      3.1989314E-02  1.3718727E-02  7.0755403E-03
  4.0927860E-03  2.5504008E-03  0.0000000E+00
  0.0000000E+00  0.1262084      3.8790382E-02  1.6672334E-02  8.5984943E-03
  4.9550640E-03  3.0483361E-03  0.0000000E+00
  0.0000000E+00  0.1608939      4.9696382E-02  2.1442799E-02  1.1063882E-02
  6.3177068E-03  3.6871508E-03
  0.0000000E+00  0.2164440      6.7500606E-02  2.9390333E-02  1.5139665E-02
  8.2608694E-03
  0.0000000E+00  0.3123634      9.8834105E-02  4.3599706E-02  2.1763422E-02
  0.0000000E+00  0.5066796      0.1621326      7.0561089E-02
  0.0000000E+00   1.000000      0.3104202    
  0.0000000E+00   2.717998    
   32.37794    
  1.0000000E+14
  0.0000000E+00  5.0904032E-02  1.5581165E-02  6.6779256E-03  3.4492349E-03
  2.0047685E-03  1.2638585E-03  8.4561890E-04
  0.0000000E+00  6.2646531E-02  1.9171469E-02  8.2137883E-03  4.2380290E-03
  2.4617524E-03  1.5503675E-03  1.0357639E-03
  0.0000000E+00  7.7726997E-02  2.3783032E-02  1.0180807E-02  5.2493541E-03
  3.0458972E-03  1.9151600E-03  1.2763758E-03
  0.0000000E+00  9.6801110E-02  2.9604608E-02  1.2664415E-02  6.5229484E-03
  3.7790581E-03  2.3703557E-03  0.0000000E+00
  0.0000000E+00  0.1201073      3.6697794E-02  1.5686469E-02  8.0687460E-03
  4.6632225E-03  2.9147626E-03  0.0000000E+00
  0.0000000E+00  0.1465925      4.4744685E-02  1.9107888E-02  9.8092593E-03
  5.6487182E-03  3.5068546E-03  0.0000000E+00
  0.0000000E+00  0.1739718      5.3069737E-02  2.2630638E-02  1.1575601E-02
  6.6222926E-03  4.0453007E-03  0.0000000E+00
  0.0000000E+00  0.2036559      6.2070336E-02  2.6385853E-02  1.3429366E-02
  7.5660637E-03  4.3572420E-03
  0.0000000E+00  0.2505464      7.6236837E-02  3.2286905E-02  1.6205046E-02
  8.6270608E-03
  0.0000000E+00  0.3421419      0.1039142      4.3592293E-02  2.0762963E-02
  0.0000000E+00  0.5312935      0.1601629      6.4355254E-02
  0.0000000E+00   1.000000      0.2829326    
  0.0000000E+00   2.573018    
   31.11464    
