   100.0000    
  3.5674676E-02  1.2954845E-02  7.0319511E-03  4.7610244E-03  3.6334828E-03
  2.9865329E-03  2.5833114E-03  2.3237390E-03
  4.2883549E-02  1.5672036E-02  8.5846316E-03  5.8727222E-03  4.5339316E-03
  3.7734355E-03  3.3139687E-03  3.0340638E-03
  5.2336939E-02  1.9263268E-02  1.0665434E-02  7.3884344E-03  5.7829414E-03
  4.8930547E-03  4.3807761E-03  4.1061523E-03
  6.4959064E-02  2.4121996E-02  1.3533140E-02  9.5194085E-03  7.5864801E-03
  6.5566413E-03  6.0258778E-03  0.0000000E+00
  8.2307890E-02  3.0895166E-02  1.7618168E-02  1.2637972E-02  1.0308951E-02
  9.1761285E-03  8.7562716E-03  0.0000000E+00
  0.1069184      4.0691841E-02  2.3694217E-02  1.7435964E-02  1.4689728E-02
  1.3636122E-02  1.3791919E-02  0.0000000E+00
  0.1432004      5.5532083E-02  3.3218905E-02  2.5328757E-02  2.2373911E-02
  2.2207553E-02  2.4753103E-02  0.0000000E+00
  0.1995247      7.9350404E-02  4.9300235E-02  3.9609190E-02  3.7760761E-02
  4.2144176E-02  5.4845519E-02
  0.2928439      0.1207024      7.9376809E-02  6.9553733E-02  7.6313704E-02
  0.1050964    
  0.4613150      0.2011619      0.1455506      0.1506997      0.2192236    
  0.8069712      0.3884341      0.3411672      0.5149195    
   1.674941       1.000000       1.447848    
   4.900977       5.619224    
   42.24980    
   1000.000    
  3.5622545E-02  1.2954129E-02  7.0327651E-03  4.7653997E-03  3.6356486E-03
  2.9882044E-03  2.5847969E-03  2.3237222E-03
  4.2857144E-02  1.5672347E-02  8.5871555E-03  5.8768024E-03  4.5373528E-03
  3.7771952E-03  3.3158585E-03  3.0327654E-03
  5.2293580E-02  1.9260813E-02  1.0671035E-02  7.3944954E-03  5.7903016E-03
  4.8990827E-03  4.3826997E-03  4.1022282E-03
  6.4901702E-02  2.4120577E-02  1.3538663E-02  9.5281787E-03  7.5937090E-03
  6.5609436E-03  6.0262126E-03  0.0000000E+00
  8.2254261E-02  3.0904327E-02  1.7627785E-02  1.2647444E-02  1.0319791E-02
  9.1795549E-03  8.7496722E-03  0.0000000E+00
  0.1068152      4.0707733E-02  2.3706421E-02  1.7449541E-02  1.4699869E-02
  1.3638270E-02  1.3761467E-02  0.0000000E+00
  0.1430931      5.5517692E-02  3.3237223E-02  2.5349934E-02  2.2385322E-02
  2.2186108E-02  2.4595020E-02  0.0000000E+00
  0.1993709      7.9344690E-02  4.9331587E-02  3.9633028E-02  3.7771955E-02
  4.1965924E-02  5.3630408E-02
  0.2925295      0.1207077      7.9423323E-02  6.9593713E-02  7.6120570E-02
  0.1031455    
  0.4608126      0.2011795      0.1456356      0.1505636      0.2158847    
  0.8062909      0.3884666      0.3412844      0.5085190    
   1.674181       1.000000       1.434076    
   4.901703       5.580603    
   42.04456    
   10000.00    
  3.5607237E-02  1.2958657E-02  7.0413440E-03  4.7700261E-03  3.6408270E-03
  2.9922482E-03  2.5839794E-03  2.3196384E-03
  4.2816538E-02  1.5677003E-02  8.5968990E-03  5.8837212E-03  4.5426358E-03
  3.7803620E-03  3.3152457E-03  3.0258400E-03
  5.2248064E-02  1.9266151E-02  1.0679587E-02  7.4031008E-03  5.7958658E-03
  4.8992247E-03  4.3772608E-03  4.0878556E-03
  6.4857885E-02  2.4126617E-02  1.3552972E-02  9.5400522E-03  7.6020672E-03
  6.5633077E-03  6.0155038E-03  0.0000000E+00
  8.2170546E-02  3.0904394E-02  1.7643411E-02  1.2664082E-02  1.0328166E-02
  9.1757113E-03  8.7209307E-03  0.0000000E+00
  0.1067183      4.0697675E-02  2.3726100E-02  1.7470285E-02  1.4708010E-02
  1.3620156E-02  1.3671835E-02  0.0000000E+00
  0.1429716      5.5555556E-02  3.3281654E-02  2.5374677E-02  2.2387598E-02
  2.2105943E-02  2.4232559E-02  0.0000000E+00
  0.1991990      7.9354003E-02  4.9379844E-02  3.9664082E-02  3.7726097E-02
  4.1524552E-02  5.1498707E-02
  0.2922481      0.1207494      7.9483204E-02  6.9586568E-02  7.5633071E-02
  9.9638246E-02
  0.4604651      0.2012662      0.1457364      0.1500517      0.2097933    
  0.8059432      0.3886305      0.3408269      0.4968992    
   1.673643       1.000000       1.408527    
   4.899225       5.506460    
   41.65375    
   100000.0    
  3.5582975E-02  1.2979098E-02  7.0586754E-03  4.7821705E-03  3.6489549E-03
  2.9942081E-03  2.5812138E-03  2.3084863E-03
  4.2785194E-02  1.5698817E-02  8.6174766E-03  5.9002768E-03  4.5530093E-03
  3.7824225E-03  3.3089900E-03  3.0067994E-03
  5.2203473E-02  1.9294888E-02  1.0705112E-02  7.4213040E-03  5.8071013E-03
  4.9030469E-03  4.3666586E-03  4.0518763E-03
  6.4819939E-02  2.4160162E-02  1.3583480E-02  9.5618237E-03  7.6152105E-03
  6.5600602E-03  5.9884163E-03  0.0000000E+00
  8.2120374E-02  3.0949382E-02  1.7683204E-02  1.2692017E-02  1.0342482E-02
  9.1639385E-03  8.6552501E-03  0.0000000E+00
  0.1066734      4.0770587E-02  2.3779904E-02  1.7506925E-02  1.4719214E-02
  1.3570889E-02  1.3487786E-02  0.0000000E+00
  0.1428859      5.5628303E-02  3.3341728E-02  2.5434399E-02  2.2374718E-02
  2.1928985E-02  2.3568369E-02  0.0000000E+00
  0.1991186      7.9476200E-02  4.9483757E-02  3.9712917E-02  3.7572399E-02
  4.0720221E-02  4.8426092E-02
  0.2921179      0.1209267      7.9652481E-02  6.9554262E-02  7.4691512E-02
  9.4485015E-02
  0.4605893      0.2015865      0.1459078      0.1490305      0.2006295    
  0.8060941      0.3893226      0.3399647      0.4792244    
   1.674389       1.000000       1.369428    
   4.900528       5.394107    
   41.04759    
   1000000.    
  3.5612810E-02  1.3029136E-02  7.0936675E-03  4.8085721E-03  3.6624128E-03
  2.9954251E-03  2.5716349E-03  2.2807608E-03
  4.2812426E-02  1.5759692E-02  8.6588003E-03  5.9282444E-03  4.5677824E-03
  3.7828076E-03  3.2891885E-03  2.9593066E-03
  5.2251384E-02  1.9364314E-02  1.0756079E-02  7.4572600E-03  5.8247051E-03
  4.8952564E-03  4.3294001E-03  3.9730314E-03
  6.4844690E-02  2.4247533E-02  1.3645558E-02  9.6051041E-03  7.6306285E-03
  6.5422589E-03  5.9186132E-03  0.0000000E+00
  8.2157478E-02  3.1061884E-02  1.7765470E-02  1.2745003E-02  1.0356368E-02
  9.1163013E-03  8.5071027E-03  0.0000000E+00
  0.1067180      4.0910184E-02  2.3886347E-02  1.7572839E-02  1.4717072E-02
  1.3448110E-02  1.3120635E-02  0.0000000E+00
  0.1429810      5.5815071E-02  3.3493862E-02  2.5499638E-02  2.2311581E-02
  2.1553095E-02  2.2453649E-02  0.0000000E+00
  0.1992295      7.9749577E-02  4.9674936E-02  3.9778475E-02  3.7250180E-02
  3.9296895E-02  4.4184927E-02
  0.2923188      0.1213581      7.9942212E-02  6.9419697E-02  7.2935224E-02
  8.7238140E-02
  0.4608716      0.2023116      0.1462076      0.1470744      0.1875271    
  0.8071274      0.3905610      0.3383096      0.4536480    
   1.677342       1.000000       1.312304    
   4.909704       5.229954    
   40.18782    
  1.0000000E+07
  3.5817899E-02  1.3146618E-02  7.1680429E-03  4.8538269E-03  3.6822138E-03
  2.9926356E-03  2.5396117E-03  2.2191475E-03
  4.3026112E-02  1.5896006E-02  8.7435842E-03  5.9785764E-03  4.5860298E-03
  3.7692478E-03  3.2358847E-03  2.8654318E-03
  5.2443653E-02  1.9526891E-02  1.0856952E-02  7.5139478E-03  5.8402140E-03
  4.8672170E-03  4.2423564E-03  3.8161124E-03
  6.5074757E-02  2.4436509E-02  1.3769248E-02  9.6719479E-03  7.6411511E-03
  6.4829281E-03  5.7643382E-03  0.0000000E+00
  8.2414635E-02  3.1309973E-02  1.7917875E-02  1.2823030E-02  1.0348137E-02
  8.9912973E-03  8.2079889E-03  0.0000000E+00
  0.1070520      4.1218478E-02  2.4079446E-02  1.7661236E-02  1.4664137E-02
  1.3166703E-02  1.2463735E-02  0.0000000E+00
  0.1434278      5.6237448E-02  3.3764783E-02  2.5596963E-02  2.2115598E-02
  2.0825708E-02  2.0716358E-02  0.0000000E+00
  0.1999107      8.0361530E-02  5.0033472E-02  3.9790224E-02  3.6554340E-02
  3.6956035E-02  3.8540505E-02
  0.2934613      0.1222718      8.0406159E-02  6.8980135E-02  6.9895111E-02
  7.7326484E-02
  0.4628431      0.2037938      0.1465521      0.1434501      0.1692479    
  0.8107566      0.3929926      0.3347467      0.4170944    
   1.685784       1.000000       1.229859    
   4.927471       4.994421    
   38.96452    
  1.0000000E+08
  3.7074227E-02  1.3447530E-02  7.3518413E-03  4.9596373E-03  3.7271115E-03
  2.9809016E-03  2.4748966E-03  2.1047450E-03
  4.4103172E-02  1.6219730E-02  8.9348294E-03  6.0838745E-03  4.6170508E-03
  3.7290805E-03  3.1285684E-03  2.6895059E-03
  5.3435713E-02  1.9885805E-02  1.1065170E-02  7.6176408E-03  5.8515454E-03
  4.7863750E-03  4.0677302E-03  3.5400668E-03
  6.6036619E-02  2.4867099E-02  1.4006694E-02  9.7775152E-03  7.6235477E-03
  6.3339239E-03  5.4676118E-03  0.0000000E+00
  8.3441623E-02  3.1836975E-02  1.8202402E-02  1.2931679E-02  1.0277613E-02
  8.7103760E-03  7.6727704E-03  0.0000000E+00
  0.1082300      4.1898008E-02  2.4433944E-02  1.7761370E-02  1.4475290E-02
  1.2600906E-02  1.1397913E-02  0.0000000E+00
  0.1449301      5.7137232E-02  3.4199644E-02  2.5634967E-02  2.1638118E-02
  1.9541249E-02  1.8261468E-02  0.0000000E+00
  0.2020083      8.1610553E-02  5.0620198E-02  3.9633784E-02  3.5184089E-02
  3.3451468E-02  3.1817287E-02
  0.2967120      0.1241189      8.1098638E-02  6.7887381E-02  6.5071866E-02
  6.5209687E-02
  0.4680055      0.2067336      0.1467612      0.1372711      0.1462099    
  0.8202402      0.3975192      0.3284111      0.3699547    
   1.706438       1.000000       1.121284    
   4.971451       4.683993    
   37.48769    
  1.0000000E+09
  4.3696802E-02  1.4812912E-02  8.2029877E-03  5.4600933E-03  3.9714151E-03
  3.0383815E-03  2.4040469E-03  1.9463627E-03
  5.0056208E-02  1.7343825E-02  9.6306410E-03  6.4798458E-03  4.7791875E-03
  3.7128634E-03  2.9773568E-03  2.4409827E-03
  5.8647826E-02  2.0908946E-02  1.1665328E-02  7.9299826E-03  5.9290188E-03
  4.6699857E-03  3.7963707E-03  3.1491891E-03
  7.0563674E-02  2.5887266E-02  1.4565602E-02  1.0020876E-02  7.5991647E-03
  6.0767629E-03  5.0088326E-03  0.0000000E+00
  8.7489970E-02  3.2953270E-02  1.8773086E-02  1.3109041E-02  1.0109202E-02
  8.2206521E-03  6.8829292E-03  0.0000000E+00
  0.1121086      4.3231092E-02  2.5052194E-02  1.7857717E-02  1.4059740E-02
  1.1670146E-02  9.9437935E-03  0.0000000E+00
  0.1491087      5.8856595E-02  3.4912478E-02  2.5550026E-02  2.0684117E-02
  1.7632890E-02  1.5293079E-02  0.0000000E+00
  0.2071624      8.3940901E-02  5.1453348E-02  3.9071787E-02  3.2872975E-02
  2.8938495E-02  2.4907660E-02
  0.3038381      0.1274771      8.1885338E-02  6.5697774E-02  5.8374822E-02
  5.2352656E-02
  0.4793641      0.2118195      0.1464108      0.1279910      0.1208126    
  0.8406938      0.4050104      0.3181307      0.3160430    
   1.748836       1.000000      0.9938975    
   5.063434       4.319897    
   36.38992    
  1.0000000E+10
  8.1093602E-02  2.6575532E-02  1.2696941E-02  7.2578774E-03  4.6269693E-03
  3.1707599E-03  2.2891564E-03  1.7168674E-03
  7.7398054E-02  2.6645040E-02  1.3588971E-02  8.1417970E-03  5.3672376E-03
  3.7720108E-03  2.7757180E-03  2.1130675E-03
  8.0375344E-02  2.7826691E-02  1.4944393E-02  9.3582021E-03  6.3809082E-03
  4.6026413E-03  3.4545874E-03  2.6702967E-03
  8.9585267E-02  3.0885076E-02  1.7133920E-02  1.1134151E-02  7.8371167E-03
  5.7970341E-03  4.4381372E-03  0.0000000E+00
  0.1049467      3.6712233E-02  2.0736793E-02  1.3855421E-02  1.0031279E-02
  7.5996290E-03  5.9256256E-03  0.0000000E+00
  0.1280120      4.6455048E-02  2.6598701E-02  1.8199721E-02  1.3507877E-02
  1.0458758E-02  8.2866084E-03  0.0000000E+00
  0.1635774      6.2152456E-02  3.6214083E-02  2.5382297E-02  1.9311862E-02
  1.5268767E-02  1.2210379E-02  0.0000000E+00
  0.2211538      8.7928638E-02  5.2571826E-02  3.7963394E-02  2.9715013E-02
  2.3945782E-02  1.8697867E-02
  0.3196246      0.1328777      8.2588039E-02  6.2152456E-02  5.0347544E-02
  4.0280353E-02
  0.5013902      0.2195320      0.1449258      0.1158017      9.5956899E-02
  0.8775486      0.4158943      0.3029425      0.2610056    
   1.822289       1.000000      0.8592446    
   5.221270       3.935357    
   36.30676    
