   100.0000    
  3.6217842E-02  1.3130638E-02  7.0932172E-03  4.7677914E-03  3.6050784E-03
  2.9274975E-03  2.4961575E-03  2.2064818E-03
  4.3601736E-02  1.5903775E-02  8.6668897E-03  5.8837286E-03  4.4971597E-03
  3.6952889E-03  3.1921149E-03  2.8653522E-03
  5.3291012E-02  1.9565653E-02  1.0775141E-02  7.4039423E-03  5.7300366E-03
  4.7811558E-03  4.2031407E-03  3.8489809E-03
  6.6221178E-02  2.4527229E-02  1.3678582E-02  9.5355827E-03  7.5041759E-03
  6.3815569E-03  5.7400600E-03  0.0000000E+00
  8.3995990E-02  3.1440023E-02  1.7811559E-02  1.2649515E-02  1.0173738E-02
  8.8807214E-03  8.2559306E-03  0.0000000E+00
  0.1092215      4.1430000E-02  2.3949215E-02  1.7423989E-02  1.4437019E-02
  1.3087203E-02  1.2783160E-02  0.0000000E+00
  0.1464417      5.6565315E-02  3.3544935E-02  2.5242230E-02  2.1837620E-02
  2.0982292E-02  2.2221850E-02  0.0000000E+00
  0.2041430      8.0821916E-02  4.9716000E-02  3.9291680E-02  3.6384895E-02
  3.8623452E-02  4.6174407E-02
  0.2996659      0.1228867      7.9819575E-02  6.8292677E-02  7.1466751E-02
  8.9943200E-02
  0.4721015      0.2045105      0.1453391      0.1443368      0.1911794    
  0.8259271      0.3935850      0.3341129      0.4584029    
   1.712663       1.000000       1.318410    
   4.981624       5.248914    
   40.42766    
   1000.000    
  3.6203455E-02  1.3128323E-02  7.0944149E-03  4.7706114E-03  3.6070477E-03
  2.9285238E-03  2.4960106E-03  2.2051195E-03
  4.3583773E-02  1.5900930E-02  8.6702127E-03  5.8876327E-03  4.4980054E-03
  3.6968086E-03  3.1914895E-03  2.8623668E-03
  5.3257976E-02  1.9564494E-02  1.0777925E-02  7.4069146E-03  5.7347072E-03
  4.7805849E-03  4.1988031E-03  3.8430851E-03
  6.6190161E-02  2.4524599E-02  1.3683511E-02  9.5412228E-03  7.5099734E-03
  6.3829790E-03  5.7380321E-03  0.0000000E+00
  8.3942816E-02  3.1439494E-02  1.7815825E-02  1.2656250E-02  1.0179522E-02
  8.8796541E-03  8.2446802E-03  0.0000000E+00
  0.1091423      4.1422870E-02  2.3956116E-02  1.7430186E-02  1.4441488E-02
  1.3078457E-02  1.2752659E-02  0.0000000E+00
  0.1463098      5.6549199E-02  3.3577126E-02  2.5252659E-02  2.1838430E-02
  2.0954121E-02  2.2091089E-02  0.0000000E+00
  0.2040226      8.0817819E-02  4.9734037E-02  3.9295211E-02  3.6369681E-02
  3.8464092E-02  4.5345742E-02
  0.2994681      0.1228723      7.9820476E-02  6.8284571E-02  7.1276590E-02
  8.8597074E-02
  0.4720744      0.2045213      0.1453790      0.1441822      0.1888298    
  0.8254654      0.3936170      0.3341090      0.4537899    
   1.711769       1.000000       1.308511    
   4.980053       5.219415    
   40.29255    
   10000.00    
  3.6198948E-02  1.3138998E-02  7.1047428E-03  4.7793151E-03  3.6100131E-03
  2.9301713E-03  2.4950593E-03  2.2005930E-03
  4.3577075E-02  1.5915679E-02  8.6791832E-03  5.8959154E-03  4.5026350E-03
  3.6956524E-03  3.1890643E-03  2.8547430E-03
  5.3227931E-02  1.9578392E-02  1.0790514E-02  7.4143610E-03  5.7378127E-03
  4.7826087E-03  4.1963109E-03  3.8306983E-03
  6.6172592E-02  2.4542162E-02  1.3698947E-02  9.5520420E-03  7.5164693E-03
  6.3833990E-03  5.7246378E-03  0.0000000E+00
  8.3926223E-02  3.1459156E-02  1.7835969E-02  1.2667984E-02  1.0184454E-02
  8.8735176E-03  8.2180500E-03  0.0000000E+00
  0.1091238      4.1469038E-02  2.3982214E-02  1.7450593E-02  1.4446640E-02
  1.3059947E-02  1.2677865E-02  0.0000000E+00
  0.1463109      5.6587618E-02  3.3596836E-02  2.5276681E-02  2.1834651E-02
  2.0882741E-02  2.1814888E-02  0.0000000E+00
  0.2039855      8.0862977E-02  4.9802374E-02  3.9328065E-02  3.6330700E-02
  3.8142294E-02  4.3873519E-02
  0.2994401      0.1229578      7.9907775E-02  6.8280630E-02  7.0915684E-02
  8.6198948E-02
  0.4720027      0.2046772      0.1454875      0.1437747      0.1845850    
  0.8257576      0.3939394      0.3336627      0.4456522    
   1.712121       1.000000       1.290514    
   4.980237       5.171278    
   40.01976    
   100000.0    
  3.6192942E-02  1.3159598E-02  7.1188086E-03  4.7879573E-03  3.6160569E-03
  2.9310456E-03  2.4901261E-03  2.1890579E-03
  4.3573972E-02  1.5940433E-02  8.6986078E-03  5.9080604E-03  4.5095496E-03
  3.6969893E-03  3.1809646E-03  2.8361930E-03
  5.3221107E-02  1.9608287E-02  1.0812560E-02  7.4295891E-03  5.7461960E-03
  4.7782450E-03  4.1793459E-03  3.7973453E-03
  6.6170283E-02  2.4577532E-02  1.3722887E-02  9.5694400E-03  7.5234701E-03
  6.3742311E-03  5.6976364E-03  0.0000000E+00
  8.3910652E-02  3.1505343E-02  1.7869860E-02  1.2690191E-02  1.0191000E-02
  8.8572353E-03  8.1579797E-03  0.0000000E+00
  0.1090968      4.1534476E-02  2.4027193E-02  1.7478148E-02  1.4444804E-02
  1.3007445E-02  1.2518615E-02  0.0000000E+00
  0.1462933      5.6685008E-02  3.3667851E-02  2.5305925E-02  2.1809647E-02
  2.0725153E-02  2.1304628E-02  0.0000000E+00
  0.2039819      8.0964714E-02  4.9886692E-02  3.9333116E-02  3.6192942E-02
  3.7487861E-02  4.1696340E-02
  0.2994497      0.1231466      8.0025896E-02  6.8209775E-02  7.0119776E-02
  8.2486242E-02
  0.4719974      0.2049854      0.1455811      0.1428941      0.1779540    
  0.8258336      0.3943023      0.3331175      0.4328261    
   1.713176       1.000000       1.261897    
   4.982195       5.089025    
   39.55973    
   1000000.    
  3.6212310E-02  1.3212940E-02  7.1513825E-03  4.8084175E-03  3.6243720E-03
  2.9299625E-03  2.4773870E-03  2.1630025E-03
  4.3624371E-02  1.5998743E-02  8.7342970E-03  5.9296484E-03  4.5194728E-03
  3.6934675E-03  3.1595479E-03  2.7949121E-03
  5.3266332E-02  1.9676508E-02  1.0857413E-02  7.4560302E-03  5.7569095E-03
  4.7707288E-03  4.1457289E-03  3.7280151E-03
  6.6206031E-02  2.4660805E-02  1.3781408E-02  9.6011311E-03  7.5314078E-03
  6.3536437E-03  5.6312815E-03  0.0000000E+00
  8.3982415E-02  3.1595480E-02  1.7939698E-02  1.2729272E-02  1.0194723E-02
  8.8065332E-03  8.0276383E-03  0.0000000E+00
  0.1092023      4.1645728E-02  2.4117464E-02  1.7521985E-02  1.4431533E-02
  1.2892588E-02  1.2214196E-02  0.0000000E+00
  0.1464196      5.6846738E-02  3.3793971E-02  2.5358042E-02  2.1733670E-02
  2.0398870E-02  2.0430276E-02  0.0000000E+00
  0.2041772      8.1250004E-02  5.0031409E-02  3.9384425E-02  3.5898242E-02
  3.6337938E-02  3.8567841E-02
  0.2997802      0.1235553      8.0276385E-02  6.8059050E-02  6.8687186E-02
  7.7104270E-02
  0.4726759      0.2056219      0.1457915      0.1412060      0.1681533    
  0.8272613      0.3954146      0.3313442      0.4133166    
   1.716395       1.000000       1.218593    
   4.990578       4.962312    
   38.91332    
  1.0000000E+07
  3.6415152E-02  1.3322398E-02  7.2174175E-03  4.8434241E-03  3.6385327E-03
  2.9206681E-03  2.4458694E-03  2.1073667E-03
  4.3811515E-02  1.6125858E-02  8.8100210E-03  5.9707728E-03  4.5302715E-03
  3.6743216E-03  3.1106474E-03  2.7101105E-03
  5.3474505E-02  1.9827021E-02  1.0945422E-02  7.5037284E-03  5.7620043E-03
  4.7360575E-03  4.0650163E-03  3.5908145E-03
  6.6447958E-02  2.4840442E-02  1.3886072E-02  9.6540414E-03  7.5305700E-03
  6.2898896E-03  5.4935883E-03  0.0000000E+00
  8.4252909E-02  3.1822249E-02  1.8073367E-02  1.2788548E-02  1.0172979E-02
  8.6877430E-03  7.7661802E-03  0.0000000E+00
  0.1095437      4.1962422E-02  2.4285715E-02  1.7587235E-02  1.4363258E-02
  1.2633463E-02  1.1661200E-02  0.0000000E+00
  0.1468834      5.7262156E-02  3.3999406E-02  2.5410080E-02  2.1538923E-02
  1.9767372E-02  1.9036684E-02  0.0000000E+00
  0.2048315      8.1777513E-02  5.0342977E-02  3.9337907E-02  3.5252012E-02
  3.4446765E-02  3.4267820E-02
  0.3009245      0.1243662      8.0614381E-02  6.7611098E-02  6.6149719E-02
  6.9519840E-02
  0.4745005      0.2069490      0.1459887      0.1381151      0.1540412    
  0.8308977      0.3975544      0.3283627      0.3850284    
   1.724426       1.000000       1.153892    
   5.007456       4.777811    
   37.96600    
  1.0000000E+08
  3.7623223E-02  1.3603505E-02  7.3795179E-03  4.9342830E-03  3.6719607E-03
  2.9052575E-03  2.3844470E-03  2.0060241E-03
  4.4852134E-02  1.6426615E-02  8.9813806E-03  6.0569555E-03  4.5481930E-03
  3.6336256E-03  3.0120483E-03  2.5575028E-03
  5.4435927E-02  2.0169770E-02  1.1130887E-02  7.5876233E-03  5.7639652E-03
  4.6577221E-03  3.9074481E-03  3.3543266E-03
  6.7360349E-02  2.5243703E-02  1.4096387E-02  9.7398683E-03  7.5027389E-03
  6.1500547E-03  5.2327490E-03  0.0000000E+00
  8.5213587E-02  3.2338448E-02  1.8324208E-02  1.2872399E-02  1.0095838E-02
  8.4309969E-03  7.3055862E-03  0.0000000E+00
  0.1106517      4.2579409E-02  2.4594745E-02  1.7658817E-02  1.4178533E-02
  1.2133079E-02  1.0761227E-02  0.0000000E+00
  0.1483023      5.8077767E-02  3.4392115E-02  2.5427163E-02  2.1089815E-02
  1.8663745E-02  1.7023550E-02  0.0000000E+00
  0.2068182      8.2940854E-02  5.0821472E-02  3.9156627E-02  3.4036145E-02
  3.1516977E-02  2.8997811E-02
  0.3039431      0.1260405      8.1188396E-02  6.6593647E-02  6.2075578E-02
  5.9912380E-02
  0.4794633      0.2095564      0.1461117      0.1328039      0.1356243    
  0.8398138      0.4016977      0.3228368      0.3469332    
   1.743702       1.000000       1.065991    
   5.049288       4.526287    
   36.80175    
  1.0000000E+09
  4.4116247E-02  1.4854693E-02  8.1300624E-03  5.3596948E-03  3.8661268E-03
  2.9371132E-03  2.3091950E-03  1.8577895E-03
  5.0643165E-02  1.7465459E-02  9.5950449E-03  6.3935211E-03  4.6736542E-03
  3.6017152E-03  2.8656502E-03  2.3311102E-03
  5.9456885E-02  2.1110054E-02  1.1665079E-02  7.8513585E-03  5.8146734E-03
  4.5402572E-03  3.6565030E-03  3.0061933E-03
  7.1700811E-02  2.6179133E-02  1.4595045E-02  9.9404482E-03  7.4630775E-03
  5.9075751E-03  4.8213433E-03  0.0000000E+00
  8.9066222E-02  3.3373035E-02  1.8825632E-02  1.3013340E-02  9.9261552E-03
  7.9823723E-03  6.6055264E-03  0.0000000E+00
  0.1143163      4.3806575E-02  2.5131015E-02  1.7713197E-02  1.3785136E-02
  1.1298238E-02  9.4997622E-03  0.0000000E+00
  0.1522153      5.9647456E-02  3.5016675E-02  2.5321582E-02  2.0223917E-02
  1.6979514E-02  1.4490234E-02  0.0000000E+00
  0.2116008      8.5088141E-02  5.1548354E-02  3.8589805E-02  3.1967606E-02
  2.7632207E-02  2.3275370E-02
  0.3106241      0.1291091      8.1848502E-02  6.4578369E-02  5.6217246E-02
  4.9166270E-02
  0.4899952      0.2141734      0.1456884      0.1245831      0.1142687    
  0.8587422      0.4082897      0.3134826      0.3015722    
   1.782754       1.000000      0.9575989    
   5.133397       4.216293    
   35.92187    
  1.0000000E+10
  8.0354087E-02  2.5490198E-02  1.2120694E-02  6.9312779E-03  4.4184276E-03
  3.0287455E-03  2.1854180E-03  1.6367791E-03
  7.7650867E-02  2.5928043E-02  1.3114411E-02  7.8393295E-03  5.1627643E-03
  3.6245957E-03  2.6632403E-03  2.0236056E-03
  8.1210740E-02  2.7450982E-02  1.4580240E-02  9.0862373E-03  6.1774226E-03
  4.4431756E-03  3.3276225E-03  2.5642491E-03
  9.0729110E-02  3.0820485E-02  1.6887493E-02  1.0894728E-02  7.6299259E-03
  5.6215497E-03  4.2851707E-03  0.0000000E+00
  0.1063583      3.6893204E-02  2.0578718E-02  1.3645537E-02  9.8096328E-03
  7.3881596E-03  5.7281558E-03  0.0000000E+00
  0.1299067      4.6849422E-02  2.6518179E-02  1.7982107E-02  1.3236247E-02
  1.0175139E-02  8.0011422E-03  0.0000000E+00
  0.1662098      6.2764138E-02  3.6188845E-02  2.5109462E-02  1.8924426E-02
  1.4829622E-02  1.1751381E-02  0.0000000E+00
  0.2250143      8.8825434E-02  5.2541405E-02  3.7521418E-02  2.9050067E-02
  2.3148678E-02  1.7850753E-02
  0.3255283      0.1341519      8.2429096E-02  6.1260235E-02  4.8981536E-02
  3.8606513E-02
  0.5105655      0.2213973      0.1441843      0.1134780      9.2366271E-02
  0.8933943      0.4184276      0.2996383      0.2526176    
   1.852275       1.000000      0.8378071    
   5.282696       3.873977    
   36.07463    
