   100.0000    
  3.8069218E-02  1.3679417E-02  7.2495453E-03  4.7352761E-03  3.4523376E-03
  2.6867031E-03  2.1827566E-03  1.8293868E-03
  4.6047360E-02  1.6630238E-02  8.8767456E-03  5.8457805E-03  4.2975107E-03
  3.3734064E-03  2.7656348E-03  2.3412264E-03
  5.6514878E-02  2.0534307E-02  1.1056467E-02  7.3527629E-03  5.4602306E-03
  4.3321191E-03  3.5938069E-03  3.0807531E-03
  7.0552520E-02  2.5816638E-02  1.4055860E-02  9.4596241E-03  7.1159685E-03
  5.7225265E-03  4.8208865E-03  0.0000000E+00
  8.9860350E-02  3.3193689E-02  1.8312084E-02  1.2507590E-02  9.5628416E-03
  7.8384941E-03  6.7455987E-03  0.0000000E+00
  0.1172435      4.3849427E-02  2.4602307E-02  1.7140256E-02  1.3400122E-02
  1.1262902E-02  9.9878572E-03  0.0000000E+00
  0.1577414      5.9945356E-02  3.4395870E-02  2.4602307E-02  1.9848209E-02
  1.7328477E-02  1.6083790E-02  0.0000000E+00
  0.2205222      8.5670918E-02  5.0698243E-02  3.7680633E-02  3.1876139E-02
  2.9556770E-02  2.8901033E-02
  0.3244080      0.1300547      8.0510013E-02  6.3509412E-02  5.8160294E-02
  5.8840316E-02
  0.5118397      0.2154827      0.1434123      0.1255616      0.1315726    
  0.8949605      0.4092896      0.3117790      0.3341834    
   1.846387       1.000000       1.026715    
   5.256224       4.416515    
   36.56345    
   1000.000    
  3.8077623E-02  1.3687083E-02  7.2528804E-03  4.7386293E-03  3.4542149E-03
  2.6876896E-03  2.1825349E-03  1.8283809E-03
  4.6064280E-02  1.6640387E-02  8.8841720E-03  5.8502122E-03  4.3001822E-03
  3.3741663E-03  2.7653123E-03  2.3389934E-03
  5.6531232E-02  2.0545784E-02  1.1061249E-02  7.3559731E-03  5.4627047E-03
  4.3329289E-03  3.5930867E-03  3.0776227E-03
  7.0527591E-02  2.5833838E-02  1.4063069E-02  9.4663436E-03  7.1194661E-03
  5.7234685E-03  4.8186779E-03  0.0000000E+00
  8.9872651E-02  3.3214070E-02  1.8326258E-02  1.2516676E-02  9.5694363E-03
  7.8350520E-03  6.7374171E-03  0.0000000E+00
  0.1172832      4.3875076E-02  2.4620982E-02  1.7149787E-02  1.3402062E-02
  1.1261371E-02  9.9757425E-03  0.0000000E+00
  0.1577926      5.9981808E-02  3.4420863E-02  2.4620982E-02  1.9848393E-02
  1.7319588E-02  1.6027896E-02  0.0000000E+00
  0.2206185      8.5748941E-02  5.0733779E-02  3.7695572E-02  3.1867798E-02
  2.9490601E-02  2.8617343E-02
  0.3245603      0.1301395      8.0594294E-02  6.3553669E-02  5.8083683E-02
  5.8374774E-02
  0.5120679      0.2155852      0.1434809      0.1255306      0.1307459    
  0.8950880      0.4095209      0.3117647      0.3326258    
   1.847180       1.000000       1.023651    
   5.258945       4.407520    
   36.52517    
   10000.00    
  3.8072508E-02  1.3691843E-02  7.2567975E-03  4.7395770E-03  3.4537762E-03
  2.6851965E-03  2.1788520E-03  1.8229607E-03
  4.6054382E-02  1.6646527E-02  8.8821752E-03  5.8513596E-03  4.2990935E-03
  3.3709968E-03  2.7601209E-03  2.3317221E-03
  5.6513593E-02  2.0549849E-02  1.1069487E-02  7.3595163E-03  5.4610274E-03
  4.3287007E-03  3.5848944E-03  3.0658611E-03
  7.0513599E-02  2.5842899E-02  1.4066464E-02  9.4622355E-03  7.1117822E-03
  5.7160123E-03  4.8054378E-03  0.0000000E+00
  8.9848943E-02  3.3226587E-02  1.8326284E-02  1.2519637E-02  9.5649548E-03
  7.8247730E-03  6.7129913E-03  0.0000000E+00
  0.1172810      4.3891240E-02  2.4628399E-02  1.7148037E-02  1.3389728E-02
  1.1238670E-02  9.9214502E-03  0.0000000E+00
  0.1577644      5.9993960E-02  3.4422960E-02  2.4616314E-02  1.9824773E-02
  1.7256796E-02  1.5885197E-02  0.0000000E+00
  0.2205438      8.5740179E-02  5.0737157E-02  3.7679758E-02  3.1800602E-02
  2.9299095E-02  2.8036255E-02
  0.3244713      0.1302115      8.0604233E-02  6.3444108E-02  5.7836860E-02
  5.7383686E-02
  0.5119637      0.2156495      0.1434441      0.1251964      0.1289426    
  0.8948640      0.4095468      0.3114199      0.3290634    
   1.847130       1.000000       1.015710    
   5.258610       4.383686    
   36.39275    
   100000.0    
  3.8096096E-02  1.3717717E-02  7.2672674E-03  4.7453456E-03  3.4552552E-03
  2.6828828E-03  2.1735735E-03  1.8138138E-03
  4.6078075E-02  1.6672673E-02  8.9009013E-03  5.8576576E-03  4.2996998E-03
  3.3675677E-03  2.7519520E-03  2.3177178E-03
  5.6546547E-02  2.0582583E-02  1.1081081E-02  7.3633632E-03  5.4612616E-03
  4.3219221E-03  3.5717718E-03  3.0438439E-03
  7.0570573E-02  2.5879880E-02  1.4090090E-02  9.4714714E-03  7.1111107E-03
  5.7051047E-03  4.7831833E-03  0.0000000E+00
  8.9909911E-02  3.3273276E-02  1.8354354E-02  1.2528529E-02  9.5555559E-03
  7.8018019E-03  6.6726729E-03  0.0000000E+00
  0.1172973      4.3945946E-02  2.4654653E-02  1.7159158E-02  1.3381382E-02
  1.1195196E-02  9.8318318E-03  0.0000000E+00
  0.1578378      6.0060062E-02  3.4468468E-02  2.4618620E-02  1.9789791E-02
  1.7153153E-02  1.5645646E-02  0.0000000E+00
  0.2207207      8.5885890E-02  5.0792791E-02  3.7669670E-02  3.1693693E-02
  2.8972974E-02  2.7165165E-02
  0.3246847      0.1303303      8.0660664E-02  6.3363366E-02  5.7405405E-02
  5.5873875E-02
  0.5123724      0.2158559      0.1434835      0.1246246      0.1261862    
  0.8954955      0.4099700      0.3108709      0.3236036    
   1.848649       1.000000       1.003003    
   5.262462       4.348348    
   36.21021    
   1000000.    
  3.8158048E-02  1.3761140E-02  7.2905524E-03  4.7557931E-03  3.4569220E-03
  2.6773619E-03  2.1616160E-03  1.7956030E-03
  4.6149731E-02  1.6726084E-02  8.9245392E-03  5.8692810E-03  4.3006535E-03
  3.3588829E-03  2.7338087E-03  2.2905525E-03
  5.6631014E-02  2.0647654E-02  1.1117052E-02  7.3796790E-03  5.4604872E-03
  4.3083779E-03  3.5442661E-03  3.0011882E-03
  7.0707068E-02  2.5959596E-02  1.4123589E-02  9.4890073E-03  7.1063577E-03
  5.6815208E-03  4.7373734E-03  0.0000000E+00
  9.0017818E-02  3.3368986E-02  1.8401664E-02  1.2543078E-02  9.5484247E-03
  7.7599520E-03  6.5894234E-03  0.0000000E+00
  0.1174688      4.4070113E-02  2.4717765E-02  1.7171716E-02  1.3351159E-02
  1.1105170E-02  9.6613187E-03  0.0000000E+00
  0.1580511      6.0249552E-02  3.4545455E-02  2.4628637E-02  1.9720737E-02
  1.6951872E-02  1.5216875E-02  0.0000000E+00
  0.2210339      8.6096257E-02  5.0891262E-02  3.7647057E-02  3.1485442E-02
  2.8383838E-02  2.5864527E-02
  0.3251931      0.1306595      8.0748662E-02  6.3220434E-02  5.6607246E-02
  5.3571004E-02
  0.5131907      0.2163993      0.1435532      0.1236482      0.1218657    
  0.8972074      0.4107546      0.3098633      0.3148544    
   1.852644       1.000000      0.9833630    
   5.270351       4.291741    
   35.92989    
  1.0000000E+07
  3.8349856E-02  1.3854227E-02  7.3352773E-03  4.7749272E-03  3.4577260E-03
  2.6641400E-03  2.1352770E-03  1.7580175E-03
  4.6344023E-02  1.6833819E-02  8.9737605E-03  5.8892127E-03  4.2985422E-03
  3.3376091E-03  2.6962098E-03  2.2361516E-03
  5.6839649E-02  2.0769680E-02  1.1172011E-02  7.3994170E-03  5.4536443E-03
  4.2752186E-03  3.4862973E-03  2.9183673E-03
  7.0903786E-02  2.6110787E-02  1.4198251E-02  9.5102042E-03  7.0903790E-03
  5.6279884E-03  4.6448978E-03  0.0000000E+00
  9.0320699E-02  3.3551019E-02  1.8483965E-02  1.2565597E-02  9.5102042E-03
  7.6676384E-03  6.4256559E-03  0.0000000E+00
  0.1178426      4.4309039E-02  2.4822157E-02  1.7189505E-02  1.3276968E-02
  1.0932945E-02  9.3527697E-03  0.0000000E+00
  0.1585423      6.0524780E-02  3.4676384E-02  2.4623906E-02  1.9551020E-02
  1.6565597E-02  1.4507289E-02  0.0000000E+00
  0.2217493      8.6530611E-02  5.1055394E-02  3.7568513E-02  3.1049563E-02
  2.7358599E-02  2.3953352E-02
  0.3262974      0.1313120      8.0932945E-02  6.2857144E-02  5.5172011E-02
  5.0122451E-02
  0.5149854      0.2173761      0.1435568      0.1217493      0.1152770    
  0.9008746      0.4122449      0.3078134      0.3012828    
   1.859475       1.000000      0.9516035    
   5.286298       4.201749    
   35.48688    
  1.0000000E+08
  3.9361581E-02  1.4067796E-02  7.4406778E-03  4.8237289E-03  3.4644068E-03
  2.6389831E-03  2.0853106E-03  1.6892655E-03
  4.7214687E-02  1.7062146E-02  9.0903956E-03  5.9322035E-03  4.2943503E-03
  3.2954803E-03  2.6225990E-03  2.1372880E-03
  5.7627115E-02  2.1033898E-02  1.1293785E-02  7.4406778E-03  5.4338984E-03
  4.2067794E-03  3.3757063E-03  2.7711864E-03
  7.1694911E-02  2.6418077E-02  1.4333333E-02  9.5480224E-03  7.0508476E-03
  5.5169486E-03  4.4717514E-03  0.0000000E+00
  9.1073446E-02  3.3926554E-02  1.8644068E-02  1.2593220E-02  9.4293775E-03
  7.4802260E-03  6.1412430E-03  0.0000000E+00
  0.1187571      4.4779662E-02  2.5016949E-02  1.7197739E-02  1.3112994E-02
  1.0593221E-02  8.8192094E-03  0.0000000E+00
  0.1597175      6.1186440E-02  3.4909602E-02  2.4570622E-02  1.9209038E-02
  1.5875706E-02  1.3418079E-02  0.0000000E+00
  0.2233333      8.7344632E-02  5.1333331E-02  3.7344631E-02  3.0220339E-02
  2.5711864E-02  2.1384180E-02
  0.3287006      0.1325424      8.1186444E-02  6.2033899E-02  5.2740112E-02
  4.5338981E-02
  0.5189265      0.2192090      0.1433898      0.1183616      0.1058757    
  0.9079096      0.4149153      0.3040113      0.2813559    
   1.874576       1.000000      0.9045198    
   5.319209       4.067232    
   34.90395    
  1.0000000E+09
  4.5287170E-02  1.4991948E-02  7.9280725E-03  5.0644125E-03  3.5480408E-03
  2.6237252E-03  2.0096616E-03  1.5775630E-03
  5.2388620E-02  1.7847557E-02  9.4954381E-03  6.1191623E-03  4.3349434E-03
  3.2388619E-03  2.5029522E-03  1.9796027E-03
  6.2050454E-02  2.1755233E-02  1.1653247E-02  7.5845406E-03  5.4267310E-03
  4.0944712E-03  3.1926997E-03  2.5421362E-03
  7.5415991E-02  2.7144389E-02  1.4669887E-02  9.6457331E-03  6.9779921E-03
  5.3225979E-03  4.1878689E-03  0.0000000E+00
  9.4310254E-02  3.4728933E-02  1.8980140E-02  1.2640902E-02  9.2646275E-03
  7.1497583E-03  5.6790123E-03  0.0000000E+00
  0.1217391      4.5732688E-02  2.5373055E-02  1.7176596E-02  1.2791197E-02
  1.0016102E-02  8.0300588E-03  0.0000000E+00
  0.1628556      6.2372517E-02  3.5303272E-02  2.4412239E-02  1.8561460E-02
  1.4782608E-02  1.1926999E-02  0.0000000E+00
  0.2271068      8.8996239E-02  5.1755231E-02  3.6849167E-02  2.8797638E-02
  2.3344068E-02  1.8293073E-02
  0.3339775      0.1348363      8.1535153E-02  6.0547505E-02  4.9033813E-02
  3.9404187E-02
  0.5273215      0.2225980      0.1428341      0.1129361      9.3773484E-02
  0.9227053      0.4196994      0.2974235      0.2549651    
   1.905529       1.000000      0.8405797    
   5.383790       3.884595    
   34.55180    
  1.0000000E+10
  7.5827979E-02  2.2535838E-02  1.0598122E-02  6.0355910E-03  3.8324271E-03
  2.6124567E-03  1.8724668E-03  1.3924865E-03
  7.6668315E-02  2.3910034E-02  1.1838853E-02  6.9995057E-03  4.5669796E-03
  3.1764705E-03  2.3104299E-03  1.7370242E-03
  8.2451805E-02  2.6376668E-02  1.3593674E-02  8.3143841E-03  5.5659912E-03
  3.9485912E-03  2.9144837E-03  2.2135442E-03
  9.3475036E-02  3.0598121E-02  1.6193772E-02  1.0182897E-02  6.9846762E-03
  5.0469600E-03  3.7745922E-03  0.0000000E+00
  0.1104301      3.7424620E-02  2.0158181E-02  1.2960949E-02  9.0756305E-03
  6.6683143E-03  5.0469600E-03  0.0000000E+00
  0.1358379      4.8101831E-02  2.6302522E-02  1.7241722E-02  1.2298567E-02
  9.1744931E-03  7.0044487E-03  0.0000000E+00
  0.1750371      6.4854175E-02  3.6075138E-02  2.4132475E-02  1.7538311E-02
  1.3262481E-02  1.0133466E-02  0.0000000E+00
  0.2384083      9.1942668E-02  5.2397430E-02  3.5912015E-02  2.6658427E-02
  2.0341078E-02  1.4967870E-02
  0.3462679      0.1387543      8.1759758E-02  5.7933763E-02  4.4033617E-02
  3.2802768E-02
  0.5442412      0.2281760      0.1414236      0.1049432      7.9881370E-02
  0.9510627      0.4272862      0.2869995      0.2232822    
   1.961938       1.000000      0.7617400    
   5.506673       3.658428    
   35.29412    
