   100.0000    
  4.0913682E-02  1.4401168E-02  7.3442589E-03  4.5740264E-03  3.1608485E-03
  2.3257381E-03  1.7847122E-03  1.4120553E-03
  4.9747448E-02  1.7577730E-02  9.0144798E-03  5.6470982E-03  3.9241216E-03
  2.9026826E-03  2.2404310E-03  1.7824672E-03
  6.1364915E-02  2.1786956E-02  1.1247054E-02  7.0961947E-03  4.9657649E-03
  3.6985071E-03  2.8734987E-03  2.3032888E-03
  7.7000782E-02  2.7500281E-02  1.4322595E-02  9.1087660E-03  6.4283311E-03
  4.8299474E-03  3.7871816E-03  0.0000000E+00
  9.8596923E-02  3.5469752E-02  1.8655293E-02  1.1999102E-02  8.5632503E-03
  6.5080253E-03  5.1633175E-03  0.0000000E+00
  0.1293074      4.6997417E-02  2.5042092E-02  1.6331799E-02  1.1830733E-02
  9.1278479E-03  7.3577277E-03  0.0000000E+00
  0.1748793      6.4373106E-02  3.4897294E-02  2.3190033E-02  1.7128747E-02
  1.3514424E-02  1.1122460E-02  0.0000000E+00
  0.2455944      9.2064202E-02  5.1083174E-02  3.4852397E-02  2.6512515E-02
  2.1573691E-02  1.7880794E-02
  0.3626670      0.1395218      8.0065101E-02  5.6830171E-02  4.5246378E-02
  3.7927940E-02
  0.5733528      0.2295431      0.1388483      0.1051970      8.9157037E-02
   1.001684      0.4286676      0.2843192      0.2407678    
   2.052980       1.000000      0.7970592    
   5.685262       3.762487    
   33.99933    
   1000.000    
  4.0913168E-02  1.4393089E-02  7.3446264E-03  4.5748260E-03  3.1601975E-03
  2.3244335E-03  1.7837110E-03  1.4112632E-03
  4.9741980E-02  1.7579090E-02  9.0161543E-03  5.6472961E-03  3.9241645E-03
  2.9021765E-03  2.2380524E-03  1.7814673E-03
  6.1364148E-02  2.1785954E-02  1.1251963E-02  7.0967018E-03  4.9641011E-03
  3.6964326E-03  2.8718871E-03  2.3008750E-03
  7.7002473E-02  2.7496072E-02  1.4314561E-02  9.1092661E-03  6.4269686E-03
  4.8283599E-03  3.7839354E-03  0.0000000E+00
  9.8586485E-02  3.5472292E-02  1.8667264E-02  1.2003589E-02  8.5618123E-03
  6.5043750E-03  5.1581780E-03  0.0000000E+00
  0.1293471      4.7004711E-02  2.5050482E-02  1.6333856E-02  1.1824097E-02
  9.1216061E-03  7.3479917E-03  0.0000000E+00
  0.1748934      6.4381875E-02  3.4900155E-02  2.3188243E-02  1.7130356E-02
  1.3495624E-02  1.1096029E-02  0.0000000E+00
  0.2456809      9.2079870E-02  5.1088177E-02  3.4844063E-02  2.6497643E-02
  2.1539152E-02  1.7769800E-02
  0.3626879      0.1395558      8.0065064E-02  5.6809511E-02  4.5198567E-02
  3.7749607E-02
  0.5733677      0.2295266      0.1387705      0.1051268      8.8837780E-02
   1.001683      0.4286515      0.2841597      0.2401840    
   2.052950       1.000000      0.7956024    
   5.685439       3.758133    
   33.98026    
   10000.00    
  4.0916733E-02  1.4412193E-02  7.3484252E-03  4.5758155E-03  3.1603721E-03
  2.3232098E-03  1.7807912E-03  1.4087191E-03
  4.9747843E-02  1.7583773E-02  9.0205083E-03  5.6483243E-03  3.9235684E-03
  2.9003697E-03  2.2357951E-03  1.7774291E-03
  6.1380703E-02  2.1797603E-02  1.1251821E-02  7.0973886E-03  4.9635773E-03
  3.6938249E-03  2.8678696E-03  2.2951921E-03
  7.7025667E-02  2.7513169E-02  1.4322537E-02  9.1101648E-03  6.4260899E-03
  4.8234896E-03  3.7767566E-03  0.0000000E+00
  9.8621540E-02  3.5492547E-02  1.8670851E-02  1.2002689E-02  8.5576596E-03
  6.4966939E-03  5.1462511E-03  0.0000000E+00
  0.1293287      4.7024544E-02  2.5058836E-02  1.6328588E-02  1.1812171E-02
  9.1079231E-03  7.3237703E-03  0.0000000E+00
  0.1749412      6.4417794E-02  3.4909781E-02  2.3187269E-02  1.7113078E-02
  1.3470805E-02  1.1036647E-02  0.0000000E+00
  0.2456573      9.2121482E-02  5.1103886E-02  3.4842543E-02  2.6470918E-02
  2.1450184E-02  1.7550152E-02
  0.3627703      0.1395271      8.0073968E-02  5.6785833E-02  4.5074522E-02
  3.7364114E-02
  0.5735739      0.2296313      0.1388546      0.1049759      8.8120587E-02
   1.002017      0.4288916      0.2839852      0.2387090    
   2.054242       1.000000      0.7923344    
   5.687549       3.749860    
   33.93478    
   100000.0    
  4.0935017E-02  1.4427916E-02  7.3548821E-03  4.5777881E-03  3.1596017E-03
  2.3207695E-03  1.7772062E-03  1.4025277E-03
  4.9770717E-02  1.7604295E-02  9.0280725E-03  5.6503746E-03  3.9212615E-03
  2.8956493E-03  2.2290573E-03  1.7693770E-03
  6.1402529E-02  2.1820825E-02  1.1262722E-02  7.0998771E-03  4.9614138E-03
  3.6886253E-03  2.8587407E-03  2.2827424E-03
  7.7060737E-02  2.7547255E-02  1.4338441E-02  9.1119558E-03  6.4209816E-03
  4.8148977E-03  3.7635611E-03  0.0000000E+00
  9.8657869E-02  3.5532940E-02  1.8678000E-02  1.2000895E-02  8.5504977E-03
  6.4813779E-03  5.1224697E-03  0.0000000E+00
  0.1294039      4.7075272E-02  2.5075495E-02  1.6329270E-02  1.1799575E-02
  9.0806391E-03  7.2777094E-03  0.0000000E+00
  0.1750364      6.4478241E-02  3.4928977E-02  2.3174141E-02  1.7078627E-02
  1.3410133E-02  1.0927189E-02  0.0000000E+00
  0.2458338      9.2193268E-02  5.1124036E-02  3.4817133E-02  2.6395259E-02
  2.1295156E-02  1.7201655E-02
  0.3629348      0.1396935      8.0091715E-02  5.6716248E-02  4.4849571E-02
  3.6752041E-02
  0.5738732      0.2298401      0.1387988      0.1046751      8.6970136E-02
   1.002684      0.4290348      0.2836372      0.2363270    
   2.055698       1.000000      0.7868247    
   5.690639       3.733363    
   33.85527    
   1000000.    
  4.0989637E-02  1.4454475E-02  7.3687728E-03  4.5815222E-03  3.1572494E-03
  2.3147219E-03  1.7686393E-03  1.3919537E-03
  4.9827263E-02  1.7641814E-02  9.0426840E-03  5.6536272E-03  3.9184219E-03
  2.8875517E-03  2.2177645E-03  1.7530369E-03
  6.1473306E-02  2.1865597E-02  1.1278279E-02  7.1035330E-03  4.9559795E-03
  3.6765854E-03  2.8407443E-03  2.2589993E-03
  7.7142537E-02  2.7605036E-02  1.4354174E-02  9.1151232E-03  6.4125708E-03
  4.7966121E-03  3.7356513E-03  0.0000000E+00
  9.8762959E-02  3.5595674E-02  1.8711690E-02  1.2002675E-02  8.5356068E-03
  6.4526913E-03  5.0763404E-03  0.0000000E+00
  0.1296110      4.7163714E-02  2.5108660E-02  1.6326757E-02  1.1779783E-02
  9.0270815E-03  7.1915747E-03  0.0000000E+00
  0.1751923      6.4593785E-02  3.4971580E-02  2.3169508E-02  1.7028864E-02
  1.3295442E-02  1.0733311E-02  0.0000000E+00
  0.2460716      9.2354849E-02  5.1175751E-02  3.4782123E-02  2.6267692E-02
  2.1018611E-02  1.6672239E-02
  0.3634236      0.1399755      8.0140419E-02  5.6580853E-02  4.4444446E-02
  3.5796277E-02
  0.5746127      0.2301348      0.1387496      0.1041123      8.5144326E-02
   1.004012      0.4296222      0.2830715      0.2325867    
   2.058398       1.000000      0.7780007    
   5.697091       3.708905    
   33.73454    
  1.0000000E+07
  4.1129570E-02  1.4518272E-02  7.3942416E-03  4.5880396E-03  3.1528240E-03
  2.3023256E-03  1.7508306E-03  1.3698782E-03
  4.9977850E-02  1.7718716E-02  9.0719825E-03  5.6600226E-03  3.9114063E-03
  2.8715394E-03  2.1937983E-03  1.7231451E-03
  6.1627906E-02  2.1960134E-02  1.1317830E-02  7.1085272E-03  4.9435217E-03
  3.6522702E-03  2.8062016E-03  2.2159470E-03
  7.7320039E-02  2.7707642E-02  1.4396456E-02  9.1196010E-03  6.3931341E-03
  4.7596903E-03  3.6832781E-03  0.0000000E+00
  9.8992251E-02  3.5736434E-02  1.8759688E-02  1.2004429E-02  8.5027684E-03
  6.3920268E-03  4.9889260E-03  0.0000000E+00
  0.1299003      4.7331117E-02  2.5160577E-02  1.6323367E-02  1.1716501E-02
  8.9213736E-03  7.0343302E-03  0.0000000E+00
  0.1756368      6.4817280E-02  3.5038762E-02  2.3133997E-02  1.6910300E-02
  1.3089701E-02  1.0405316E-02  0.0000000E+00
  0.2467331      9.2657812E-02  5.1240314E-02  3.4695458E-02  2.6002213E-02
  2.0520488E-02  1.5880398E-02
  0.3643411      0.1403101      8.0199338E-02  5.6312297E-02  4.3698784E-02
  3.4330010E-02
  0.5760797      0.2307863      0.1386490      0.1030454      8.2270205E-02
   1.006755      0.4304540      0.2817276      0.2264673    
   2.064230       1.000000      0.7635659    
   5.708748       3.666667    
   33.54374    
  1.0000000E+08
  4.1935131E-02  1.4672365E-02  7.4567175E-03  4.6066185E-03  3.1459567E-03
  2.2792022E-03  1.7170721E-03  1.3302652E-03
  5.0668422E-02  1.7882971E-02  9.1365334E-03  5.6760903E-03  3.8965594E-03
  2.8380451E-03  2.1466140E-03  1.6688582E-03
  6.2239755E-02  2.2145517E-02  1.1385054E-02  7.1203159E-03  4.9189134E-03
  3.6028931E-03  2.7394260E-03  2.1367520E-03
  7.7898316E-02  2.7931187E-02  1.4475127E-02  9.1244793E-03  6.3521806E-03
  4.6855137E-03  3.5842648E-03  0.0000000E+00
  9.9583611E-02  3.5996057E-02  1.8847249E-02  1.1998685E-02  8.4341448E-03
  6.2754769E-03  4.8323474E-03  0.0000000E+00
  0.1305062      4.7666010E-02  2.5268463E-02  1.6294105E-02  1.1593251E-02
  8.7212361E-03  6.7619989E-03  0.0000000E+00
  0.1765286      6.5253124E-02  3.5152312E-02  2.3065966E-02  1.6688582E-02
  1.2710936E-02  9.8816566E-03  0.0000000E+00
  0.2478632      9.3250059E-02  5.1369712E-02  3.4505807E-02  2.5509533E-02
  1.9690994E-02  1.4760027E-02
  0.3660969      0.1411352      8.0276132E-02  5.5763755E-02  4.2417269E-02
  3.2193732E-02
  0.5791146      0.2319746      0.1383958      0.1011396      7.7953100E-02
   1.012273      0.4321718      0.2794214      0.2170721    
   2.075389       1.000000      0.7407408    
   5.734166       3.601797    
   33.31142    
  1.0000000E+09
  4.7113311E-02  1.5262818E-02  7.7165016E-03  4.7059460E-03  3.1570445E-03
  2.2425677E-03  1.6566135E-03  1.2580785E-03
  5.5094790E-02  1.8397244E-02  9.3558803E-03  5.7475227E-03  3.8851788E-03
  2.7789746E-03  2.0637657E-03  1.5725980E-03
  6.5930635E-02  2.2630332E-02  1.1579061E-02  7.1671694E-03  4.8804395E-03
  3.5135718E-03  2.6227918E-03  2.0056011E-03
  8.0924176E-02  2.8425248E-02  1.4659630E-02  9.1447653E-03  6.2763896E-03
  4.5497632E-03  3.4133994E-03  0.0000000E+00
  0.1021327      3.6557518E-02  1.9021973E-02  1.1988367E-02  8.3013792E-03
  6.0631190E-03  4.5702280E-03  0.0000000E+00
  0.1328091      4.8330460E-02  2.5452390E-02  1.6232228E-02  1.1363637E-02
  8.3724689E-03  6.3345539E-03  0.0000000E+00
  0.1788022      6.6081434E-02  3.5351142E-02  2.2899613E-02  1.6253769E-02
  1.2085308E-02  9.1167605E-03  0.0000000E+00
  0.2506463      9.4355881E-02  5.1561829E-02  3.4101680E-02  2.4644550E-02
  1.8429557E-02  1.3302456E-02
  0.3699914      0.1427187      8.0342524E-02  5.4728564E-02  4.0348988E-02
  2.9319260E-02
  0.5852004      0.2342740      0.1378716      9.7899608E-02  7.1951747E-02
   1.023158      0.4351573      0.2752047      0.2035760    
   2.098233       1.000000      0.7072383    
   5.784145       3.506032    
   33.30461    
  1.0000000E+10
  7.1458533E-02  2.0048233E-02  9.2240749E-03  5.1651462E-03  3.2284786E-03
  2.1673481E-03  1.5308796E-03  1.1219460E-03
  7.5799517E-02  2.2260670E-02  1.0663730E-02  6.1465870E-03  3.9215684E-03
  2.6716997E-03  1.9052112E-03  1.4061026E-03
  8.4198378E-02  2.5605535E-02  1.2645486E-02  7.4761454E-03  4.8610675E-03
  3.3564013E-03  2.4169027E-03  1.7930166E-03
  9.7284257E-02  3.0670021E-02  1.5487050E-02  9.3436092E-03  6.1769946E-03
  4.3179197E-03  3.1341091E-03  0.0000000E+00
  0.1164936      3.8345389E-02  1.9649785E-02  1.2058300E-02  8.0853514E-03
  5.7124882E-03  4.1711228E-03  0.0000000E+00
  0.1449093      4.9931843E-02  2.5941070E-02  1.6147634E-02  1.0967809E-02
  7.8200689E-03  5.7250708E-03  0.0000000E+00
  0.1888435      6.7778125E-02  3.5744995E-02  2.2596203E-02  1.5539478E-02
  1.1156548E-02  8.1147114E-03  0.0000000E+00
  0.2595156      9.6413963E-02  5.1829714E-02  3.3364788E-02  2.3267275E-02
  1.6703365E-02  1.1565481E-02
  0.3792597      0.1454336      8.0297783E-02  5.2951660E-02  3.7359755E-02
  2.5804762E-02
  0.5975674      0.2380203      0.1366258      9.2901327E-02  6.4349376E-02
   1.043934      0.4401803      0.2682185      0.1858027    
   2.139037       1.000000      0.6616336    
   5.875013       3.376324    
   34.51819    
