   100.0000    
  3.9162055E-02  1.3976284E-02  7.3011857E-03  4.6845847E-03  3.3430830E-03
  2.5415018E-03  2.0150195E-03  1.6474307E-03
  4.7478259E-02  1.7019762E-02  8.9486167E-03  5.7833991E-03  4.1565215E-03
  3.1833991E-03  2.5430829E-03  2.0948616E-03
  5.8395255E-02  2.1043478E-02  1.1162055E-02  7.2719362E-03  5.2719368E-03
  4.0743081E-03  3.2853752E-03  2.7335966E-03
  7.3051378E-02  2.6513832E-02  1.4197628E-02  9.3438728E-03  6.8505923E-03
  5.3549404E-03  4.3723318E-03  0.0000000E+00
  9.3280628E-02  3.4134388E-02  1.8498024E-02  1.2339921E-02  9.1778655E-03
  7.2806324E-03  6.0442681E-03  0.0000000E+00
  0.1219763      4.5146242E-02  2.4845848E-02  1.6861659E-02  1.2774703E-02
  1.0347825E-02  8.7984186E-03  0.0000000E+00
  0.1644269      6.1770748E-02  3.4687746E-02  2.4094861E-02  1.8735178E-02
  1.5652174E-02  1.3754940E-02  0.0000000E+00
  0.2302767      8.8300392E-02  5.0988141E-02  3.6600791E-02  2.9596837E-02
  2.5889328E-02  2.3438733E-02
  0.3392095      0.1339921      8.0553360E-02  6.0822133E-02  5.2387353E-02
  4.8624504E-02
  0.5356522      0.2212648      0.1418182      0.1167589      0.1111462    
  0.9359683      0.4173913      0.3003162      0.2899605    
   1.926482       1.000000      0.9193675    
   5.422134       4.111462    
   35.28854    
   1000.000    
  3.9162718E-02  1.3981042E-02  7.3048975E-03  4.6864143E-03  3.3436019E-03
  2.5418643E-03  2.0150079E-03  1.6461295E-03
  4.7480255E-02  1.7022118E-02  8.9573460E-03  5.7859402E-03  4.1579776E-03
  3.1832545E-03  2.5418643E-03  2.0932071E-03
  5.8404427E-02  2.1058453E-02  1.1169037E-02  7.2748819E-03  5.2733021E-03
  4.0734601E-03  3.2835705E-03  2.7306478E-03
  7.3064774E-02  2.6524486E-02  1.4202212E-02  9.3522910E-03  6.8515008E-03
  5.3538703E-03  4.3688784E-03  0.0000000E+00
  9.3285948E-02  3.4146920E-02  1.8507110E-02  1.2345972E-02  9.1785155E-03
  7.2788312E-03  6.0387049E-03  0.0000000E+00
  0.1219589      4.5165878E-02  2.4857821E-02  1.6872039E-02  1.2772513E-02
  1.0347552E-02  8.7835705E-03  0.0000000E+00
  0.1644550      6.1793052E-02  3.4699842E-02  2.4099527E-02  1.8736178E-02
  1.5631912E-02  1.3712481E-02  0.0000000E+00
  0.2303318      8.8309638E-02  5.1003162E-02  3.6611374E-02  2.9589258E-02
  2.5837284E-02  2.3262244E-02
  0.3393365      0.1340442      8.0568723E-02  6.0821488E-02  5.2322280E-02
  4.8317537E-02
  0.5357820      0.2214060      0.1418641      0.1166667      0.1105845    
  0.9360189      0.4176145      0.3003160      0.2888626    
   1.926540       1.000000      0.9170617    
   5.424171       4.105055    
   35.26067    
   10000.00    
  3.9164696E-02  1.3987391E-02  7.3065404E-03  4.6863672E-03  3.3427894E-03
  2.5397951E-03  2.0110323E-03  1.6414500E-03
  4.7478329E-02  1.7029157E-02  8.9598112E-03  5.7856580E-03  4.1560284E-03
  3.1804570E-03  2.5374310E-03  2.0866825E-03
  5.8392435E-02  2.1063829E-02  1.1166273E-02  7.2742314E-03  5.2710795E-03
  4.0693455E-03  3.2773837E-03  2.7210400E-03
  7.3049642E-02  2.6524823E-02  1.4200158E-02  9.3459412E-03  6.8479115E-03
  5.3467294E-03  4.3585501E-03  0.0000000E+00
  9.3223013E-02  3.4152873E-02  1.8510638E-02  1.2348305E-02  9.1725765E-03
  7.2671394E-03  6.0197008E-03  0.0000000E+00
  0.1219858      4.5177303E-02  2.4862096E-02  1.6863672E-02  1.2758077E-02
  1.0323089E-02  8.7470450E-03  0.0000000E+00
  0.1643814      6.1804570E-02  3.4704488E-02  2.4089836E-02  1.8707644E-02
  1.5587077E-02  1.3609140E-02  0.0000000E+00
  0.2303389      8.8337272E-02  5.1008668E-02  3.6587864E-02  2.9527187E-02
  2.5697399E-02  2.2876281E-02
  0.3393223      0.1340425      8.0535851E-02  6.0756501E-02  5.2135538E-02
  4.7651693E-02
  0.5356974      0.2214342      0.1417652      0.1164697      0.1093775    
  0.9361702      0.4175729      0.3000000      0.2864460    
   1.926714       1.000000      0.9117415    
   5.423956       4.088259    
   35.16943    
   100000.0    
  3.9175823E-02  1.4003140E-02  7.3147570E-03  4.6899528E-03  3.3422292E-03
  2.5361066E-03  2.0054944E-03  1.6334380E-03
  4.7496077E-02  1.7048664E-02  8.9638932E-03  5.7888539E-03  4.1546309E-03
  3.1750391E-03  2.5290423E-03  2.0753532E-03
  5.8422290E-02  2.1083202E-02  1.1177395E-02  7.2778650E-03  5.2684457E-03
  4.0620095E-03  3.2653059E-03  2.7032967E-03
  7.3076919E-02  2.6554160E-02  1.4215071E-02  9.3563581E-03  6.8437988E-03
  5.3351647E-03  4.3390896E-03  0.0000000E+00
  9.3249604E-02  3.4191523E-02  1.8524334E-02  1.2346938E-02  9.1601256E-03
  7.2472524E-03  5.9850863E-03  0.0000000E+00
  0.1219780      4.5219779E-02  2.4882261E-02  1.6868133E-02  1.2747253E-02
  1.0282574E-02  8.6734686E-03  0.0000000E+00
  0.1644427      6.1868131E-02  3.4733124E-02  2.4089482E-02  1.8673468E-02
  1.5502355E-02  1.3437990E-02  0.0000000E+00
  0.2303768      8.8461533E-02  5.1036105E-02  3.6569856E-02  2.9434852E-02
  2.5455259E-02  2.2291994E-02
  0.3394819      0.1341444      8.0612250E-02  6.0675036E-02  5.1797491E-02
  4.6624802E-02
  0.5360282      0.2215856      0.1417582      0.1160126      0.1074568    
  0.9364207      0.4178179      0.2994505      0.2826531    
   1.928571       1.000000      0.9026688    
   5.426217       4.062794    
   35.03925    
   1000000.    
  3.9258972E-02  1.4048363E-02  7.3369737E-03  4.6989084E-03  3.3432140E-03
  2.5312013E-03  1.9960999E-03  1.6193448E-03
  4.7589708E-02  1.7106084E-02  8.9937598E-03  5.7995324E-03  4.1552265E-03
  3.1677068E-03  2.5148208E-03  2.0546021E-03
  5.8525741E-02  2.1154448E-02  1.1209048E-02  7.2901719E-03  5.2675507E-03
  4.0499223E-03  3.2433700E-03  2.6716071E-03
  7.3213734E-02  2.6638068E-02  1.4251172E-02  9.3681747E-03  6.8393135E-03
  5.3159129E-03  4.3042125E-03  0.0000000E+00
  9.3447737E-02  3.4290172E-02  1.8572543E-02  1.2363495E-02  9.1497665E-03
  7.2129490E-03  5.9235571E-03  0.0000000E+00
  0.1222309      4.5351017E-02  2.4937598E-02  1.6879877E-02  1.2722310E-02
  1.0218409E-02  8.5491417E-03  0.0000000E+00
  0.1647426      6.2043685E-02  3.4804992E-02  2.4095165E-02  1.8619346E-02
  1.5351015E-02  1.3143526E-02  0.0000000E+00
  0.2308112      8.8689551E-02  5.1131047E-02  3.6552262E-02  2.9274572E-02
  2.5039002E-02  2.1419657E-02
  0.3400936      0.1344774      8.0733232E-02  6.0546026E-02  5.1224653E-02
  4.5078006E-02
  0.5371295      0.2221529      0.1418097      0.1152886      0.1046022    
  0.9391576      0.4187208      0.2988300      0.2766771    
   1.932137       1.000000      0.8892357    
   5.436818       4.024961    
   34.85960    
  1.0000000E+07
  3.9414484E-02  1.4121726E-02  7.3698005E-03  4.7095534E-03  3.3397537E-03
  2.5169491E-03  1.9730355E-03  1.5885979E-03
  4.7742683E-02  1.7187983E-02  9.0292767E-03  5.8104778E-03  4.1479198E-03
  3.1463793E-03  2.4822806E-03  2.0107860E-03
  5.8690295E-02  2.1255780E-02  1.1248074E-02  7.2996924E-03  5.2542374E-03
  4.0184902E-03  3.1949154E-03  2.6063174E-03
  7.3389836E-02  2.6756549E-02  1.4306627E-02  9.3759634E-03  6.8174116E-03
  5.2665640E-03  4.2280434E-03  0.0000000E+00
  9.3682595E-02  3.4437597E-02  1.8628661E-02  1.2365178E-02  9.1140214E-03
  7.1309707E-03  5.7958402E-03  0.0000000E+00
  0.1224962      4.5539293E-02  2.5007704E-02  1.6872112E-02  1.2650232E-02
  1.0069339E-02  8.3127897E-03  0.0000000E+00
  0.1651772      6.2280431E-02  3.4892142E-02  2.4067799E-02  1.8459169E-02
  1.5046225E-02  1.2619414E-02  0.0000000E+00
  0.2313560      8.8983051E-02  5.1224966E-02  3.6440682E-02  2.8906010E-02
  2.4268107E-02  2.0107858E-02
  0.3409091      0.1349769      8.0739602E-02  6.0177200E-02  5.0107859E-02
  4.2673346E-02
  0.5385208      0.2228043      0.1416795      0.1137134      9.9922962E-02
  0.9414484      0.4197227      0.2969954      0.2668721    
   1.938367       1.000000      0.8659476    
   5.448382       3.958398    
   34.53775    
  1.0000000E+08
  4.0339880E-02  1.4312689E-02  7.4577038E-03  4.7439574E-03  3.3391237E-03
  2.4916918E-03  1.9305135E-03  1.5332326E-03
  4.8542295E-02  1.7394260E-02  9.1238664E-03  5.8406340E-03  4.1382173E-03
  3.1080060E-03  2.4214501E-03  1.9335347E-03
  5.9410878E-02  2.1487916E-02  1.1351964E-02  7.3262840E-03  5.2318731E-03
  3.9584590E-03  3.1049848E-03  2.4932025E-03
  7.4086100E-02  2.7031722E-02  1.4410875E-02  9.3957707E-03  6.7741694E-03
  5.1729605E-03  4.0906342E-03  0.0000000E+00
  9.4410874E-02  3.4773413E-02  1.8761327E-02  1.2379154E-02  9.0332320E-03
  6.9765858E-03  5.5717523E-03  0.0000000E+00
  0.1233384      4.5951661E-02  2.5158608E-02  1.6865559E-02  1.2499999E-02
  9.7960727E-03  7.9154084E-03  0.0000000E+00
  0.1662387      6.2832326E-02  3.5075527E-02  2.4003020E-02  1.8172204E-02
  1.4509062E-02  1.1820242E-02  0.0000000E+00
  0.2328550      8.9728095E-02  5.1435046E-02  3.6238670E-02  2.8240180E-02
  2.3043806E-02  1.8300604E-02
  0.3432024      0.1360272      8.0966763E-02  5.9501506E-02  4.8255283E-02
  3.9282478E-02
  0.5421450      0.2243958      0.1415408      0.1111027      9.3126886E-02
  0.9478852      0.4219789      0.2938822      0.2524925    
   1.951662       1.000000      0.8315710    
   5.478852       3.860272    
   34.13897    
  1.0000000E+09
  4.5969274E-02  1.5091442E-02  7.8419903E-03  4.9188002E-03  3.3869788E-03
  2.4645210E-03  1.8602781E-03  1.4403804E-03
  5.3416241E-02  1.8068764E-02  9.4440375E-03  5.9751277E-03  4.1536209E-03
  3.0490123E-03  2.3174835E-03  1.8046817E-03
  6.3533284E-02  2.2114119E-02  1.1638625E-02  7.4250181E-03  5.2084858E-03
  3.8558887E-03  2.9524507E-03  2.3116313E-03
  7.7542059E-02  2.7673736E-02  1.4681784E-02  9.4586685E-03  6.7008049E-03
  5.0058523E-03  3.8610096E-03  0.0000000E+00
  9.7366497E-02  3.5479151E-02  1.9034380E-02  1.2399415E-02  8.8880761E-03
  6.7037307E-03  5.2092173E-03  0.0000000E+00
  0.1261156      4.6803217E-02  2.5449891E-02  1.6825166E-02  1.2223848E-02
  9.3343081E-03  7.3021217E-03  0.0000000E+00
  0.1690563      6.3899048E-02  3.5391368E-02  2.3847843E-02  1.7629847E-02
  1.3643013E-02  1.0694952E-02  0.0000000E+00
  0.2362838      9.1221653E-02  5.1770296E-02  3.5793711E-02  2.7088514E-02
  2.1221653E-02  1.6049745E-02
  0.3479883      0.1380395      8.1199706E-02  5.8222383E-02  4.5354791E-02
  3.4908559E-02
  0.5497440      0.2273592      0.1410388      0.1067301      8.4198974E-02
  0.9619604      0.4261887      0.2885150      0.2326262    
   1.980249       1.000000      0.7834674    
   5.539868       3.722019    
   33.97220    
  1.0000000E+10
  7.3680557E-02  2.1361113E-02  9.9722221E-03  5.6472220E-03  3.5673613E-03
  2.4187502E-03  1.7243057E-03  1.2750000E-03
  7.6111116E-02  2.3118056E-02  1.1305556E-02  6.6249999E-03  4.2881947E-03
  2.9597224E-03  2.1368056E-03  1.5951389E-03
  8.3055556E-02  2.5986113E-02  1.3173612E-02  7.9513891E-03  5.2680559E-03
  3.6986112E-03  2.7034723E-03  2.0340278E-03
  9.4861120E-02  3.0583333E-02  1.5888888E-02  9.8333340E-03  6.6493060E-03
  4.7423616E-03  3.5055554E-03  0.0000000E+00
  0.1127083      3.7770834E-02  1.9951390E-02  1.2597223E-02  8.6736111E-03
  6.2736110E-03  4.6798615E-03  0.0000000E+00
  0.1393056      4.8826389E-02  2.6173612E-02  1.6812500E-02  1.1763888E-02
  8.6180558E-03  6.4666672E-03  0.0000000E+00
  0.1802778      6.6006944E-02  3.5979170E-02  2.3534724E-02  1.6736113E-02
  1.2388890E-02  9.2777787E-03  0.0000000E+00
  0.2464583      9.3750007E-02  5.2215282E-02  3.4923613E-02  2.5284724E-02
  1.8819446E-02  1.3493055E-02
  0.3588889      0.1414583      8.1250004E-02  5.5979166E-02  4.1277777E-02
  2.9805558E-02
  0.5644445      0.2320834      0.1395833      0.1000695      7.3263891E-02
  0.9861112      0.4324306      0.2795833      0.2075000    
   2.029167       1.000000      0.7201389    
   5.647222       3.540972    
   34.93056    
