   100.0000    
  3.6671951E-02  1.3272583E-02  7.1394616E-03  4.7702063E-03  3.5748812E-03
  2.8728209E-03  2.4195723E-03  2.1089541E-03
  4.4215534E-02  1.6089540E-02  8.7282090E-03  5.8874800E-03  4.4572107E-03
  3.6208399E-03  3.0863709E-03  2.7270208E-03
  5.4080822E-02  1.9813787E-02  1.0859746E-02  7.4049132E-03  5.6774961E-03
  4.6751192E-03  4.0491284E-03  3.6422347E-03
  6.7274168E-02  2.4857370E-02  1.3787638E-02  9.5364498E-03  7.4247229E-03
  6.2242476E-03  5.5031693E-03  0.0000000E+00
  8.5419968E-02  3.1885896E-02  1.7959587E-02  1.2638669E-02  1.0043582E-02
  8.6251982E-03  7.8526149E-03  0.0000000E+00
  0.1111727      4.2036451E-02  2.4140254E-02  1.7385103E-02  1.4199684E-02
  1.2622821E-02  1.2004755E-02  0.0000000E+00
  0.1491680      5.7408877E-02  3.3807449E-02  2.5130745E-02  2.1362916E-02
  2.0003963E-02  2.0392234E-02  0.0000000E+00
  0.2080824      8.2052298E-02  5.0039619E-02  3.8946118E-02  3.5237718E-02
  3.6002379E-02  4.0530905E-02
  0.3056260      0.1247227      8.0110937E-02  6.7155309E-02  6.7749605E-02
  7.9952464E-02
  0.4817750      0.2072900      0.1450475      0.1393027      0.1723455    
  0.8423138      0.3977813      0.3284865      0.4199683    
   1.744850       1.000000       1.229002    
   5.047544       4.996038    
   39.20761    
   1000.000    
  3.6660086E-02  1.3272800E-02  7.1417294E-03  4.7729965E-03  3.5767865E-03
  2.8736675E-03  2.4192657E-03  2.1069876E-03
  4.4216346E-02  1.6091591E-02  8.7327277E-03  5.8902488E-03  4.4571650E-03
  3.6213973E-03  3.0856691E-03  2.7244375E-03
  5.4046582E-02  1.9818397E-02  1.0860640E-02  7.4101854E-03  5.6770630E-03
  4.6742992E-03  4.0465849E-03  3.6367944E-03
  6.7272007E-02  2.4859849E-02  1.3793919E-02  9.5380964E-03  7.4259769E-03
  6.2258192E-03  5.4994076E-03  0.0000000E+00
  8.5392810E-02  3.1891041E-02  1.7966839E-02  1.2645084E-02  1.0043427E-02
  8.6221872E-03  7.8405049E-03  0.0000000E+00
  0.1111330      4.2045005E-02  2.4149230E-02  1.7394394E-02  1.4204501E-02
  1.2613501E-02  1.1973944E-02  0.0000000E+00
  0.1491117      5.7441767E-02  3.3821557E-02  2.5140150E-02  2.1362022E-02
  1.9980259E-02  2.0288195E-02  0.0000000E+00
  0.2080142      8.2037114E-02  5.0059218E-02  3.8953807E-02  3.5219107E-02
  3.5878405E-02  3.9913148E-02
  0.3055270      0.1247138      8.0102645E-02  6.7153566E-02  6.7627318E-02
  7.8957759E-02
  0.4816423      0.2073431      0.1450849      0.1391630      0.1705882    
  0.8424793      0.3975523      0.3283853      0.4165021    
   1.744572       1.000000       1.221871    
   5.045401       4.974339    
   39.09593    
   10000.00    
  3.6652293E-02  1.3281066E-02  7.1501373E-03  4.7745979E-03  3.5785967E-03
  2.8737749E-03  2.4166994E-03  2.1019208E-03
  4.4178754E-02  1.6103489E-02  8.7416694E-03  5.8957273E-03  4.4609956E-03
  3.6209330E-03  3.0815366E-03  2.7157976E-03
  5.4057233E-02  1.9827519E-02  1.0870247E-02  7.4127791E-03  5.6801257E-03
  4.6726773E-03  4.0376321E-03  3.6225009E-03
  6.7228541E-02  2.4872599E-02  1.3806351E-02  9.5452769E-03  7.4284598E-03
  6.2210900E-03  5.4880441E-03  0.0000000E+00
  8.5378282E-02  3.1909056E-02  1.7977264E-02  1.2653862E-02  1.0047041E-02
  8.6123087E-03  7.8165429E-03  0.0000000E+00
  0.1110937      4.2061936E-02  2.4166994E-02  1.7404938E-02  1.4202273E-02
  1.2591141E-02  1.1905135E-02  0.0000000E+00
  0.1490788      5.7467662E-02  3.3845551E-02  2.5150923E-02  2.1348491E-02
  1.9905919E-02  2.0058800E-02  0.0000000E+00
  0.2079969      8.2085460E-02  5.0098002E-02  3.8961191E-02  3.5154842E-02
  3.5586044E-02  3.8784791E-02
  0.3054880      0.1247746      8.0164641E-02  6.7110933E-02  6.7267738E-02
  7.7067815E-02
  0.4813798      0.2074481      0.1451196      0.1387691      0.1672677    
  0.8424147      0.3978832      0.3279890      0.4100353    
   1.744806       1.000000       1.207370    
   5.045081       4.931400    
   38.87495    
   100000.0    
  3.6660213E-02  1.3304953E-02  7.1633123E-03  4.7832816E-03  3.5828170E-03
  2.8730650E-03  2.4113776E-03  2.0909442E-03
  4.4195045E-02  1.6130030E-02  8.7577393E-03  5.9055728E-03  4.4659441E-03
  3.6191950E-03  3.0727552E-03  2.6981423E-03
  5.4063462E-02  1.9860681E-02  1.0890093E-02  7.4264705E-03  5.6849844E-03
  4.6710526E-03  4.0247678E-03  3.5924918E-03
  6.7260064E-02  2.4910990E-02  1.3831268E-02  9.5626935E-03  7.4342103E-03
  6.2113004E-03  5.4566562E-03  0.0000000E+00
  8.5371517E-02  3.1954333E-02  1.8010836E-02  1.2670278E-02  1.0046439E-02
  8.5952012E-03  7.7592880E-03  0.0000000E+00
  0.1111068      4.2143960E-02  2.4210526E-02  1.7426470E-02  1.4195046E-02
  1.2542569E-02  1.1768576E-02  0.0000000E+00
  0.1491099      5.7546437E-02  3.3900928E-02  2.5174147E-02  2.1315789E-02
  1.9763932E-02  1.9640092E-02  0.0000000E+00
  0.2080495      8.2198136E-02  5.0154798E-02  3.8970590E-02  3.5027090E-02
  3.5050306E-02  3.7093651E-02
  0.3055727      0.1249613      8.0263153E-02  6.7027859E-02  6.6602163E-02
  7.4187301E-02
  0.4818111      0.2077399      0.1452012      0.1380031      0.1620743    
  0.8428792      0.3982198      0.3272833      0.3997678    
   1.746130       1.000000       1.184597    
   5.050309       4.868421    
   38.53328    
   1000000.    
  3.6712069E-02  1.3356034E-02  7.1925838E-03  4.8013618E-03  3.5898599E-03
  2.8706014E-03  2.3984108E-03  2.0665908E-03
  4.4267874E-02  1.6189935E-02  8.7930383E-03  5.9250849E-03  4.4721905E-03
  3.6133183E-03  3.0525916E-03  2.6609914E-03
  5.4105181E-02  1.9931896E-02  1.0934544E-02  7.4498672E-03  5.6905029E-03
  4.6575861E-03  3.9916760E-03  3.5315929E-03
  6.7347705E-02  2.4998108E-02  1.3881952E-02  9.5875897E-03  7.4385162E-03
  6.1899354E-03  5.3991675E-03  0.0000000E+00
  8.5471056E-02  3.2062050E-02  1.8074159E-02  1.2705258E-02  1.0045403E-02
  8.5471058E-03  7.6428298E-03  0.0000000E+00
  0.1112372      4.2262580E-02  2.4294361E-02  1.7465001E-02  1.4177072E-02
  1.2432841E-02  1.1509649E-02  0.0000000E+00
  0.1493000      5.7737418E-02  3.4014378E-02  2.5213772E-02  2.1241013E-02
  1.9477867E-02  1.8921679E-02  0.0000000E+00
  0.2083239      8.2482025E-02  5.0321601E-02  3.8970865E-02  3.4752175E-02
  3.4097616E-02  3.4646235E-02
  0.3060159      0.1253500      8.0476731E-02  6.6893674E-02  6.5380245E-02
  6.9920547E-02
  0.4824063      0.2083995      0.1453651      0.1365494      0.1542565    
  0.8441166      0.3995460      0.3259553      0.3844117    
   1.749527       1.000000       1.149830    
   5.058645       4.767310    
   38.02497    
  1.0000000E+07
  3.6935952E-02  1.3460698E-02  7.2525474E-03  4.8326054E-03  3.5989811E-03
  2.8591701E-03  2.3679039E-03  2.0160116E-03
  4.4468701E-02  1.6310044E-02  8.8609895E-03  5.9570591E-03  4.4796215E-03
  3.5935226E-03  3.0058222E-03  2.5851529E-03
  5.4330420E-02  2.0072779E-02  1.1011644E-02  7.4890829E-03  5.6950510E-03
  4.6251817E-03  3.9155749E-03  3.4112078E-03
  6.7576416E-02  2.5171032E-02  1.3977437E-02  9.6324598E-03  7.4308584E-03
  6.1280928E-03  5.2729258E-03  0.0000000E+00
  8.5771464E-02  3.2278020E-02  1.8191412E-02  1.2751090E-02  1.0018194E-02
  8.4315864E-03  7.4126632E-03  0.0000000E+00
  0.1116084      4.2540029E-02  2.4443230E-02  1.7510915E-02  1.4104802E-02
  1.2197962E-02  1.1033478E-02  0.0000000E+00
  0.1497817      5.8078602E-02  3.4206696E-02  2.5243811E-02  2.1048034E-02
  1.8919213E-02  1.7754730E-02  0.0000000E+00
  0.2089884      8.3005816E-02  5.0545845E-02  3.8937405E-02  3.4173943E-02
  3.2474525E-02  3.1193594E-02
  0.3070961      0.1261281      8.0786027E-02  6.6448323E-02  6.3173212E-02
  6.3791849E-02
  0.4843522      0.2096070      0.1454876      0.1338064      0.1427584    
  0.8478894      0.4013828      0.3231805      0.3610626    
   1.757278       1.000000       1.096434    
   5.076419       4.614265    
   37.26346    
  1.0000000E+08
  3.8075745E-02  1.3725691E-02  7.4002049E-03  4.9129990E-03  3.6233366E-03
  2.8393043E-03  2.3091095E-03  1.9239169E-03
  4.5445241E-02  1.6595019E-02  9.0139890E-03  6.0320711E-03  4.4899355E-03
  3.5516887E-03  2.9136813E-03  2.4483111E-03
  5.5237122E-02  2.0395771E-02  1.1180485E-02  7.5605595E-03  5.6874785E-03
  4.5479359E-03  3.7700443E-03  3.2006141E-03
  6.8440810E-02  2.5547596E-02  1.4169226E-02  9.7031733E-03  7.3967930E-03
  5.9945411E-03  5.0392356E-03  0.0000000E+00
  8.6693965E-02  3.2736268E-02  1.8420335E-02  1.2818151E-02  9.9385874E-03
  8.1951553E-03  7.0010237E-03  0.0000000E+00
  0.1126919      4.3125216E-02  2.4718527E-02  1.7560560E-02  1.3923575E-02
  1.1743433E-02  1.0249062E-02  0.0000000E+00
  0.1511430      5.8853634E-02  3.4561586E-02  2.5240533E-02  2.0627772E-02
  1.7942682E-02  1.6038895E-02  0.0000000E+00
  0.2108836      8.4066868E-02  5.1006481E-02  3.8723987E-02  3.3070624E-02
  2.9965881E-02  2.6823610E-02
  0.3099284      0.1276697      8.1269197E-02  6.5472536E-02  5.9604231E-02
  5.5817127E-02
  0.4889117      0.2120095      0.1455135      0.1291027      0.1273627    
  0.8563630      0.4049813      0.3181849      0.3290345    
   1.775503       1.000000       1.022177    
   5.114295       4.401228    
   36.26749    
  1.0000000E+09
  4.4427387E-02  1.4884863E-02  8.0718454E-03  5.2809333E-03  3.7826221E-03
  2.8566166E-03  2.2315013E-03  1.7850783E-03
  5.1089961E-02  1.7559104E-02  9.5701572E-03  6.3248388E-03  4.5901136E-03
  3.5093646E-03  2.7734111E-03  2.2404052E-03
  6.0116671E-02  2.1274179E-02  1.1664108E-02  7.7863066E-03  5.7199877E-03
  4.4273874E-03  3.5400675E-03  2.8870127E-03
  7.2612837E-02  2.6429228E-02  1.4617747E-02  9.8710470E-03  7.3472527E-03
  5.7629724E-03  4.6607307E-03  0.0000000E+00
  9.0359226E-02  3.3712007E-02  1.8870126E-02  1.2929075E-02  9.7697275E-03
  7.7770958E-03  6.3708937E-03  0.0000000E+00
  0.1161498      4.4304576E-02  2.5207246E-02  1.7592877E-02  1.3546209E-02
  1.0979429E-02  9.1249617E-03  0.0000000E+00
  0.1548050      6.0331594E-02  3.5093643E-02  2.5108997E-02  1.9821923E-02
  1.6426159E-02  1.3822536E-02  0.0000000E+00
  0.2153822      8.6030088E-02  5.1611912E-02  3.8194656E-02  3.1194352E-02
  2.6527479E-02  2.1937367E-02
  0.3162419      0.1305189      8.1793062E-02  6.3586123E-02  5.4405894E-02
  4.6576608E-02
  0.4989254      0.2162112      0.1450107      0.1216764      0.1088732    
  0.8741173      0.4111145      0.3094873      0.2893460    
   1.812097       1.000000      0.9275407    
   5.194965       4.129567    
   35.55419    
  1.0000000E+10
  7.9295151E-02  2.4638508E-02  1.1686965E-02  6.6804872E-03  4.2575793E-03
  2.9152629E-03  2.1013215E-03  1.5721690E-03
  7.7533036E-02  2.5343353E-02  1.2752008E-02  7.6055974E-03  5.0012958E-03
  3.5060896E-03  2.5703551E-03  1.9489505E-03
  8.1627361E-02  2.7131382E-02  1.4301633E-02  8.8753570E-03  6.0145115E-03
  4.3145893E-03  3.2210418E-03  2.4744752E-03
  9.1474481E-02  3.0733351E-02  1.6693443E-02  1.0704845E-02  7.4630734E-03
  5.4755118E-03  4.1565173E-03  0.0000000E+00
  0.1074112      3.7004404E-02  2.0469034E-02  1.3469812E-02  9.6242549E-03
  7.2091217E-03  5.5584349E-03  0.0000000E+00
  0.1313553      4.7162477E-02  2.6457632E-02  1.7799947E-02  1.3008552E-02
  9.9300332E-03  7.7558951E-03  0.0000000E+00
  0.1683338      6.3280642E-02  3.6175173E-02  2.4874320E-02  1.8590307E-02
  1.4446747E-02  1.1352682E-02  0.0000000E+00
  0.2281938      8.9556880E-02  5.2500650E-02  3.7133973E-02  2.8478879E-02
  2.2466961E-02  1.7126199E-02
  0.3303965      0.1352423      8.2275204E-02  6.0481992E-02  4.7784403E-02
  3.7159886E-02
  0.5185281      0.2230111      0.1435346      0.1114278      8.9271836E-02
  0.9069707      0.4205753      0.2964499      0.2454263    
   1.877948       1.000000      0.8191241    
   5.335579       3.822234    
   35.86421    
