   100.0000    
  3.7439145E-02  1.3504056E-02  7.2058821E-03  4.7581131E-03  3.5136917E-03
  2.7743406E-03  2.2900607E-03  1.9523326E-03
  4.5223124E-02  1.6394524E-02  8.8184588E-03  5.8722110E-03  4.3767747E-03
  3.4893509E-03  2.9102433E-03  2.5096349E-03
  5.5425961E-02  2.0218052E-02  1.0978702E-02  7.3884376E-03  5.5679511E-03
  4.4918861E-03  3.7966531E-03  3.3230223E-03
  6.9066942E-02  2.5395537E-02  1.3950304E-02  9.5081143E-03  7.2667338E-03
  5.9533464E-03  5.1217037E-03  0.0000000E+00
  8.7829612E-02  3.2621704E-02  1.8174443E-02  1.2586206E-02  9.7920885E-03
  8.1947260E-03  7.2261663E-03  0.0000000E+00
  0.1145030      4.3057807E-02  2.4421906E-02  1.7276876E-02  1.3777890E-02
  1.1871196E-02  1.0841785E-02  0.0000000E+00
  0.1538540      5.8823530E-02  3.4168359E-02  2.4878297E-02  2.0542596E-02
  1.8488843E-02  1.7839758E-02  0.0000000E+00
  0.2148580      8.4077075E-02  5.0456386E-02  3.8301215E-02  3.3372208E-02
  3.2236308E-02  3.3382352E-02
  0.3158722      0.1276876      8.0425963E-02  6.5212980E-02  6.2221095E-02
  6.7089245E-02
  0.4980730      0.2118661      0.1442698      0.1315416      0.1476673    
  0.8706897      0.4042596      0.3192698      0.3684077    
   1.800203       1.000000       1.108519    
   5.162272       4.650101    
   37.61156    
   1000.000    
  3.7425391E-02  1.3500253E-02  7.2078905E-03  4.7587249E-03  3.5139099E-03
  2.7738996E-03  2.2888214E-03  1.9499242E-03
  4.5204852E-02  1.6393526E-02  8.8214464E-03  5.8725341E-03  4.3768338E-03
  3.4881134E-03  2.9084473E-03  2.5058170E-03
  5.5386949E-02  2.0217501E-02  1.0981285E-02  7.3899846E-03  5.5690436E-03
  4.4901366E-03  3.7936266E-03  3.3171470E-03
  6.9044001E-02  2.5397066E-02  1.3950429E-02  9.5093576E-03  7.2635305E-03
  5.9534647E-03  5.1138089E-03  0.0000000E+00
  8.7809809E-02  3.2615073E-02  1.8174000E-02  1.2589782E-02  9.7926147E-03
  8.1891753E-03  7.2129490E-03  0.0000000E+00
  0.1144158      4.3055132E-02  2.4425896E-02  1.7278705E-02  1.3773394E-02
  1.1856347E-02  1.0814365E-02  0.0000000E+00
  0.1537683      5.8826502E-02  3.4172986E-02  2.4881134E-02  2.0536166E-02
  1.8462315E-02  1.7759232E-02  0.0000000E+00
  0.2147698      8.4066764E-02  5.0455235E-02  3.8295399E-02  3.3343449E-02
  3.2134548E-02  3.2974202E-02
  0.3157309      0.1277188      8.0424882E-02  6.5199792E-02  6.2114313E-02
  6.6413753E-02
  0.4979261      0.2118867      0.1442590      0.1314112      0.1464340    
  0.8705109      0.4041983      0.3190693      0.3660597    
   1.799696       1.000000       1.103187    
   5.159332       4.634800    
   37.52655    
   10000.00    
  3.7426990E-02  1.3509567E-02  7.2104731E-03  4.7623366E-03  3.5151057E-03
  2.7729103E-03  2.2860020E-03  1.9451159E-03
  4.5206446E-02  1.6404834E-02  8.8267876E-03  5.8761328E-03  4.3776431E-03
  3.4869085E-03  2.9038270E-03  2.4984896E-03
  5.5387717E-02  2.0231621E-02  1.0986908E-02  7.3917424E-03  5.5689830E-03
  4.4874121E-03  3.7865057E-03  3.3046324E-03
  6.9033235E-02  2.5412889E-02  1.3962739E-02  9.5115816E-03  7.2658611E-03
  5.9466264E-03  5.1057404E-03  0.0000000E+00
  8.7814704E-02  3.2638468E-02  1.8187311E-02  1.2593153E-02  9.7935554E-03
  8.1772413E-03  7.1903323E-03  0.0000000E+00
  0.1144512      4.3081574E-02  2.4441088E-02  1.7286003E-02  1.3771400E-02
  1.1832830E-02  1.0760322E-02  0.0000000E+00
  0.1537764      5.8862038E-02  3.4194361E-02  2.4884190E-02  2.0518629E-02
  1.8398792E-02  1.7593151E-02  0.0000000E+00
  0.2148036      8.4088624E-02  5.0503526E-02  3.8293052E-02  3.3282980E-02
  3.1913392E-02  3.2215510E-02
  0.3157603      0.1277946      8.0463238E-02  6.5156095E-02  6.1832830E-02
  6.5105736E-02
  0.4979859      0.2119839      0.1443102      0.1310675      0.1441591    
  0.8705941      0.4043806      0.3187311      0.3615811    
   1.800101       1.000000       1.093152    
   5.161128       4.605740    
   37.37160    
   100000.0    
  3.7452549E-02  1.3536464E-02  7.2277719E-03  4.7702300E-03  3.5184815E-03
  2.7722276E-03  2.2812188E-03  1.9355644E-03
  4.5239758E-02  1.6438562E-02  8.8461544E-03  5.8891107E-03  4.3811193E-03
  3.4845155E-03  2.8961040E-03  2.4835165E-03
  5.5444557E-02  2.0269729E-02  1.1008992E-02  7.4025979E-03  5.5694305E-03
  4.4830167E-03  3.7732269E-03  3.2807195E-03
  6.9080919E-02  2.5459541E-02  1.3986015E-02  9.5254751E-03  7.2677322E-03
  5.9390613E-03  5.0799199E-03  0.0000000E+00
  8.7862141E-02  3.2692306E-02  1.8216783E-02  1.2612388E-02  9.7902101E-03
  8.1618382E-03  7.1428572E-03  0.0000000E+00
  0.1145355      4.3151852E-02  2.4485514E-02  1.7302698E-02  1.3761239E-02
  1.1793206E-02  1.0654346E-02  0.0000000E+00
  0.1538961      5.8941059E-02  3.4250747E-02  2.4905095E-02  2.0489512E-02
  1.8286714E-02  1.7287711E-02  0.0000000E+00
  0.2149850      8.4265739E-02  5.0549451E-02  3.8306691E-02  3.3176821E-02
  3.1518482E-02  3.1068930E-02
  0.3160340      0.1279720      8.0569431E-02  6.5084912E-02  6.1338659E-02
  6.3136868E-02
  0.4984516      0.2123377      0.1444056      0.1304695      0.1406094    
  0.8716283      0.4049450      0.3182318      0.3545454    
   1.802198       1.000000       1.077422    
   5.164835       4.561439    
   37.14785    
   1000000.    
  3.7509844E-02  1.3582678E-02  7.2539370E-03  4.7829724E-03  3.5216534E-03
  2.7672243E-03  2.2682087E-03  1.9143701E-03
  4.5300197E-02  1.6491141E-02  8.8730315E-03  5.9005907E-03  4.3838578E-03
  3.4763778E-03  2.8764762E-03  2.4517714E-03
  5.5511810E-02  2.0334646E-02  1.1043307E-02  7.4212598E-03  5.5708662E-03
  4.4689961E-03  3.7426183E-03  3.2298227E-03
  6.9192916E-02  2.5536416E-02  1.4030511E-02  9.5472438E-03  7.2637792E-03
  5.9104329E-03  5.0295275E-03  0.0000000E+00
  8.7992124E-02  3.2790355E-02  1.8272636E-02  1.2632873E-02  9.7834645E-03
  8.1151575E-03  7.0472439E-03  0.0000000E+00
  0.1146653      4.3277558E-02  2.4552165E-02  1.7327756E-02  1.3735236E-02
  1.1692913E-02  1.0447835E-02  0.0000000E+00
  0.1540846      5.9104331E-02  3.4335628E-02  2.4921259E-02  2.0413384E-02
  1.8051181E-02  1.6751967E-02  0.0000000E+00
  0.2152559      8.4498025E-02  5.0688975E-02  3.8287401E-02  3.2933071E-02
  3.0787401E-02  2.9355315E-02
  0.3164862      0.1283465      8.0708660E-02  6.4911418E-02  6.0334641E-02
  6.0137793E-02
  0.4990157      0.2128445      0.1444882      0.1292815      0.1350394    
  0.8730315      0.4058563      0.3170768      0.3433563    
   1.805610       1.000000       1.052165    
   5.172244       4.488681    
   36.77657    
  1.0000000E+07
  3.7707433E-02  1.3683453E-02  7.3045562E-03  4.8057553E-03  3.5251798E-03
  2.7539569E-03  2.2398080E-03  1.8709832E-03
  4.5496404E-02  1.6604317E-02  8.9304559E-03  5.9280572E-03  4.3846522E-03
  3.4551560E-03  2.8340528E-03  2.3884892E-03
  5.5731416E-02  2.0465227E-02  1.1112710E-02  7.4484413E-03  5.5683455E-03
  4.4345325E-03  3.6772180E-03  3.1314148E-03
  6.9400482E-02  2.5693046E-02  1.4110312E-02  9.5779374E-03  7.2517986E-03
  5.8561149E-03  4.9208631E-03  0.0000000E+00
  8.8249400E-02  3.2988012E-02  1.8369306E-02  1.2661870E-02  9.7506000E-03
  8.0095921E-03  6.8585132E-03  0.0000000E+00
  0.1150120      4.3529976E-02  2.4671461E-02  1.7352518E-02  1.3659473E-02
  1.1491606E-02  1.0071943E-02  0.0000000E+00
  0.1545803      5.9472419E-02  3.4494005E-02  2.4930457E-02  2.0230215E-02
  1.7592326E-02  1.5870504E-02  0.0000000E+00
  0.2159712      8.4940046E-02  5.0887290E-02  3.8215827E-02  3.2436449E-02
  2.9534772E-02  2.6892086E-02
  0.3175539      0.1290168      8.0911271E-02  6.4508393E-02  5.8609109E-02
  5.5731416E-02
  0.5011991      0.2139089      0.1445084      0.1270504      0.1266187    
  0.8767386      0.4074340      0.3147242      0.3261870    
   1.812950       1.000000       1.012470    
   5.189448       4.375540    
   36.21103    
  1.0000000E+08
  3.8782168E-02  1.3920037E-02  7.4310661E-03  4.8667281E-03  3.5390626E-03
  2.7302392E-03  2.1856618E-03  1.7927390E-03
  4.6415441E-02  1.6861213E-02  9.0624997E-03  5.9834560E-03  4.3864888E-03
  3.4117647E-03  2.7527574E-03  2.2738969E-03
  5.6571692E-02  2.0753676E-02  1.1254596E-02  7.4999998E-03  5.5514704E-03
  4.3621324E-03  3.5523898E-03  2.9590994E-03
  7.0220590E-02  2.6034007E-02  1.4269301E-02  9.6277576E-03  7.2104777E-03
  5.7352944E-03  4.7242651E-03  0.0000000E+00
  8.9108460E-02  3.3400737E-02  1.8556984E-02  1.2706802E-02  9.6645225E-03
  7.8033088E-03  6.5165441E-03  0.0000000E+00
  0.1160386      4.4053309E-02  2.4898898E-02  1.7375920E-02  1.3488051E-02
  1.1107537E-02  9.4393380E-03  0.0000000E+00
  0.1558364      6.0156249E-02  3.4774818E-02  2.4894303E-02  1.9852942E-02
  1.6787684E-02  1.4535845E-02  0.0000000E+00
  0.2176930      8.5891545E-02  5.1194854E-02  3.8000919E-02  3.1498160E-02
  2.7550552E-02  2.3648897E-02
  0.3201746      0.1303768      8.1295960E-02  6.3602939E-02  5.5744488E-02
  4.9724262E-02
  0.5055147      0.2159927      0.1444393      0.1231618      0.1149357    
  0.8841912      0.4105698      0.3104320      0.3017004    
   1.829504       1.000000      0.9549632    
   5.225184       4.211397    
   35.48254    
  1.0000000E+09
  4.4901453E-02  1.4935732E-02  7.9905735E-03  5.1585259E-03  3.6512425E-03
  2.7262210E-03  2.1071122E-03  1.6683805E-03
  5.1799484E-02  1.7712081E-02  9.5244208E-03  6.2125106E-03  4.4473009E-03
  3.3590400E-03  2.6225364E-03  2.0942588E-03
  6.1139673E-02  2.1533847E-02  1.1658097E-02  7.6735215E-03  5.5569834E-03
  4.2442153E-03  3.3470434E-03  2.6940873E-03
  7.4121676E-02  2.6816621E-02  1.4644387E-02  9.7472146E-03  7.1465294E-03
  5.5184229E-03  4.4001709E-03  0.0000000E+00
  9.2502140E-02  3.4263067E-02  1.8933160E-02  1.2776349E-02  9.4944295E-03
  7.4335900E-03  5.9897169E-03  0.0000000E+00
  0.1191517      4.5072835E-02  2.5304198E-02  1.7369322E-02  1.3136246E-02
  1.0445586E-02  8.5132811E-03  0.0000000E+00
  0.1591260      6.1439589E-02  3.5222795E-02  2.4734361E-02  1.9134533E-02
  1.5514139E-02  1.2750642E-02  0.0000000E+00
  0.2216795      8.7617815E-02  5.1713794E-02  3.7463579E-02  2.9871464E-02
  2.4742929E-02  1.9854328E-02
  0.3257069      0.1328192      8.1662379E-02  6.1910883E-02  5.1413879E-02
  4.2493571E-02
  0.5141388      0.2196658      0.1438303      0.1168380      0.1003428    
  0.9001713      0.4157240      0.3028706      0.2699657    
   1.862039       1.000000      0.8787489    
   5.295630       3.992288    
   34.97001    
  1.0000000E+10
  7.7364989E-02  2.3404825E-02  1.1053236E-02  6.3079274E-03  4.0137880E-03
  2.7433932E-03  1.9720413E-03  1.4707008E-03
  7.7058598E-02  2.4500191E-02  1.2221371E-02  7.2577558E-03  4.7529680E-03
  3.3198006E-03  2.4247414E-03  1.8303333E-03
  8.2114130E-02  2.6687091E-02  1.3891228E-02  8.5561089E-03  5.7640746E-03
  4.1095363E-03  3.0505552E-03  2.3293758E-03
  9.2608191E-02  3.0647261E-02  1.6403677E-02  1.0413635E-02  7.1964762E-03
  5.2355416E-03  3.9448487E-03  0.0000000E+00
  0.1090770      3.7227117E-02  2.0291075E-02  1.3190348E-02  9.3220985E-03
  6.9130594E-03  5.2776709E-03  0.0000000E+00
  0.1337802      4.7682878E-02  2.6376868E-02  1.7499041E-02  1.2623516E-02
  9.5174257E-03  7.3420145E-03  0.0000000E+00
  0.1719265      6.4113364E-02  3.6120258E-02  2.4477212E-02  1.8023744E-02
  1.3799310E-02  1.0681731E-02  0.0000000E+00
  0.2336652      9.0846412E-02  5.2432016E-02  3.6484104E-02  2.7495213E-02
  2.1302182E-02  1.5928762E-02
  0.3389506      0.1371505      8.1999235E-02  5.9134431E-02  4.5729604E-02
  3.4749139E-02
  0.5323631      0.2257756      0.1423975      0.1079280      8.4067404E-02
  0.9302948      0.4239755      0.2914209      0.2332823    
   1.922635       1.000000      0.7874377    
   5.427039       3.731903    
   35.54194    
