   100.0000    
  3.5110585E-02  1.2772513E-02  6.9609010E-03  4.7432859E-03  3.6512641E-03
  3.0351502E-03  2.6639020E-03  2.4387836E-03
  4.2160347E-02  1.5434439E-02  8.4913112E-03  5.8491314E-03  4.5576622E-03
  3.8428120E-03  3.4281202E-03  3.2030016E-03
  5.1402058E-02  1.8951423E-02  1.0545024E-02  7.3597953E-03  5.8214851E-03
  4.9940757E-03  4.5537124E-03  4.3720384E-03
  6.3724332E-02  2.3716431E-02  1.3374804E-02  9.4865719E-03  7.6481048E-03
  6.7160348E-03  6.3072671E-03  0.0000000E+00
  8.0647714E-02  3.0351503E-02  1.7411137E-02  1.2602686E-02  1.0418641E-02
  9.4490526E-03  9.2673786E-03  0.0000000E+00
  0.1046603      3.9968405E-02  2.3420222E-02  1.7413113E-02  1.4905214E-02
  1.4176541E-02  1.4887442E-02  0.0000000E+00
  0.1400869      5.4502372E-02  3.2859400E-02  2.5355451E-02  2.2867300E-02
  2.3479464E-02  2.7764615E-02  0.0000000E+00
  0.1950434      7.7863351E-02  4.8815165E-02  3.9869670E-02  3.9139021E-02
  4.6208531E-02  6.6686414E-02
  0.2861375      0.1185229      7.8850716E-02  7.0734598E-02  8.1694312E-02
  0.1253950    
  0.4506319      0.1978673      0.1455766      0.1575237      0.2561217    
  0.7885072      0.3832938      0.3485387      0.5880727    
   1.638823       1.000000       1.613744    
   4.828199       6.093997    
   44.64850    
   1000.000    
  3.5042904E-02  1.2765211E-02  6.9617787E-03  4.7464902E-03  3.6563966E-03
  3.0382217E-03  2.6677067E-03  2.4395476E-03
  4.2102184E-02  1.5427068E-02  8.4945401E-03  5.8541344E-03  4.5631831E-03
  3.8475043E-03  3.4321374E-03  3.2039783E-03
  5.1306557E-02  1.8941108E-02  1.0547972E-02  7.3654451E-03  5.8287834E-03
  5.0019501E-03  4.5573325E-03  4.3701250E-03
  6.3611552E-02  2.3693450E-02  1.3379486E-02  9.4949305E-03  7.6560071E-03
  6.7238696E-03  6.3124029E-03  0.0000000E+00
  8.0518723E-02  3.0343216E-02  1.7416148E-02  1.2615055E-02  1.0430967E-02
  9.4598290E-03  9.2667704E-03  0.0000000E+00
  0.1044852      3.9937600E-02  2.3420438E-02  1.7429797E-02  1.4921997E-02
  1.4184867E-02  1.4859595E-02  0.0000000E+00
  0.1398596      5.4485179E-02  3.2878317E-02  2.5390018E-02  2.2893917E-02
  2.3478940E-02  2.7554601E-02  0.0000000E+00
  0.1947348      7.7847116E-02  4.8849456E-02  3.9898600E-02  3.9157569E-02
  4.5982841E-02  6.4781591E-02
  0.2856864      0.1184867      7.8900158E-02  7.0787832E-02  8.1474267E-02
  0.1223479    
  0.4498830      0.1977379      0.1456708      0.1573713      0.2509751    
  0.7874416      0.3833854      0.3484790      0.5783932    
   1.637091       1.000000       1.592824    
   4.824493       6.033542    
   44.30577    
   10000.00    
  3.4997143E-02  1.2766241E-02  6.9708512E-03  4.7551915E-03  3.6635548E-03
  3.0443892E-03  2.6690797E-03  2.4385597E-03
  4.2027052E-02  1.5427700E-02  8.5044773E-03  5.8658789E-03  4.5722993E-03
  3.8540675E-03  3.4349398E-03  3.1987042E-03
  5.1228803E-02  1.8944561E-02  1.0560106E-02  7.3785484E-03  5.8392072E-03
  5.0085732E-03  4.5589637E-03  4.3589254E-03
  6.3516863E-02  2.3699751E-02  1.3394931E-02  9.5122876E-03  7.6719373E-03
  6.7327106E-03  6.3078678E-03  0.0000000E+00
  8.0396265E-02  3.0348636E-02  1.7437607E-02  1.2638597E-02  1.0451514E-02
  9.4665652E-03  9.2436653E-03  0.0000000E+00
  0.1043437      3.9950468E-02  2.3452085E-02  1.7462373E-02  1.4947609E-02
  1.4181748E-02  1.4764716E-02  0.0000000E+00
  0.1396647      5.4486569E-02  3.2920554E-02  2.5433416E-02  2.2918651E-02
  2.3394931E-02  2.7090874E-02  0.0000000E+00
  0.1945132      7.7862449E-02  4.8923604E-02  3.9969519E-02  3.9131261E-02
  4.5437224E-02  6.1535530E-02
  0.2851972      0.1185178      7.9005525E-02  7.0851587E-02  8.0891594E-02
  0.1170699    
  0.4494189      0.1979425      0.1458564      0.1568299      0.2419509    
  0.7866260      0.3836921      0.3482568      0.5612497    
   1.636121       1.000000       1.555344    
   4.821871       5.926843    
   43.74166    
   100000.0    
  3.4947023E-02  1.2782243E-02  6.9875778E-03  4.7716475E-03  3.6755572E-03
  3.0526125E-03  2.6708073E-03  2.4296674E-03
  4.1980270E-02  1.5445744E-02  8.5257581E-03  5.8841798E-03  4.5871395E-03
  3.8618925E-03  3.4325905E-03  3.1804896E-03
  5.1150896E-02  1.8962367E-02  1.0586408E-02  7.4022650E-03  5.8567775E-03
  5.0164415E-03  4.5487760E-03  4.3204241E-03
  6.3427106E-02  2.3730362E-02  1.3427110E-02  9.5414687E-03  7.6927291E-03
  6.7373039E-03  6.2824260E-03  0.0000000E+00
  8.0288641E-02  3.0379979E-02  1.7480819E-02  1.2676288E-02  1.0474972E-02
  9.4610890E-03  9.1724517E-03  0.0000000E+00
  0.1041834      3.9989039E-02  2.3511143E-02  1.7513700E-02  1.4972597E-02
  1.4137742E-02  1.4539642E-02  0.0000000E+00
  0.1394775      5.4548778E-02  3.2992329E-02  2.5502374E-02  2.2926562E-02
  2.3200585E-02  2.6196565E-02  0.0000000E+00
  0.1941907      7.7950314E-02  4.9050055E-02  4.0062111E-02  3.9002556E-02
  4.4373404E-02  5.6996714E-02
  0.2849835      0.1186883      7.9210818E-02  7.0862263E-02  7.9685792E-02
  0.1095177    
  0.4490318      0.1982097      0.1461271      0.1556083      0.2285349    
  0.7862623      0.3841798      0.3472781      0.5358056    
   1.635733       1.000000       1.499269    
   4.822799       5.765437    
   42.87541    
   1000000.    
  3.4942213E-02  1.2829707E-02  7.0275320E-03  4.8011555E-03  3.6947655E-03
  3.0591432E-03  2.6614547E-03  2.3997279E-03
  4.1961249E-02  1.5503059E-02  8.5723996E-03  5.9194425E-03  4.6091094E-03
  3.8664171E-03  3.4143438E-03  3.1305235E-03
  5.1138680E-02  1.9034671E-02  1.0642420E-02  7.4439151E-03  5.8820527E-03
  5.0169951E-03  4.5139361E-03  4.2301156E-03
  6.3409247E-02  2.3810331E-02  1.3499320E-02  9.5938137E-03  7.7192383E-03
  6.7267162E-03  6.2083611E-03  0.0000000E+00
  8.0251522E-02  3.0472469E-02  1.7573079E-02  1.2743032E-02  1.0503058E-02
  9.4204620E-03  9.0040788E-03  0.0000000E+00
  0.1041638      4.0125761E-02  2.3640381E-02  1.7590074E-02  1.4986403E-02
  1.4009177E-02  1.4094152E-02  0.0000000E+00
  0.1394459      5.4741669E-02  3.3157717E-02  2.5611827E-02  2.2875596E-02
  2.2756629E-02  2.4745069E-02  0.0000000E+00
  0.1942556      7.8229092E-02  4.9286198E-02  4.0159754E-02  3.8664173E-02
  4.2556085E-02  5.1053703E-02
  0.2850102      0.1191196      7.9554722E-02  7.0751190E-02  7.7515297E-02
  9.9439159E-02
  0.4491842      0.1988443      0.1465330      0.1532291      0.2105710    
  0.7868797      0.3856220      0.3451734      0.5006798    
   1.638171       1.000000       1.421312    
   4.828348       5.542148    
   41.68933    
  1.0000000E+07
  3.5144493E-02  1.2954545E-02  7.1116793E-03  4.8555085E-03  3.7221552E-03
  3.0583984E-03  2.6294400E-03  2.3329319E-03
  4.2143285E-02  1.5638171E-02  8.6679710E-03  5.9813363E-03  4.6372665E-03
  3.8576159E-03  3.3609271E-03  3.0222759E-03
  5.1324502E-02  1.9205298E-02  1.0757074E-02  7.5165560E-03  5.9105959E-03
  4.9924743E-03  4.4220351E-03  4.0472606E-03
  6.3606262E-02  2.4021674E-02  1.3639374E-02  9.6794097E-03  7.7438289E-03
  6.6706804E-03  6.0385307E-03  0.0000000E+00
  8.0493674E-02  3.0734498E-02  1.7745335E-02  1.2844671E-02  1.0511740E-02
  9.2925951E-03  8.6604450E-03  0.0000000E+00
  0.1044551      4.0457554E-02  2.3871161E-02  1.7715232E-02  1.4950330E-02
  1.3701083E-02  1.3303732E-02  0.0000000E+00
  0.1398555      5.5207707E-02  3.3473812E-02  2.5737507E-02  2.2682117E-02
  2.1914508E-02  2.2546658E-02  0.0000000E+00
  0.1949127      7.8883201E-02  4.9714029E-02  4.0231787E-02  3.7883803E-02
  3.9659843E-02  4.3422636E-02
  0.2859723      0.1201234      8.0147497E-02  7.0319086E-02  7.3841058E-02
  8.6213119E-02
  0.4510837      0.2006321      0.1470349      0.1489615      0.1863335    
  0.7904876      0.3884708      0.3413606      0.4528898    
   1.646598       1.000000       1.313817    
   4.846478       5.234798    
   40.08128    
  1.0000000E+08
  3.6462318E-02  1.3272480E-02  7.3171332E-03  4.9833478E-03  3.7819168E-03
  3.0553841E-03  2.5644503E-03  2.2055013E-03
  4.3295916E-02  1.5998520E-02  8.8836811E-03  6.1046011E-03  4.6811397E-03
  3.8226224E-03  3.2453435E-03  2.8247193E-03
  5.2362155E-02  1.9600345E-02  1.0994202E-02  7.6427776E-03  5.9343777E-03
  4.9118046E-03  4.2272108E-03  3.7288761E-03
  6.4623162E-02  2.4485013E-02  1.3913902E-02  9.8100407E-03  7.7389912E-03
  6.5128896E-03  5.7012457E-03  0.0000000E+00
  8.1571482E-02  3.1306278E-02  1.8070804E-02  1.2988775E-02  1.0450228E-02
  8.9860614E-03  8.0436654E-03  0.0000000E+00
  0.1057111      4.1198965E-02  2.4275318E-02  1.7861107E-02  1.4765018E-02
  1.3062785E-02  1.2042679E-02  0.0000000E+00
  0.1414827      5.6186009E-02  3.4007650E-02  2.5829529E-02  2.2166030E-02
  2.0426791E-02  1.9551005E-02  0.0000000E+00
  0.1971136      8.0276303E-02  5.0400887E-02  4.0101144E-02  3.6314294E-02
  3.5450846E-02  3.4834094E-02
  0.2893795      0.1221784      8.0979399E-02  6.9150120E-02  6.8126313E-02
  7.0864685E-02
  0.4565190      0.2037745      0.1474035      0.1417294      0.1573949    
  0.8007895      0.3936104      0.3341557      0.3939805    
   1.668928       1.000000       1.178981    
   4.895769       4.848896    
   38.22622    
  1.0000000E+09
  4.3112703E-02  1.4749552E-02  8.2835415E-03  5.5724503E-03  4.0849731E-03
  3.1457958E-03  2.5026833E-03  2.0375671E-03
  4.9338102E-02  1.7191412E-02  9.6690515E-03  6.5724510E-03  4.8908764E-03
  3.8282645E-03  3.0912342E-03  2.5509838E-03
  5.7728082E-02  2.0679785E-02  1.1663685E-02  8.0116270E-03  6.0465112E-03
  4.8041143E-03  3.9373883E-03  3.2915920E-03
  6.9338098E-02  2.5572451E-02  1.4534883E-02  1.0098389E-02  7.7370303E-03
  6.2450799E-03  5.1967800E-03  0.0000000E+00
  8.5822895E-02  3.2522362E-02  1.8711984E-02  1.3202146E-02  1.0295169E-02
  8.4561715E-03  7.1556349E-03  0.0000000E+00
  0.1098390      4.2656526E-02  2.4973165E-02  1.7987477E-02  1.4329159E-02
  1.2039356E-02  1.0384615E-02  0.0000000E+00
  0.1459749      5.8059033E-02  3.4821108E-02  2.5778176E-02  2.1144900E-02
  1.8273702E-02  1.6091233E-02  0.0000000E+00
  0.2025939      8.2826473E-02  5.1368516E-02  3.9534882E-02  3.3774596E-02
  3.0241502E-02  2.6565295E-02
  0.2971377      0.1258497      8.1958853E-02  6.6797853E-02  6.0491946E-02
  5.5527728E-02
  0.4689624      0.2094812      0.1471377      0.1313059      0.1273703    
  0.8229874      0.4019678      0.3226297      0.3306798    
   1.714669       1.000000       1.030411    
   4.994633       4.423077    
   36.88730    
  1.0000000E+10
  8.0418460E-02  2.7644850E-02  1.3310086E-02  7.6180254E-03  4.8540775E-03
  3.3261802E-03  2.4012874E-03  1.8020386E-03
  7.6072961E-02  2.7312232E-02  1.4098712E-02  8.4710298E-03  5.5901287E-03
  3.9324034E-03  2.8959229E-03  2.2081546E-03
  7.8809015E-02  2.8106224E-02  1.5327252E-02  9.6512875E-03  6.5987124E-03
  4.7703860E-03  3.5879826E-03  2.7800428E-03
  8.7875538E-02  3.0853003E-02  1.7387340E-02  1.1389485E-02  8.0579398E-03
  5.9817596E-03  4.5944205E-03  0.0000000E+00
  0.1031116      3.6437768E-02  2.0874463E-02  1.4087982E-02  1.0262876E-02
  7.8165242E-03  6.1212443E-03  0.0000000E+00
  0.1258584      4.5987122E-02  2.6657727E-02  1.8422745E-02  1.3776824E-02
  1.0740343E-02  8.5675968E-03  0.0000000E+00
  0.1606760      6.1480682E-02  3.6228541E-02  2.5649142E-02  1.9683477E-02
  1.5697425E-02  1.2666308E-02  0.0000000E+00
  0.2170064      8.6963519E-02  5.2601933E-02  3.8385194E-02  3.0354077E-02
  2.4710301E-02  1.9517167E-02
  0.3134657      0.1315451      8.2778968E-02  6.3036479E-02  5.1679187E-02
  4.1909870E-02
  0.4916309      0.2176502      0.1456545      0.1180794      9.9409871E-02
  0.8610515      0.4134656      0.3063305      0.2690987    
   1.791309       1.000000      0.8803648    
   5.158262       3.994099    
   36.52897    
