   100.0000    
  3.7071627E-02  1.3390752E-02  7.1758842E-03  4.7642794E-03  3.5439711E-03
  2.8218497E-03  2.3513148E-03  2.0249321E-03
  4.4741616E-02  1.6251134E-02  8.7760650E-03  5.8794203E-03  4.4156848E-03
  3.5521307E-03  2.9932004E-03  2.6101542E-03
  5.4759748E-02  2.0027200E-02  1.0924751E-02  7.3980056E-03  5.6210337E-03
  4.5784228E-03  3.9143246E-03  3.4696283E-03
  6.8223029E-02  2.5140526E-02  1.3875794E-02  9.5240260E-03  7.3436089E-03
  6.0834093E-03  5.2991840E-03  0.0000000E+00
  8.6672716E-02  3.2271080E-02  1.8073438E-02  1.2615594E-02  9.9138711E-03
  8.3952863E-03  7.5113326E-03  0.0000000E+00
  0.1129193      4.2579331E-02  2.4292838E-02  1.7334543E-02  1.3980055E-02
  1.2221215E-02  1.1368995E-02  0.0000000E+00
  0.1515866      5.8159567E-02  3.4002721E-02  2.5004534E-02  2.0929284E-02
  1.9188577E-02  1.8980054E-02  0.0000000E+00
  0.2116047      8.3091572E-02  5.0271988E-02  3.8612876E-02  3.4242976E-02
  3.3930194E-02  3.6468722E-02
  0.3109247      0.1262919      8.0281056E-02  6.6137806E-02  6.4732552E-02
  7.2665460E-02
  0.4900272      0.2097008      0.1446510      0.1351315      0.1584769    
  0.8572077      0.4010880      0.3235268      0.3910245    
   1.773346       1.000000       1.161831    
   5.104261       4.800544    
   38.30462    
   1000.000    
  3.7066001E-02  1.3395118E-02  7.1790232E-03  4.7694393E-03  3.5452079E-03
  2.8223325E-03  2.3508137E-03  2.0235081E-03
  4.4728752E-02  1.6256781E-02  8.7793851E-03  5.8860760E-03  4.4177212E-03
  3.5524410E-03  2.9923145E-03  2.6071428E-03
  5.4746836E-02  2.0031646E-02  1.0926763E-02  7.4005420E-03  5.6238696E-03
  4.5795655E-03  3.9122966E-03  3.4647377E-03
  6.8218805E-02  2.5144665E-02  1.3883363E-02  9.5298374E-03  7.3462930E-03
  6.0804696E-03  5.2938517E-03  0.0000000E+00
  8.6663648E-02  3.2278478E-02  1.8083183E-02  1.2622061E-02  9.9186255E-03
  8.3951177E-03  7.5045205E-03  0.0000000E+00
  0.1128843      4.2590413E-02  2.4303796E-02  1.7341770E-02  1.3982820E-02
  1.2215190E-02  1.1347197E-02  0.0000000E+00
  0.1515823      5.8182638E-02  3.4018986E-02  2.5013562E-02  2.0931285E-02
  1.9163653E-02  1.8892406E-02  0.0000000E+00
  0.2115732      8.3137430E-02  5.0271247E-02  3.8621157E-02  3.4222420E-02
  3.3824593E-02  3.5985533E-02
  0.3108951      0.1263110      8.0289327E-02  6.6139236E-02  6.4602174E-02
  7.1880646E-02
  0.4900542      0.2097649      0.1447107      0.1349910      0.1570524    
  0.8571429      0.4012206      0.3234177      0.3883363    
   1.773508       1.000000       1.155967    
   5.103978       4.783001    
   38.21428    
   10000.00    
  3.7068345E-02  1.3408273E-02  7.1852515E-03  4.7706831E-03  3.5476617E-03
  2.8219423E-03  2.3484712E-03  2.0184352E-03
  4.4734713E-02  1.6267985E-02  8.7904679E-03  5.8902875E-03  4.4199638E-03
  3.5521581E-03  2.9883091E-03  2.5998200E-03
  5.4766186E-02  2.0049460E-02  1.0939748E-02  7.4100718E-03  5.6249998E-03
  4.5773378E-03  3.9060253E-03  3.4518884E-03
  6.8210430E-02  2.5166366E-02  1.3893884E-02  9.5368708E-03  7.3471223E-03
  6.0791364E-03  5.2832733E-03  0.0000000E+00
  8.6690649E-02  3.2302156E-02  1.8098021E-02  1.2630395E-02  9.9190641E-03
  8.3857905E-03  7.4775177E-03  0.0000000E+00
  0.1129047      4.2621400E-02  2.4325538E-02  1.7351618E-02  1.3979316E-02
  1.2189748E-02  1.1285971E-02  0.0000000E+00
  0.1515737      5.8228415E-02  3.4046762E-02  2.5026977E-02  2.0917265E-02
  1.9100718E-02  1.8700540E-02  0.0000000E+00
  0.2116007      8.3183452E-02  5.0314747E-02  3.8633093E-02  3.4168165E-02
  3.3579137E-02  3.5080936E-02
  0.3109263      0.1263939      8.0350712E-02  6.6097118E-02  6.4343520E-02
  7.0368700E-02
  0.4901079      0.2098921      0.1447392      0.1346673      0.1543615    
  0.8574640      0.4014388      0.3231564      0.3830935    
   1.774280       1.000000       1.144335    
   5.107913       4.752697    
   38.04406    
   100000.0    
  3.7076101E-02  1.3426791E-02  7.2007119E-03  4.7797062E-03  3.5500668E-03
  2.8206496E-03  2.3422341E-03  2.0075657E-03
  4.4726305E-02  1.6292835E-02  8.8028489E-03  5.8967513E-03  4.4223410E-03
  3.5487316E-03  2.9790832E-03  2.5829996E-03
  5.4784156E-02  2.0075656E-02  1.0956831E-02  7.4187806E-03  5.6252782E-03
  4.5705382E-03  3.8905207E-03  3.4241211E-03
  6.8224303E-02  2.5202492E-02  1.3916333E-02  9.5460610E-03  7.3475745E-03
  6.0658655E-03  5.2558971E-03  0.0000000E+00
  8.6693369E-02  3.2345351E-02  1.8121939E-02  1.2643524E-02  9.9154431E-03
  8.3622606E-03  7.4276812E-03  0.0000000E+00
  0.1129061      4.2674679E-02  2.4356920E-02  1.7365376E-02  1.3969738E-02
  1.2140632E-02  1.1161549E-02  0.0000000E+00
  0.1516244      5.8299955E-02  3.4094349E-02  2.5037829E-02  2.0881174E-02
  1.8967513E-02  1.8344460E-02  0.0000000E+00
  0.2116600      8.3311088E-02  5.0378282E-02  3.8629282E-02  3.4040943E-02
  3.3115264E-02  3.3702716E-02
  0.3110369      0.1265688      8.0462836E-02  6.5999106E-02  6.3729413E-02
  6.8001784E-02
  0.4904317      0.2101469      0.1448153      0.1339564      0.1500668    
  0.8580329      0.4018691      0.3224744      0.3746774    
   1.775256       1.000000       1.125501    
   5.109034       4.699599    
   37.75701    
   1000000.    
  3.7128497E-02  1.3474650E-02  7.2246506E-03  4.7945804E-03  3.5546329E-03
  2.8159965E-03  2.3291083E-03  1.9847027E-03
  4.4798952E-02  1.6346153E-02  8.8374121E-03  5.9134616E-03  4.4274474E-03
  3.5410838E-03  2.9589159E-03  2.5480769E-03
  5.4851398E-02  2.0139860E-02  1.0992132E-02  7.4344408E-03  5.6293705E-03
  4.5585665E-03  3.8579542E-03  3.3680070E-03
  6.8312936E-02  2.5279719E-02  1.3959790E-02  9.5673073E-03  7.3470282E-03
  6.0402094E-03  5.2010491E-03  0.0000000E+00
  8.6800694E-02  3.2443181E-02  1.8181818E-02  1.2670454E-02  9.9082170E-03
  8.3173076E-03  7.3208041E-03  0.0000000E+00
  0.1130245      4.2801570E-02  2.4431817E-02  1.7395105E-02  1.3942308E-02
  1.2036713E-02  1.0930944E-02  0.0000000E+00
  0.1517919      5.8435310E-02  3.4187064E-02  2.5061188E-02  2.0799823E-02
  1.8706294E-02  1.7727273E-02  0.0000000E+00
  0.2119318      8.3522722E-02  5.0524473E-02  3.8623251E-02  3.3776224E-02
  3.2285839E-02  3.1682692E-02
  0.3114510      0.1269231      8.0594406E-02  6.5821677E-02  6.2631123E-02
  6.4466782E-02
  0.4912587      0.2107080      0.1448864      0.1326049      0.1435752    
  0.8592657      0.4027972      0.3211538      0.3616259    
   1.778409       1.000000       1.095717    
   5.118007       4.611014    
   37.32080    
  1.0000000E+07
  3.7334744E-02  1.3580509E-02  7.2796610E-03  4.8220339E-03  3.5610171E-03
  2.8042374E-03  2.2995763E-03  1.9385592E-03
  4.4999998E-02  1.6466102E-02  8.8983048E-03  5.9449151E-03  4.4322032E-03
  3.5207628E-03  2.9144068E-03  2.4792373E-03
  5.5042371E-02  2.0279663E-02  1.1067796E-02  7.4703391E-03  5.6271190E-03
  4.5254240E-03  3.7889830E-03  3.2601696E-03
  6.8516947E-02  2.5449153E-02  1.4050848E-02  9.6059330E-03  7.3389830E-03
  5.9830509E-03  5.0847461E-03  0.0000000E+00
  8.7076277E-02  3.2652546E-02  1.8288136E-02  1.2707627E-02  9.8771183E-03
  8.2076276E-03  7.1144067E-03  0.0000000E+00
  0.1133898      4.3050848E-02  2.4567796E-02  1.7432204E-02  1.3872881E-02
  1.1822035E-02  1.0512712E-02  0.0000000E+00
  0.1522881      5.8813561E-02  3.4364406E-02  2.5080509E-02  2.0618645E-02
  1.8207626E-02  1.6724577E-02  0.0000000E+00
  0.2126271      8.4025428E-02  5.0720342E-02  3.8563561E-02  3.3245765E-02
  3.0877119E-02  2.8809322E-02
  0.3125424      0.1276271      8.0889829E-02  6.5423734E-02  6.0720343E-02
  5.9322033E-02
  0.4932203      0.2118644      0.1450000      0.1301695      0.1338559    
  0.8627119      0.4045763      0.3186865      0.3419068    
   1.786441       1.000000       1.050424    
   5.135593       4.483051    
   36.67373    
  1.0000000E+08
  3.8442656E-02  1.3826963E-02  7.4164988E-03  4.8893359E-03  3.5790747E-03
  2.7814892E-03  2.2434609E-03  1.8535212E-03
  4.5955736E-02  1.6732395E-02  9.0382295E-03  6.0080485E-03  4.4346079E-03
  3.4772637E-03  2.8277666E-03  2.3545271E-03
  5.5935618E-02  2.0583501E-02  1.1219316E-02  7.5291749E-03  5.6177066E-03
  4.4507044E-03  3.6547284E-03  3.0708250E-03
  6.9376260E-02  2.5802817E-02  1.4221327E-02  9.6619716E-03  7.2997990E-03
  5.8551310E-03  4.8692157E-03  0.0000000E+00
  8.7967806E-02  3.3086520E-02  1.8490946E-02  1.2760564E-02  9.7947689E-03
  7.9879276E-03  6.7444672E-03  0.0000000E+00
  0.1144064      4.3621734E-02  2.4816902E-02  1.7464789E-02  1.3694165E-02
  1.1404427E-02  9.8148892E-03  0.0000000E+00
  0.1536016      5.9517104E-02  3.4672033E-02  2.5058351E-02  2.0217303E-02
  1.7323945E-02  1.5223339E-02  0.0000000E+00
  0.2144467      8.5030183E-02  5.1106643E-02  3.8350102E-02  3.2229379E-02
  2.8659962E-02  2.5082495E-02
  0.3152515      0.1290946      8.1287727E-02  6.4507045E-02  5.7545274E-02
  5.2474849E-02
  0.4973843      0.2140845      0.1449497      0.1259155      0.1206036    
  0.8708249      0.4080483      0.3140443      0.3141650    
   1.803622       1.000000      0.9859155    
   5.171026       4.297787    
   35.83501    
  1.0000000E+09
  4.4691082E-02  1.4913060E-02  8.0281170E-03  5.2164262E-03  3.7143915E-03
  2.7876436E-03  2.1657420E-03  1.7232704E-03
  5.1461339E-02  1.7647060E-02  9.5486501E-03  6.2671104E-03  4.5135035E-03
  3.4306326E-03  2.6940438E-03  2.1631522E-03
  6.0673326E-02  2.1416945E-02  1.1664817E-02  7.7284495E-03  5.6344802E-03
  4.3322234E-03  3.4384020E-03  2.7850538E-03
  7.3436923E-02  2.6640769E-02  1.4639290E-02  9.8113213E-03  7.2438037E-03
  5.6381798E-03  4.5246021E-03  0.0000000E+00
  9.1490939E-02  3.4010358E-02  1.8912321E-02  1.2852386E-02  9.6300412E-03
  7.5989640E-03  6.1709215E-03  0.0000000E+00
  0.1177581      4.4728082E-02  2.5268221E-02  1.7480576E-02  1.3337034E-02
  1.0702923E-02  8.8013317E-03  0.0000000E+00
  0.1571217      6.0932301E-02  3.5179432E-02  2.4920458E-02  1.9463560E-02
  1.5945246E-02  1.3251943E-02  0.0000000E+00
  0.2187569      8.6903438E-02  5.1683314E-02  3.7809841E-02  3.0499447E-02
  2.5582686E-02  2.0821311E-02
  0.3212727      0.1317795      8.1761010E-02  6.2745102E-02  5.2830189E-02
  4.4395115E-02
  0.5068442      0.2180910      0.1444321      0.1191639      0.1043285    
  0.8879024      0.4136145      0.3061413      0.2790603    
   1.838698       1.000000      0.9015909    
   5.249722       4.058454    
   35.24232    
  1.0000000E+10
  7.8294568E-02  2.3959948E-02  1.1337209E-02  6.4760982E-03  4.1246768E-03
  2.8229973E-03  2.0316537E-03  1.5177648E-03
  7.7293277E-02  2.4880491E-02  1.2461239E-02  7.4160201E-03  4.8675709E-03
  3.4043926E-03  2.4925708E-03  1.8856589E-03
  8.1912145E-02  2.6892764E-02  1.4076227E-02  8.7015498E-03  5.8785523E-03
  4.2054262E-03  3.1301680E-03  2.3972867E-03
  9.2086561E-02  3.0687982E-02  1.6537467E-02  1.0549095E-02  7.3191212E-03
  5.3488375E-03  4.0439274E-03  0.0000000E+00
  0.1082687      3.7112400E-02  2.0371446E-02  1.3320412E-02  9.4638243E-03
  7.0510334E-03  5.4102065E-03  0.0000000E+00
  0.1326227      4.7416016E-02  2.6417958E-02  1.7638888E-02  1.2803617E-02
  9.7125312E-03  7.5387596E-03  0.0000000E+00
  0.1702196      6.3727386E-02  3.6143407E-02  2.4667313E-02  1.8294573E-02
  1.4108527E-02  1.0998062E-02  0.0000000E+00
  0.2310400      9.0245470E-02  5.2487079E-02  3.6789402E-02  2.7965115E-02
  2.1854004E-02  1.6489018E-02
  0.3349483      0.1362403      8.2138240E-02  5.9754521E-02  4.6705425E-02
  3.5885010E-02
  0.5255167      0.2244509      0.1429587      0.1095930      8.6531006E-02
  0.9192507      0.4224806      0.2938630      0.2390181    
   1.901163       1.000000      0.8026485    
   5.381137       3.772610    
   35.69121    
