   100.0000    
  4.4169016E-02  1.5055399E-02  7.3258220E-03  4.3323948E-03  2.8450706E-03
  1.9943663E-03  1.4640376E-03  1.1115493E-03
  5.3896718E-02  1.8428169E-02  9.0028169E-03  5.3464789E-03  3.5248827E-03
  2.4807511E-03  1.8261033E-03  1.3907981E-03
  6.6760570E-02  2.2910800E-02  1.1246949E-02  6.7117373E-03  4.4450709E-03
  3.1417843E-03  2.3230046E-03  1.7757746E-03
  8.4131457E-02  2.8995305E-02  1.4321128E-02  8.5971830E-03  5.7277000E-03
  4.0694834E-03  3.0253523E-03  0.0000000E+00
  0.1081878      3.7502348E-02  1.8661033E-02  1.1288263E-02  7.5737094E-03
  5.4197186E-03  4.0563382E-03  0.0000000E+00
  0.1425728      4.9802821E-02  2.5014086E-02  1.5278873E-02  1.0351174E-02
  7.4760569E-03  5.6394367E-03  0.0000000E+00
  0.1936150      6.8319254E-02  3.4741785E-02  2.1502348E-02  1.4753052E-02
  1.0788732E-02  8.2009388E-03  0.0000000E+00
  0.2730516      9.7727701E-02  5.0553992E-02  3.1849768E-02  2.2253523E-02
  1.6522067E-02  1.2343663E-02
  0.4046949      0.1478122      7.8347422E-02  5.0666668E-02  3.6319248E-02
  2.6929580E-02
  0.6411268      0.2416901      0.1329577      8.9577474E-02  6.5671362E-02
   1.119812      0.4448826      0.2602817      0.1858779    
   2.279812       1.000000      0.6544601    
   6.157747       3.361502    
   32.88263    
   1000.000    
  4.4160720E-02  1.5058205E-02  7.3263235E-03  4.3334584E-03  2.8464138E-03
  1.9939919E-03  1.4635749E-03  1.1107774E-03
  5.3905368E-02  1.8430343E-02  9.0048816E-03  5.3473529E-03  3.5242208E-03
  2.4802852E-03  1.8253849E-03  1.3897860E-03
  6.6766806E-02  2.2906497E-02  1.1246714E-02  6.7123543E-03  4.4442359E-03
  3.1411941E-03  2.3206908E-03  1.7743147E-03
  8.4134437E-02  2.8989861E-02  1.4322192E-02  8.5974457E-03  5.7266243E-03
  4.0687192E-03  3.0229066E-03  0.0000000E+00
  0.1081863      3.7514083E-02  1.8663162E-02  1.1288021E-02  7.5722868E-03
  5.4187006E-03  4.0518213E-03  0.0000000E+00
  0.1425648      4.9793467E-02  2.5009388E-02  1.5277882E-02  1.0347352E-02
  7.4727749E-03  5.6346222E-03  0.0000000E+00
  0.1935787      6.8325199E-02  3.4754038E-02  2.1498309E-02  1.4750281E-02
  1.0781074E-02  8.1900107E-03  0.0000000E+00
  0.2730004      9.7728126E-02  5.0563272E-02  3.1843785E-02  2.2249343E-02
  1.6503943E-02  1.2298159E-02
  0.4046188      0.1478220      7.8351483E-02  5.0657153E-02  3.6293652E-02
  2.6868192E-02
  0.6411941      0.2418325      0.1329516      8.9523092E-02  6.5527596E-02
   1.119790      0.4449869      0.2602328      0.1855802    
   2.281262       1.000000      0.6537739    
   6.158468       3.358994    
   32.87645    
   10000.00    
  4.4162910E-02  1.5063814E-02  7.3292041E-03  4.3337089E-03  2.8453453E-03
  1.9932433E-03  1.4620872E-03  1.1090466E-03
  5.3903904E-02  1.8438440E-02  9.0071317E-03  5.3472221E-03  3.5228978E-03
  2.4774773E-03  1.8233859E-03  1.3873874E-03
  6.6779278E-02  2.2916667E-02  1.1250000E-02  6.7117116E-03  4.4425675E-03
  3.1381382E-03  2.3179429E-03  1.7708334E-03
  8.4140390E-02  2.9016517E-02  1.4324324E-02  8.5979728E-03  5.7244743E-03
  4.0653152E-03  3.0180181E-03  0.0000000E+00
  0.1082020      3.7518770E-02  1.8665541E-02  1.1287537E-02  7.5694448E-03
  5.4129129E-03  4.0465468E-03  0.0000000E+00
  0.1425863      4.9812313E-02  2.5018768E-02  1.5277778E-02  1.0343469E-02
  7.4643395E-03  5.6212461E-03  0.0000000E+00
  0.1936937      6.8337090E-02  3.4759760E-02  2.1490239E-02  1.4739114E-02
  1.0763889E-02  8.1587834E-03  0.0000000E+00
  0.2730856      9.7766519E-02  5.0563063E-02  3.1831834E-02  2.2222221E-02
  1.6460210E-02  1.2190315E-02
  0.4046547      0.1478603      7.8359611E-02  5.0638136E-02  3.6223724E-02
  2.6670421E-02
  0.6413288      0.2417417      0.1329392      8.9433178E-02  6.5165170E-02
   1.120120      0.4450075      0.2601351      0.1848536    
   2.280406       1.000000      0.6522148    
   6.159910       3.353979    
   32.84534    
   100000.0    
  4.4186048E-02  1.5075020E-02  7.3330835E-03  4.3342090E-03  2.8432109E-03
  1.9917481E-03  1.4591148E-03  1.1055889E-03
  5.3919733E-02  1.8452737E-02  9.0116281E-03  5.3469618E-03  3.5221307E-03
  2.4756189E-03  1.8193923E-03  1.3825957E-03
  6.6785455E-02  2.2936985E-02  1.1254689E-02  6.7123035E-03  4.4411104E-03
  3.1339086E-03  2.3124530E-03  1.7638785E-03
  8.4171049E-02  2.9032258E-02  1.4330458E-02  8.5971495E-03  5.7201805E-03
  4.0585147E-03  3.0101277E-03  0.0000000E+00
  0.1082333      3.7546888E-02  1.8674044E-02  1.1286572E-02  7.5637666E-03
  5.4032258E-03  4.0322579E-03  0.0000000E+00
  0.1426482      4.9849965E-02  2.5037508E-02  1.5273819E-02  1.0331958E-02
  7.4474872E-03  5.5945241E-03  0.0000000E+00
  0.1937359      6.8379596E-02  3.4771193E-02  2.1492874E-02  1.4720555E-02
  1.0729558E-02  8.1020258E-03  0.0000000E+00
  0.2732558      9.7824462E-02  5.0581399E-02  3.1826708E-02  2.2186797E-02
  1.6374718E-02  1.2016130E-02
  0.4049137      0.1479370      7.8357086E-02  5.0581399E-02  3.6102779E-02
  2.6369093E-02
  0.6415979      0.2419355      0.1329145      8.9253560E-02  6.4572394E-02
   1.120593      0.4450488      0.2599400      0.1836272    
   2.282446       1.000000      0.6492873    
   6.162791       3.345836    
   32.82071    
   1000000.    
  4.4203036E-02  1.5100207E-02  7.3403264E-03  4.3341452E-03  2.8413560E-03
  1.9872636E-03  1.4534558E-03  1.0990822E-03
  5.3961419E-02  1.8479116E-02  9.0204151E-03  5.3474437E-03  3.5175127E-03
  2.4686269E-03  1.8117626E-03  1.3736655E-03
  6.6828996E-02  2.2963103E-02  1.1264282E-02  6.7109950E-03  4.4352873E-03
  3.1260536E-03  2.3019293E-03  1.7507025E-03
  8.4210530E-02  2.9069114E-02  1.4343510E-02  8.5952431E-03  5.7126805E-03
  4.0457016E-03  2.9930698E-03  0.0000000E+00
  0.1082974      3.7591308E-02  1.8687021E-02  1.1283012E-02  7.5519760E-03
  5.3849039E-03  4.0044952E-03  0.0000000E+00
  0.1427421      4.9915716E-02  2.5042143E-02  1.5266905E-02  1.0310919E-02
  7.4133733E-03  5.5478555E-03  0.0000000E+00
  0.1938565      6.8458512E-02  3.4781795E-02  2.1464694E-02  1.4680653E-02
  1.0666791E-02  7.9996251E-03  0.0000000E+00
  0.2734594      9.7939692E-02  5.0589997E-02  3.1784978E-02  2.2101518E-02
  1.6222138E-02  1.1756884E-02
  0.4051321      0.1480989      7.8366734E-02  5.0477616E-02  3.5868142E-02
  2.5884997E-02
  0.6422551      0.2421802      0.1328713      8.8911787E-02  6.3644879E-02
   1.121558      0.4454018      0.2595992      0.1816632    
   2.285072       1.000000      0.6445027    
   6.167822       3.332085    
   32.75895    
  1.0000000E+07
  4.4309475E-02  1.5146702E-02  7.3556346E-03  4.3375073E-03  2.8368528E-03
  1.9790693E-03  1.4423472E-03  1.0865259E-03
  5.4064661E-02  1.8534854E-02  9.0375626E-03  5.3485329E-03  3.5114931E-03
  2.4574844E-03  1.7966735E-03  1.3561951E-03
  6.6940762E-02  2.3042424E-02  1.1285741E-02  6.7108953E-03  4.4253408E-03
  3.1096991E-03  2.2818164E-03  1.7258456E-03
  8.4339373E-02  2.9153429E-02  1.4365539E-02  8.5946554E-03  5.6961314E-03
  4.0216781E-03  2.9620633E-03  0.0000000E+00
  0.1084657      3.7693888E-02  1.8706784E-02  1.1276397E-02  7.5256964E-03
  5.3466642E-03  3.9562699E-03  0.0000000E+00
  0.1429452      5.0028034E-02  2.5079425E-02  1.5253223E-02  1.0269108E-02
  7.3500280E-03  5.4606614E-03  0.0000000E+00
  0.1941693      6.8622686E-02  3.4815922E-02  2.1435246E-02  1.4604746E-02
  1.0545692E-02  7.8284433E-03  0.0000000E+00
  0.2737806      9.8149881E-02  5.0626051E-02  3.1713698E-02  2.1939823E-02
  1.5952157E-02  1.1366100E-02
  0.4059055      0.1484022      7.8377873E-02  5.0308354E-02  3.5451319E-02
  2.5154177E-02
  0.6432442      0.2425715      0.1327789      8.8282563E-02  6.2175293E-02
   1.123715      0.4460849      0.2588301      0.1784713    
   2.289292       1.000000      0.6368903    
   6.178284       3.311530    
   32.66679    
  1.0000000E+08
  4.4963695E-02  1.5246696E-02  7.3878234E-03  4.3418361E-03  2.8262893E-03
  1.9605288E-03  1.4205921E-03  1.0623720E-03
  5.4589462E-02  1.8655743E-02  9.0727983E-03  5.3509590E-03  3.4965556E-03
  2.4334390E-03  1.7674549E-03  1.3241483E-03
  6.7398995E-02  2.3161424E-02  1.1323777E-02  6.7101102E-03  4.4032773E-03
  3.0757773E-03  2.2398066E-03  1.6808789E-03
  8.4751442E-02  2.9305531E-02  1.4408863E-02  8.5887183E-03  5.6637498E-03
  3.9731893E-03  2.9044873E-03  0.0000000E+00
  0.1088810      3.7870042E-02  1.8767454E-02  1.1262336E-02  7.4753305E-03
  5.2727615E-03  3.8652020E-03  0.0000000E+00
  0.1434184      5.0269969E-02  2.5134984E-02  1.5222492E-02  1.0186185E-02
  7.2277044E-03  5.3099981E-03  0.0000000E+00
  0.1947496      6.8944328E-02  3.4872465E-02  2.1374047E-02  1.4455409E-02
  1.0325824E-02  7.5460807E-03  0.0000000E+00
  0.2746230      9.8566383E-02  5.0679579E-02  3.1576991E-02  2.1634705E-02
  1.5498046E-02  1.0798735E-02
  0.4071867      0.1489853      7.8383915E-02  4.9934838E-02  3.4723513E-02
  2.4055112E-02
  0.6455037      0.2433439      0.1325452      8.7134615E-02  5.9914358E-02
   1.127909      0.4472165      0.2573078      0.1734500    
   2.297524       1.000000      0.6244647    
   6.198101       3.274996    
   32.56377    
  1.0000000E+09
  4.9546551E-02  1.5613548E-02  7.5124931E-03  4.3697949E-03  2.8095504E-03
  1.9230057E-03  1.3759023E-03  1.0161021E-03
  5.8449011E-02  1.8970942E-02  9.1782343E-03  5.3655379E-03  3.4684434E-03
  2.3838608E-03  1.7105312E-03  1.2654081E-03
  7.0516385E-02  2.3468444E-02  1.1417731E-02  6.7129373E-03  4.3605403E-03
  3.0094392E-03  2.1654638E-03  1.6029984E-03
  8.7247826E-02  2.9631687E-02  1.4499353E-02  8.5748658E-03  5.5987416E-03
  3.8811774E-03  2.7984453E-03  0.0000000E+00
  0.1108828      3.8256526E-02  1.8859893E-02  1.1227096E-02  7.3736813E-03
  5.1341848E-03  3.7090508E-03  0.0000000E+00
  0.1451416      5.0731078E-02  2.5226727E-02  1.5150843E-02  1.0024060E-02
  7.0109204E-03  5.0620027E-03  0.0000000E+00
  0.1963724      6.9516934E-02  3.4980569E-02  2.1228947E-02  1.4173607E-02
  9.9537298E-03  7.1238205E-03  0.0000000E+00
  0.2766981      9.9333711E-02  5.0749585E-02  3.1278919E-02  2.1080881E-02
  1.4780678E-02  1.0029614E-02
  0.4099574      0.1500463      7.8345366E-02  4.9231909E-02  3.3499908E-02
  2.2506015E-02
  0.6498242      0.2448640      0.1320563      8.5119382E-02  5.6635205E-02
   1.135851      0.4491949      0.2544883      0.1658893    
   2.313529       1.000000      0.6052194    
   6.233574       3.220433    
   32.70405    
  1.0000000E+10
  6.9913782E-02  1.8657127E-02  8.3232438E-03  4.5477897E-03  2.7829756E-03
  1.8336086E-03  1.2731609E-03  9.1891398E-04
  7.6683179E-02  2.1408917E-02  9.8569077E-03  5.5035776E-03  3.4177217E-03
  2.2748120E-03  1.5898001E-03  1.1517153E-03
  8.7121628E-02  2.5334802E-02  1.1950102E-02  6.7969183E-03  4.2762794E-03
  2.8728673E-03  2.0179783E-03  1.4652357E-03
  0.1021647      3.1040177E-02  1.4892681E-02  8.5947532E-03  5.4705562E-03
  3.7002387E-03  2.6105305E-03  0.0000000E+00
  0.1237204      3.9368924E-02  1.9134104E-02  1.1177766E-02  7.1803341E-03
  4.8871767E-03  3.4562468E-03  0.0000000E+00
  0.1556045      5.1751971E-02  2.5444873E-02  1.5010091E-02  9.7211525E-03
  6.6483216E-03  4.6927170E-03  0.0000000E+00
  0.2047331      7.0647590E-02  3.5131171E-02  2.0950286E-02  1.3676390E-02
  9.3707582E-03  6.5382505E-03  0.0000000E+00
  0.2836177      0.1007338      5.0816368E-02  3.0709961E-02  2.0198129E-02
  1.3749771E-02  9.0643922E-03
  0.4168043      0.1519171      7.8187495E-02  4.7991198E-02  3.1645570E-02
  2.0528344E-02
  0.6587782      0.2474775      0.1310402      8.1911579E-02  5.2265640E-02
   1.150798      0.4525775      0.2496790      0.1554394    
   2.344524       1.000000      0.5778756    
   6.301596       3.142543    
   34.17722    
