   100.0000    
  0.0000000E+00  1.4174353E-02  6.1023985E-03  3.7647602E-03  2.6854244E-03
  2.0691880E-03  1.6725091E-03  1.3976014E-03
  0.0000000E+00  1.7237086E-02  7.4677123E-03  4.6448340E-03  3.3404059E-03
  2.5964021E-03  2.1180811E-03  1.7878228E-03
  0.0000000E+00  2.1291511E-02  9.2942808E-03  5.8348705E-03  4.2403135E-03
  3.3321034E-03  2.7509225E-03  2.3519373E-03
  0.0000000E+00  2.6780443E-02  1.1798893E-02  7.4953875E-03  5.5166050E-03
  4.3976014E-03  3.6872693E-03  0.0000000E+00
  0.0000000E+00  3.4437269E-02  1.5350552E-02  9.8985238E-03  7.4077491E-03
  6.0147601E-03  5.1522139E-03  0.0000000E+00
  0.0000000E+00  4.5502767E-02  2.0585792E-02  1.3533209E-02  1.0364391E-02
  8.6346865E-03  7.6245386E-03  0.0000000E+00
  0.0000000E+00  6.2223244E-02  2.8690035E-02  1.9372692E-02  1.5318265E-02
  1.3265682E-02  1.2264760E-02  0.0000000E+00
  0.0000000E+00  8.8837631E-02  4.2117160E-02  2.9557195E-02  2.4529520E-02
  2.2573801E-02  2.2043357E-02
  0.0000000E+00  0.1347325      6.6512913E-02  4.9584869E-02  4.4598710E-02
  4.4898525E-02
  0.0000000E+00  0.2223708      0.1172970      9.7278602E-02  0.1005074    
  0.0000000E+00  0.4188653      0.2509225      0.2565959    
  0.0000000E+00   1.000000      0.8048893    
  0.0000000E+00   4.123616    
   28.63469    
   1000.000    
  0.0000000E+00  1.4175876E-02  6.1049727E-03  3.7656541E-03  2.6860039E-03
  2.0690609E-03  1.6717312E-03  1.3964090E-03
  0.0000000E+00  1.7242175E-02  7.4723759E-03  4.6454882E-03  3.3411605E-03
  2.5962249E-03  2.1169430E-03  1.7859116E-03
  0.0000000E+00  2.1293739E-02  9.2955800E-03  5.8379378E-03  4.2407922E-03
  3.3314920E-03  2.7490794E-03  2.3485268E-03
  0.0000000E+00  2.6786372E-02  1.1804789E-02  7.4953963E-03  5.5202581E-03
  4.3964088E-03  3.6837019E-03  0.0000000E+00
  0.0000000E+00  3.4447517E-02  1.5354514E-02  9.8987110E-03  7.4079195E-03
  6.0128914E-03  5.1473300E-03  0.0000000E+00
  0.0000000E+00  4.5511052E-02  2.0589320E-02  1.3535912E-02  1.0359116E-02
  8.6279931E-03  7.6104980E-03  0.0000000E+00
  0.0000000E+00  6.2200740E-02  2.8697055E-02  1.9378455E-02  1.5313077E-02
  1.3250462E-02  1.2219153E-02  0.0000000E+00
  0.0000000E+00  8.8858195E-02  4.2127073E-02  2.9558012E-02  2.4511972E-02
  2.2518417E-02  2.1827810E-02
  0.0000000E+00  0.1347606      6.6482507E-02  4.9585637E-02  4.4525784E-02
  4.4539597E-02
  0.0000000E+00  0.2224217      0.1173112      9.7191535E-02  9.9907927E-02
  0.0000000E+00  0.4189227      0.2508748      0.2553867    
  0.0000000E+00   1.000000      0.8020259    
  0.0000000E+00   4.115562    
   28.59577    
   10000.00    
  0.0000000E+00  1.4188073E-02  6.1100917E-03  3.7683484E-03  2.6866971E-03
  2.0688074E-03  1.6701835E-03  1.3935779E-03
  0.0000000E+00  1.7252292E-02  7.4770642E-03  4.6467888E-03  3.3417430E-03
  2.5949541E-03  2.1142203E-03  1.7811926E-03
  0.0000000E+00  2.1307338E-02  9.3073389E-03  5.8394494E-03  4.2412844E-03
  3.3298163E-03  2.7444954E-03  2.3412844E-03
  0.0000000E+00  2.6807338E-02  1.1811926E-02  7.4999998E-03  5.5183484E-03
  4.3931194E-03  3.6761467E-03  0.0000000E+00
  0.0000000E+00  3.4467891E-02  1.5366971E-02  9.9036694E-03  7.4082566E-03
  6.0091740E-03  5.1330272E-03  0.0000000E+00
  0.0000000E+00  4.5541283E-02  2.0600917E-02  1.3541284E-02  1.0357798E-02
  8.6146779E-03  7.5779813E-03  0.0000000E+00
  0.0000000E+00  6.2247701E-02  2.8715596E-02  1.9380733E-02  1.5302752E-02
  1.3211009E-02  1.2123853E-02  0.0000000E+00
  0.0000000E+00  8.8944957E-02  4.2151373E-02  2.9559633E-02  2.4477063E-02
  2.2394493E-02  2.1422019E-02
  0.0000000E+00  0.1348165      6.6559628E-02  4.9541280E-02  4.4366971E-02
  4.3853212E-02
  0.0000000E+00  0.2225688      0.1173394      9.7018346E-02  9.8669723E-02
  0.0000000E+00  0.4191743      0.2506880      0.2529358    
  0.0000000E+00   1.000000      0.7967890    
  0.0000000E+00   4.100917    
   28.51376    
   100000.0    
  0.0000000E+00  1.4203097E-02  6.1202184E-03  3.7714026E-03  2.6871585E-03
  2.0664844E-03  1.6657560E-03  1.3866120E-03
  0.0000000E+00  1.7272312E-02  7.4863392E-03  4.6493625E-03  3.3415302E-03
  2.5915301E-03  2.1079234E-03  1.7709472E-03
  0.0000000E+00  2.1329692E-02  9.3169408E-03  5.8424412E-03  4.2404374E-03
  3.3242260E-03  2.7340620E-03  2.3251367E-03
  0.0000000E+00  2.6830602E-02  1.1826048E-02  7.5045540E-03  5.5145719E-03
  4.3838802E-03  3.6593806E-03  0.0000000E+00
  0.0000000E+00  3.4503646E-02  1.5382513E-02  9.9089257E-03  7.4043716E-03
  5.9927143E-03  5.1001823E-03  0.0000000E+00
  0.0000000E+00  4.5582879E-02  2.0619309E-02  1.3542806E-02  1.0346085E-02
  8.5837897E-03  7.5136614E-03  0.0000000E+00
  0.0000000E+00  6.2295083E-02  2.8738616E-02  1.9380692E-02  1.5273224E-02
  1.3132969E-02  1.1948999E-02  0.0000000E+00
  0.0000000E+00  8.9025505E-02  4.2181242E-02  2.9549180E-02  2.4394356E-02
  2.2153916E-02  2.0787796E-02
  0.0000000E+00  0.1349272      6.6575594E-02  4.9499091E-02  4.4043720E-02
  4.2750455E-02
  0.0000000E+00  0.2227231      0.1173497      9.6630238E-02  9.6630238E-02
  0.0000000E+00  0.4194444      0.2502732      0.2489071    
  0.0000000E+00   1.000000      0.7877960    
  0.0000000E+00   4.074681    
   28.37887    
   1000000.    
  0.0000000E+00  1.4231807E-02  6.1320760E-03  3.7762807E-03  2.6859841E-03
  2.0606469E-03  1.6554359E-03  1.3719677E-03
  0.0000000E+00  1.7304583E-02  7.5022466E-03  4.6540881E-03  3.3391735E-03
  2.5831091E-03  2.0929922E-03  1.7493262E-03
  0.0000000E+00  2.1370173E-02  9.3306387E-03  5.8490569E-03  4.2358493E-03
  3.3108718E-03  2.7115904E-03  2.2915544E-03
  0.0000000E+00  2.6877809E-02  1.1841870E-02  7.5112311E-03  5.5076373E-03
  4.3625338E-03  3.6226418E-03  0.0000000E+00
  0.0000000E+00  3.4555256E-02  1.5404314E-02  9.9101532E-03  7.3899375E-03
  5.9523811E-03  5.0359392E-03  0.0000000E+00
  0.0000000E+00  4.5642409E-02  2.0646900E-02  1.3544475E-02  1.0314466E-02
  8.5130287E-03  7.3809526E-03  0.0000000E+00
  0.0000000E+00  6.2398922E-02  2.8773585E-02  1.9371070E-02  1.5206650E-02
  1.2978437E-02  1.1626236E-02  0.0000000E+00
  0.0000000E+00  8.9128487E-02  4.2219229E-02  2.9501349E-02  2.4218330E-02
  2.1702606E-02  1.9811321E-02
  0.0000000E+00  0.1351303      6.6576824E-02  4.9326148E-02  4.3423183E-02
  4.1024260E-02
  0.0000000E+00  0.2230009      0.1172507      9.5777184E-02  9.3396232E-02
  0.0000000E+00  0.4198563      0.2492812      0.2423181    
  0.0000000E+00   1.000000      0.7722372    
  0.0000000E+00   4.030548    
   28.14915    
  1.0000000E+07
  0.0000000E+00  1.4310799E-02  6.1633009E-03  3.7879720E-03  2.6848111E-03
  2.0491660E-03  1.6347673E-03  1.3432836E-03
  0.0000000E+00  1.7392449E-02  7.5373128E-03  4.6663741E-03  3.3349430E-03
  2.5658470E-03  2.0636523E-03  1.7085163E-03
  0.0000000E+00  2.1466197E-02  9.3722558E-03  5.8604036E-03  4.2269533E-03
  3.2840210E-03  2.6672520E-03  2.2291483E-03
  0.0000000E+00  2.6992975E-02  1.1887620E-02  7.5197541E-03  5.4916590E-03
  4.3195789E-03  3.5522387E-03  0.0000000E+00
  0.0000000E+00  3.4697101E-02  1.5456541E-02  9.9165933E-03  7.3573310E-03
  5.8823526E-03  4.9122036E-03  0.0000000E+00
  0.0000000E+00  4.5829672E-02  2.0711150E-02  1.3542580E-02  1.0254608E-02
  8.3757676E-03  7.1466193E-03  0.0000000E+00
  0.0000000E+00  6.2642664E-02  2.8849866E-02  1.9350307E-02  1.5070236E-02
  1.2682176E-02  1.1097454E-02  0.0000000E+00
  0.0000000E+00  8.9464441E-02  4.2309038E-02  2.9416155E-02  2.3876207E-02
  2.0935029E-02  1.8384546E-02
  0.0000000E+00  0.1356014      6.6681296E-02  4.8990343E-02  4.2335380E-02
  3.8441613E-02
  0.0000000E+00  0.2237050      0.1171642      9.4337136E-02  8.8454783E-02
  0.0000000E+00  0.4208955      0.2476295      0.2320895    
  0.0000000E+00   1.000000      0.7484636    
  0.0000000E+00   3.962687    
   27.81387    
  1.0000000E+08
  0.0000000E+00  1.4542001E-02  6.2515829E-03  3.8231320E-03  2.6876319E-03
  2.0287042E-03  1.5964542E-03  1.2912621E-03
  0.0000000E+00  1.7623471E-02  7.6234699E-03  4.6981848E-03  3.3284086E-03
  2.5314479E-03  2.0067540E-03  1.6336007E-03
  0.0000000E+00  2.1709582E-02  9.4596874E-03  5.8843391E-03  4.2076823E-03
  3.2296327E-03  2.5825242E-03  2.1177712E-03
  0.0000000E+00  2.7256226E-02  1.1983959E-02  7.5348243E-03  5.4537780E-03
  4.2338539E-03  3.4195862E-03  0.0000000E+00
  0.0000000E+00  3.5006329E-02  1.5563530E-02  9.9240178E-03  7.2857747E-03
  5.7365973E-03  4.6939636E-03  0.0000000E+00
  0.0000000E+00  4.6222035E-02  2.0831574E-02  1.3524693E-02  1.0118193E-02
  8.1131281E-03  6.7454618E-03  0.0000000E+00
  0.0000000E+00  6.3106790E-02  2.8991135E-02  1.9282397E-02  1.4791050E-02
  1.2157029E-02  1.0274377E-02  0.0000000E+00
  0.0000000E+00  9.0122409E-02  4.2465173E-02  2.9210636E-02  2.3233432E-02
  1.9687632E-02  1.6437314E-02
  0.0000000E+00  0.1365555      6.6779226E-02  4.8332628E-02  4.0476996E-02
  3.4820601E-02
  0.0000000E+00  0.2251583      0.1169270      9.1684259E-02  8.1300125E-02
  0.0000000E+00  0.4229633      0.2444913      0.2169692    
  0.0000000E+00   1.000000      0.7125369    
  0.0000000E+00   3.861123    
   27.43774    
  1.0000000E+09
  0.0000000E+00  1.5662318E-02  6.6903913E-03  4.0213522E-03  2.7552394E-03
  2.0181891E-03  1.5397391E-03  1.2068012E-03
  0.0000000E+00  1.8572560E-02  7.9833930E-03  4.8477659E-03  3.3590351E-03
  2.4871491E-03  1.9153815E-03  1.5132463E-03
  0.0000000E+00  2.2546461E-02  9.7627519E-03  5.9905099E-03  4.1953339E-03
  3.1403718E-03  2.4408856E-03  1.9426652E-03
  0.0000000E+00  2.8030843E-02  1.2245947E-02  7.5998423E-03  5.3894822E-03
  4.0767100E-03  3.2000791E-03  0.0000000E+00
  0.0000000E+00  3.5776988E-02  1.5804667E-02  9.9406876E-03  7.1451170E-03
  5.4764734E-03  4.3416373E-03  0.0000000E+00
  0.0000000E+00  4.7054172E-02  2.1067616E-02  1.3475682E-02  9.8497439E-03
  7.6591540E-03  6.1407671E-03  0.0000000E+00
  0.0000000E+00  6.4096481E-02  2.9221037E-02  1.9106366E-02  1.4266510E-02
  1.1304864E-02  9.1261370E-03  0.0000000E+00
  0.0000000E+00  9.1379993E-02  4.2665087E-02  2.8746542E-02  2.2103598E-02
  1.7860815E-02  1.4060894E-02
  0.0000000E+00  0.1382760      6.6864379E-02  4.7054172E-02  3.7591934E-02
  3.0249111E-02
  0.0000000E+00  0.2277185      0.1161724      8.7346777E-02  7.2004750E-02
  0.0000000E+00  0.4266509      0.2389087      0.1965204    
  0.0000000E+00   1.000000      0.6627125    
  0.0000000E+00   3.720443    
   27.83314    
  1.0000000E+10
  0.0000000E+00  2.3137882E-02  9.1542294E-03  4.9076052E-03  3.0358920E-03
  2.0422887E-03  1.4534472E-03  1.0767591E-03
  0.0000000E+00  2.4644636E-02  1.0099503E-02  5.6218910E-03  3.5785360E-03
  2.4605545E-03  1.7800285E-03  1.3351103E-03
  0.0000000E+00  2.7356077E-02  1.1496091E-02  6.6169160E-03  4.3283585E-03
  3.0405119E-03  2.2345416E-03  1.6950959E-03
  0.0000000E+00  3.1837244E-02  1.3606966E-02  8.0525940E-03  5.4015638E-03
  3.8699361E-03  2.8859277E-03  0.0000000E+00
  0.0000000E+00  3.8877048E-02  1.6837243E-02  1.0199006E-02  6.9936039E-03
  5.0995029E-03  3.8521679E-03  0.0000000E+00
  0.0000000E+00  4.9680173E-02  2.1837244E-02  1.3507463E-02  9.4491830E-03
  7.0042643E-03  5.3411517E-03  0.0000000E+00
  0.0000000E+00  6.6595599E-02  2.9786780E-02  1.8827293E-02  1.3443497E-02
  1.0113717E-02  7.7363183E-03  0.0000000E+00
  0.0000000E+00  9.4029851E-02  4.2999290E-02  2.7914001E-02  2.0394458E-02
  1.5522390E-02  1.1467663E-02
  0.0000000E+00  0.1415423      6.6773281E-02  4.4882730E-02  3.3649612E-02
  2.5106609E-02
  0.0000000E+00  0.2321251      0.1146055      8.0916844E-02  6.1122958E-02
  0.0000000E+00  0.4324805      0.2299929      0.1716063    
  0.0000000E+00   1.000000      0.5998579    
  0.0000000E+00   3.544066    
   30.79602    
  9.9999998E+10
  0.0000000E+00  4.3671641E-02  1.4247762E-02  6.4805974E-03  3.5283582E-03
  2.1486566E-03  1.4131344E-03  9.8208955E-04
  0.0000000E+00  4.6149254E-02  1.5486568E-02  7.2179106E-03  4.0089553E-03
  2.4817912E-03  1.6540298E-03  1.1623881E-03
  0.0000000E+00  4.8597015E-02  1.6958209E-02  8.1731342E-03  4.6597016E-03
  2.9453733E-03  1.9955225E-03  1.4202985E-03
  0.0000000E+00  5.1313434E-02  1.8841792E-02  9.4716419E-03  5.5791046E-03
  3.6149253E-03  2.4949254E-03  0.0000000E+00
  0.0000000E+00  5.5402987E-02  2.1501493E-02  1.1355224E-02  6.9373134E-03
  4.6149255E-03  3.2447763E-03  0.0000000E+00
  0.0000000E+00  6.2835827E-02  2.5626864E-02  1.4232836E-02  9.0268664E-03
  6.1671645E-03  4.4059702E-03  0.0000000E+00
  0.0000000E+00  7.6776125E-02  3.2477614E-02  1.8895524E-02  1.2411940E-02
  8.6716423E-03  6.2298509E-03  0.0000000E+00
  0.0000000E+00  0.1022090      4.4537313E-02  2.6931344E-02  1.8226866E-02
  1.2895523E-02  8.9343283E-03
  0.0000000E+00  0.1488657      6.6865675E-02  4.1880596E-02  2.8973136E-02
  1.9952239E-02
  0.0000000E+00  0.2397911      0.1119104      7.2686568E-02  4.9791045E-02
  0.0000000E+00  0.4411940      0.2172836      0.1445075    
  0.0000000E+00   1.000000      0.5283582    
  0.0000000E+00   3.343284    
   32.65672    
  1.0000000E+12
  0.0000000E+00  6.8916805E-02  2.1320924E-02  9.2352545E-03  4.8172236E-03
  2.8279885E-03  1.7995066E-03  1.2148464E-03
  0.0000000E+00  7.1899533E-02  2.2341333E-02  9.7219115E-03  5.0930702E-03
  2.9984303E-03  1.9141063E-03  1.2951335E-03
  0.0000000E+00  7.6766096E-02  2.4041265E-02  1.0535995E-02  5.5528148E-03
  3.2899755E-03  2.1092175E-03  1.4321598E-03
  0.0000000E+00  8.3494060E-02  2.6485762E-02  1.1747030E-02  6.2570088E-03
  3.7385065E-03  2.4153399E-03  0.0000000E+00
  0.0000000E+00  9.1993727E-02  2.9804889E-02  1.3480602E-02  7.3020859E-03
  4.4247592E-03  2.8885403E-03  0.0000000E+00
  0.0000000E+00  0.1021978      3.4290202E-02  1.6008073E-02  8.8943718E-03
  5.4967483E-03  3.6353443E-03  0.0000000E+00
  0.0000000E+00  0.1152501      4.0771477E-02  1.9928236E-02  1.1468939E-02
  7.2639608E-03  4.8531066E-03  0.0000000E+00
  0.0000000E+00  0.1355461      5.1222250E-02  2.6553040E-02  1.5925096E-02
  1.0296031E-02  6.6831131E-03
  0.0000000E+00  0.1748599      7.0396952E-02  3.8820364E-02  2.4108546E-02
  1.5272484E-02
  0.0000000E+00  0.2594752      0.1099125      6.3668989E-02  3.9246470E-02
  0.0000000E+00  0.4563804      0.2020632      0.1182328    
  0.0000000E+00   1.000000      0.4557076    
  0.0000000E+00   3.141960    
   32.65306    
  9.9999998E+12
  0.0000000E+00  0.1325762      4.0664818E-02  1.7465374E-02  9.0401666E-03
  5.2645430E-03  3.3268698E-03  2.2299171E-03
  0.0000000E+00  0.1377701      4.2285319E-02  1.8171746E-02  9.4072027E-03
  5.4792250E-03  3.4612189E-03  2.3199446E-03
  0.0000000E+00  0.1379086      4.2368423E-02  1.8227147E-02  9.4418284E-03
  5.5027702E-03  3.4764544E-03  2.3268699E-03
  0.0000000E+00  0.1363573      4.1966759E-02  1.8088643E-02  9.3822712E-03
  5.4722992E-03  3.4570638E-03  0.0000000E+00
  0.0000000E+00  0.1381994      4.2673133E-02  1.8448753E-02  9.5927976E-03
  5.6038783E-03  3.5415513E-03  0.0000000E+00
  0.0000000E+00  0.1470914      4.5678671E-02  1.9861497E-02  1.0378117E-02
  6.0817180E-03  3.8407203E-03  0.0000000E+00
  0.0000000E+00  0.1648199      5.1772855E-02  2.2756234E-02  1.1998615E-02
  7.0650969E-03  4.4418285E-03  0.0000000E+00
  0.0000000E+00  0.1932133      6.2063713E-02  2.7867036E-02  1.4930747E-02
  8.8337949E-03  5.3448752E-03
  0.0000000E+00  0.2375346      7.9501383E-02  3.7036009E-02  2.0304710E-02
  1.1738228E-02
  0.0000000E+00  0.3163435      0.1125485      5.5263162E-02  3.0235456E-02
  0.0000000E+00  0.4941828      0.1871191      9.4265923E-02
  0.0000000E+00   1.000000      0.3842105    
  0.0000000E+00   2.918283    
   32.07756    
  1.0000000E+14
  0.0000000E+00  0.1166462      3.5737101E-02  1.5325553E-02  7.9176901E-03
  4.6038083E-03  2.9047912E-03  1.9447175E-03
  0.0000000E+00  0.1491400      4.5675676E-02  1.9582309E-02  1.0110565E-02
  5.8771498E-03  3.7045456E-03  2.4766584E-03
  0.0000000E+00  0.1876536      5.7463143E-02  2.4631450E-02  1.2714988E-02
  7.3832925E-03  4.6480345E-03  3.1013514E-03
  0.0000000E+00  0.2269042      6.9471747E-02  2.9766586E-02  1.5356266E-02
  8.9066345E-03  5.5982801E-03  0.0000000E+00
  0.0000000E+00  0.2552826      7.8132674E-02  3.3488944E-02  1.7266586E-02
  1.0006143E-02  6.2714992E-03  0.0000000E+00
  0.0000000E+00  0.2625307      8.0405399E-02  3.4459461E-02  1.7757986E-02
  1.0264128E-02  6.4004911E-03  0.0000000E+00
  0.0000000E+00  0.2568796      7.8808352E-02  3.3783786E-02  1.7395576E-02
  1.0018428E-02  6.1609340E-03  0.0000000E+00
  0.0000000E+00  0.2621007      8.0589682E-02  3.4637593E-02  1.7813269E-02
  1.0153563E-02  5.9250616E-03
  0.0000000E+00  0.2966831      9.1830462E-02  3.9631449E-02  2.0288698E-02
  1.1038084E-02
  0.0000000E+00  0.3773341      0.1184275      5.1523343E-02  2.5503686E-02
  0.0000000E+00  0.5500000      0.1765356      7.6105647E-02
  0.0000000E+00   1.000000      0.3183047    
  0.0000000E+00   2.636364    
   30.32555    
