   100.0000    
  0.0000000E+00  1.3990267E-02  6.0931528E-03  3.8199513E-03  2.7796316E-03
  2.1918665E-03  1.8175183E-03  1.5610011E-03
  0.0000000E+00  1.6979493E-02  7.4452553E-03  4.7097672E-03  3.4608969E-03
  2.7573863E-03  2.3121308E-03  2.0111226E-03
  0.0000000E+00  2.0931527E-02  9.2561692E-03  5.9158844E-03  4.4004172E-03
  3.5523113E-03  3.0222456E-03  2.6722280E-03
  0.0000000E+00  2.6284324E-02  1.1741397E-02  7.6051443E-03  5.7420926E-03
  4.7132433E-03  4.0875915E-03  0.0000000E+00
  0.0000000E+00  3.3743482E-02  1.5265903E-02  1.0059089E-02  7.7441782E-03
  6.4998260E-03  5.7907547E-03  0.0000000E+00
  0.0000000E+00  4.4525549E-02  2.0472715E-02  1.3792144E-02  1.0900243E-02
  9.4473409E-03  8.7556485E-03  0.0000000E+00
  0.0000000E+00  6.0792491E-02  2.8567953E-02  1.9840112E-02  1.6284324E-02
  1.4810566E-02  1.4602016E-02  0.0000000E+00
  0.0000000E+00  8.6791798E-02  4.2057700E-02  3.0517900E-02  2.6565868E-02
  2.6145291E-02  2.8070906E-02
  0.0000000E+00  0.1316302      6.6736184E-02  5.1998608E-02  5.0052136E-02
  5.5961069E-02
  0.0000000E+00  0.2176225      0.1190129      0.1054918      0.1221411    
  0.0000000E+00  0.4122350      0.2617657      0.3026069    
  0.0000000E+00   1.000000      0.9151895    
  0.0000000E+00   4.435175    
   30.21203    
   1000.000    
  0.0000000E+00  1.3991684E-02  6.0949414E-03  3.8218987E-03  2.7806654E-03
  2.1919610E-03  1.8167013E-03  1.5595981E-03
  0.0000000E+00  1.6981982E-02  7.4462928E-03  4.7124047E-03  3.4618850E-03
  2.7574499E-03  2.3111573E-03  2.0086626E-03
  0.0000000E+00  2.0935550E-02  9.2584891E-03  5.9182257E-03  4.4005541E-03
  3.5516284E-03  3.0204435E-03  2.6680527E-03
  0.0000000E+00  2.6285514E-02  1.1742897E-02  7.6091476E-03  5.7449760E-03
  4.7124047E-03  4.0852390E-03  0.0000000E+00
  0.0000000E+00  3.3745669E-02  1.5270269E-02  1.0062370E-02  7.7442825E-03
  6.4968816E-03  5.7830904E-03  0.0000000E+00
  0.0000000E+00  4.4525292E-02  2.0478170E-02  1.3797643E-02  1.0900901E-02
  9.4421348E-03  8.7387385E-03  0.0000000E+00
  0.0000000E+00  6.0776163E-02  2.8575884E-02  1.9844074E-02  1.6282050E-02
  1.4792100E-02  1.4535690E-02  0.0000000E+00
  0.0000000E+00  8.6798340E-02  4.2065140E-02  3.0523214E-02  2.6548857E-02
  2.6063757E-02  2.7706167E-02
  0.0000000E+00  0.1316355      6.6735968E-02  5.1975053E-02  4.9965352E-02
  5.5370752E-02
  0.0000000E+00  0.2176715      0.1190229      0.1053708      0.1211019    
  0.0000000E+00  0.4119889      0.2616771      0.3005891    
  0.0000000E+00   1.000000      0.9109494    
  0.0000000E+00   4.421344    
   30.14206    
   10000.00    
  0.0000000E+00  1.4000000E-02  6.0963854E-03  3.8209981E-03  2.7810670E-03
  2.1910500E-03  1.8144577E-03  1.5552496E-03
  0.0000000E+00  1.6987951E-02  7.4526672E-03  4.7125644E-03  3.4629947E-03
  2.7559379E-03  2.3077452E-03  2.0024097E-03
  0.0000000E+00  2.0939758E-02  9.2633385E-03  5.9208260E-03  4.4027539E-03
  3.5490531E-03  3.0144576E-03  2.6574871E-03
  0.0000000E+00  2.6292598E-02  1.1748709E-02  7.6110153E-03  5.7418244E-03
  4.7091218E-03  4.0757312E-03  0.0000000E+00
  0.0000000E+00  3.3755593E-02  1.5277108E-02  1.0065404E-02  7.7418243E-03
  6.4888126E-03  5.7624779E-03  0.0000000E+00
  0.0000000E+00  4.4543888E-02  2.0485369E-02  1.3800344E-02  1.0895008E-02
  9.4216866E-03  8.6919097E-03  0.0000000E+00
  0.0000000E+00  6.0791738E-02  2.8585197E-02  1.9845093E-02  1.6265059E-02
  1.4740103E-02  1.4392426E-02  0.0000000E+00
  0.0000000E+00  8.6815834E-02  4.2065401E-02  3.0516351E-02  2.6499137E-02
  2.5876077E-02  2.7036143E-02
  0.0000000E+00  0.1316695      6.6746987E-02  5.1944923E-02  4.9707398E-02
  5.4216862E-02
  0.0000000E+00  0.2176936      0.1190361      0.1050602      0.1190706    
  0.0000000E+00  0.4120482      0.2613425      0.2966265    
  0.0000000E+00   1.000000      0.9018933    
  0.0000000E+00   4.395869    
   30.00688    
   100000.0    
  0.0000000E+00  1.4018374E-02  6.1075194E-03  3.8278326E-03  2.7829194E-03
  2.1898607E-03  1.8101396E-03  1.5474652E-03
  0.0000000E+00  1.7012591E-02  7.4617220E-03  4.7192923E-03  3.4637633E-03
  2.7536578E-03  2.3007826E-03  1.9901327E-03
  0.0000000E+00  2.0966316E-02  9.2752641E-03  5.9271860E-03  4.4028582E-03
  3.5454237E-03  3.0034024E-03  2.6372918E-03
  0.0000000E+00  2.6325282E-02  1.1765908E-02  7.6216399E-03  5.7434505E-03
  4.6988772E-03  4.0558013E-03  0.0000000E+00
  0.0000000E+00  3.3793811E-02  1.5297721E-02  1.0074856E-02  7.7407281E-03
  6.4715892E-03  5.7264380E-03  0.0000000E+00
  0.0000000E+00  4.4572987E-02  2.0513780E-02  1.3810821E-02  1.0888058E-02
  9.3841441E-03  8.6015658E-03  0.0000000E+00
  0.0000000E+00  6.0871050E-02  2.8621983E-02  1.9853693E-02  1.6240219E-02
  1.4641035E-02  1.4130658E-02  0.0000000E+00
  0.0000000E+00  8.6900309E-02  4.2123172E-02  3.0517183E-02  2.6403541E-02
  2.5532495E-02  2.6015650E-02
  0.0000000E+00  0.1318135      6.6825457E-02  5.1888399E-02  4.9302489E-02
  5.2466828E-02
  0.0000000E+00  0.2179313      0.1190881      0.1045594      0.1159238    
  0.0000000E+00  0.4127254      0.2608711      0.2904390    
  0.0000000E+00   1.000000      0.8880572    
  0.0000000E+00   4.358626    
   29.79585    
   1000000.    
  0.0000000E+00  1.4053965E-02  6.1259163E-03  3.8374418E-03  2.7844771E-03
  2.1852099E-03  1.7991338E-03  1.5296468E-03
  0.0000000E+00  1.7051965E-02  7.4850102E-03  4.7268490E-03  3.4643572E-03
  2.7461692E-03  2.2844772E-03  1.9633577E-03
  0.0000000E+00  2.1015989E-02  9.3004666E-03  5.9393737E-03  4.4037309E-03
  3.5309794E-03  2.9773486E-03  2.5942705E-03
  0.0000000E+00  2.6382413E-02  1.1795470E-02  7.6315789E-03  5.7395073E-03
  4.6768822E-03  4.0106596E-03  0.0000000E+00
  0.0000000E+00  3.3877417E-02  1.5333111E-02  1.0086609E-02  7.7281818E-03
  6.4323782E-03  5.6429044E-03  0.0000000E+00
  0.0000000E+00  4.4670220E-02  2.0556297E-02  1.3820787E-02  1.0859427E-02
  9.3004666E-03  8.4243836E-03  0.0000000E+00
  0.0000000E+00  6.0992673E-02  2.8674217E-02  1.9860094E-02  1.6169220E-02
  1.4437041E-02  1.3664225E-02  0.0000000E+00
  0.0000000E+00  8.7075286E-02  4.2171888E-02  3.0489674E-02  2.6192540E-02
  2.4903398E-02  2.4490340E-02
  0.0000000E+00  0.1320453      6.6888742E-02  5.1698871E-02  4.8467688E-02
  4.9800131E-02
  0.0000000E+00  0.2183211      0.1190873      0.1035310      0.1109594    
  0.0000000E+00  0.4130580      0.2597602      0.2805130    
  0.0000000E+00   1.000000      0.8654230    
  0.0000000E+00   4.293804    
   29.45703    
  1.0000000E+07
  0.0000000E+00  1.4143913E-02  6.1644716E-03  3.8548026E-03  2.7873435E-03
  2.1747511E-03  1.7757791E-03  1.4940572E-03
  0.0000000E+00  1.7153870E-02  7.5265020E-03  4.7478317E-03  3.4661100E-03
  2.7288788E-03  2.2495985E-03  1.9106971E-03
  0.0000000E+00  2.1130743E-02  9.3511092E-03  5.9588822E-03  4.3976870E-03
  3.5046579E-03  2.9232253E-03  2.5120464E-03
  0.0000000E+00  2.6517831E-02  1.1853517E-02  7.6517831E-03  5.7275943E-03
  4.6321875E-03  3.9222618E-03  0.0000000E+00
  0.0000000E+00  3.4018632E-02  1.5403149E-02  1.0106008E-02  7.6999683E-03
  6.3475748E-03  5.4834564E-03  0.0000000E+00
  0.0000000E+00  4.4876326E-02  2.0645680E-02  1.3835529E-02  1.0796660E-02
  9.1326702E-03  8.1047229E-03  0.0000000E+00
  0.0000000E+00  6.1259236E-02  2.8788952E-02  1.9855445E-02  1.6016705E-02
  1.4053968E-02  1.2903952E-02  0.0000000E+00
  0.0000000E+00  8.7471887E-02  4.2338584E-02  3.0417606E-02  2.5775779E-02
  2.3829104E-02  2.2303246E-02
  0.0000000E+00  0.1326052      6.7041442E-02  5.1365245E-02  4.6964347E-02
  4.5904275E-02
  0.0000000E+00  0.2192098      0.1190492      0.1016062      0.1035978    
  0.0000000E+00  0.4147125      0.2576936      0.2654674    
  0.0000000E+00   1.000000      0.8307099    
  0.0000000E+00   4.195310    
   28.96242    
  1.0000000E+08
  0.0000000E+00  1.4406525E-02  6.2730294E-03  3.9021445E-03  2.7973424E-03
  2.1543342E-03  1.7305950E-03  1.4279673E-03
  0.0000000E+00  1.7411659E-02  7.6321354E-03  4.7900937E-03  3.4642103E-03
  2.6913320E-03  2.1809121E-03  1.8136515E-03
  0.0000000E+00  2.1401389E-02  9.4593782E-03  5.9951679E-03  4.3823617E-03
  3.4400483E-03  2.8172759E-03  2.3651465E-03
  0.0000000E+00  2.6816674E-02  1.1972214E-02  7.6834797E-03  5.6871036E-03
  4.5273332E-03  3.7541531E-03  0.0000000E+00
  0.0000000E+00  3.4370281E-02  1.5536091E-02  1.0126851E-02  7.6230746E-03
  6.1673210E-03  5.1948051E-03  0.0000000E+00
  0.0000000E+00  4.5303538E-02  2.0800363E-02  1.3832679E-02  1.0640290E-02
  8.8009667E-03  7.5626699E-03  0.0000000E+00
  0.0000000E+00  6.1824225E-02  2.8970102E-02  1.9797644E-02  1.5684083E-02
  1.3364543E-02  1.1748717E-02  0.0000000E+00
  0.0000000E+00  8.8221088E-02  4.2524915E-02  3.0196317E-02  2.4959229E-02
  2.2114167E-02  1.9429177E-02
  0.0000000E+00  0.1337058      6.7230448E-02  5.0558746E-02  4.4488072E-02
  4.0622167E-02
  0.0000000E+00  0.2209000      0.1187859      9.8187856E-02  9.3325280E-02
  0.0000000E+00  0.4170945      0.2537300      0.2439444    
  0.0000000E+00   1.000000      0.7801269    
  0.0000000E+00   4.050136    
   28.38719    
  1.0000000E+09
  0.0000000E+00  1.5680764E-02  6.8130968E-03  4.1664392E-03  2.9031378E-03
  2.1590723E-03  1.6706684E-03  1.3274215E-03
  0.0000000E+00  1.8493861E-02  8.0763986E-03  4.9931784E-03  3.5225102E-03
  2.6526602E-03  2.0758526E-03  1.6652115E-03
  0.0000000E+00  2.2354705E-02  9.8308316E-03  6.1446112E-03  4.3874485E-03
  3.3451568E-03  2.6472032E-03  2.1432468E-03
  0.0000000E+00  2.7694408E-02  1.2297409E-02  7.7817189E-03  5.6289225E-03
  4.3465211E-03  3.4788540E-03  0.0000000E+00
  0.0000000E+00  3.5279673E-02  1.5841747E-02  1.0171896E-02  7.4733971E-03
  5.8553889E-03  4.7476124E-03  0.0000000E+00
  0.0000000E+00  4.6275578E-02  2.1102320E-02  1.3800818E-02  1.0332879E-02
  8.2428372E-03  6.7721689E-03  0.0000000E+00
  0.0000000E+00  6.2974080E-02  2.9276943E-02  1.9623464E-02  1.5061392E-02
  1.2278308E-02  1.0212824E-02  0.0000000E+00
  0.0000000E+00  8.9713506E-02  4.2837653E-02  2.9686222E-02  2.3563439E-02
  1.9708049E-02  1.6106412E-02
  0.0000000E+00  0.1358254      6.7394271E-02  4.9058665E-02  4.0763982E-02
  3.4297407E-02
  0.0000000E+00  0.2240382      0.1180627      9.2714868E-02  8.0600277E-02
  0.0000000E+00  0.4218281      0.2469577      0.2163711    
  0.0000000E+00   1.000000      0.7137790    
  0.0000000E+00   3.863574    
   28.67667    
  1.0000000E+10
  0.0000000E+00  2.4537466E-02  9.8172994E-03  5.2913968E-03  3.2863091E-03
  2.2192416E-03  1.5860316E-03  1.1801573E-03
  0.0000000E+00  2.5601296E-02  1.0652174E-02  5.9828861E-03  3.8344129E-03
  2.6526365E-03  1.9308511E-03  1.4572155E-03
  0.0000000E+00  2.7890842E-02  1.1938021E-02  6.9565219E-03  4.5975954E-03
  3.2562444E-03  2.4144312E-03  1.8457448E-03
  0.0000000E+00  3.2007400E-02  1.3945421E-02  8.3811292E-03  5.6938021E-03
  4.1234968E-03  3.1082332E-03  0.0000000E+00
  0.0000000E+00  3.8737282E-02  1.7090658E-02  1.0531915E-02  7.3334877E-03
  5.4232199E-03  4.1512488E-03  0.0000000E+00
  0.0000000E+00  4.9259946E-02  2.2039779E-02  1.3887605E-02  9.8913042E-03
  7.4537471E-03  5.7793711E-03  0.0000000E+00
  0.0000000E+00  6.5795563E-02  2.9972250E-02  1.9343203E-02  1.4095745E-02
  1.0818687E-02  8.4389457E-03  0.0000000E+00
  0.0000000E+00  9.2761330E-02  4.3293249E-02  2.8746532E-02  2.1507865E-02
  1.6759945E-02  1.2694265E-02
  0.0000000E+00  0.1395698      6.7368180E-02  4.6507865E-02  3.5869565E-02
  2.7590197E-02
  0.0000000E+00  0.2291628      0.1163044      8.4921375E-02  6.6535622E-02
  0.0000000E+00  0.4285384      0.2363552      0.1845514    
  0.0000000E+00   1.000000      0.6341351    
  0.0000000E+00   3.637836    
   31.42924    
  9.9999998E+10
  0.0000000E+00  4.8381392E-02  1.5775694E-02  7.1696448E-03  3.9005836E-03
  2.3757296E-03  1.5630639E-03  1.0872104E-03
  0.0000000E+00  5.0468780E-02  1.6934371E-02  7.8860782E-03  4.3782061E-03
  2.7118344E-03  1.8078896E-03  1.2720680E-03
  0.0000000E+00  5.2379269E-02  1.8308863E-02  8.8218646E-03  5.0309571E-03
  3.1823812E-03  2.1599152E-03  1.5397135E-03
  0.0000000E+00  5.4413587E-02  2.0060146E-02  1.0102601E-02  5.9596677E-03
  3.8687421E-03  2.6764551E-03  0.0000000E+00
  0.0000000E+00  5.7633113E-02  2.2572087E-02  1.1970636E-02  7.3376964E-03
  4.9018222E-03  3.4618787E-03  0.0000000E+00
  0.0000000E+00  6.4089864E-02  2.6516894E-02  1.4846983E-02  9.4781537E-03
  6.5151243E-03  4.6860077E-03  0.0000000E+00
  0.0000000E+00  7.7127188E-02  3.3203609E-02  1.9547144E-02  1.2970104E-02
  9.1455868E-03  6.6371839E-03  0.0000000E+00
  0.0000000E+00  0.1018044      4.5161862E-02  2.7737485E-02  1.9034140E-02
  1.3640545E-02  9.5807537E-03
  0.0000000E+00  0.1477269      6.7627810E-02  4.3145232E-02  3.0373253E-02
  2.1298425E-02
  0.0000000E+00  0.2379268      0.1134265      7.5340532E-02  5.2803822E-02
  0.0000000E+00  0.4385282      0.2218291      0.1519547    
  0.0000000E+00   1.000000      0.5489120    
  0.0000000E+00   3.399965    
   32.83213    
  1.0000000E+12
  0.0000000E+00  7.9823658E-02  2.4699418E-02  1.0704226E-02  5.5857096E-03
  3.2795146E-03  2.0886294E-03  1.4107409E-03
  0.0000000E+00  8.1243560E-02  2.5260506E-02  1.0995076E-02  5.7609067E-03
  3.3951679E-03  2.1687851E-03  1.4679951E-03
  0.0000000E+00  8.4896371E-02  2.6588801E-02  1.1656933E-02  6.1502350E-03
  3.6447956E-03  2.3394024E-03  1.5893737E-03
  0.0000000E+00  9.0679035E-02  2.8764458E-02  1.2767663E-02  6.8029314E-03
  4.0684761E-03  2.6302533E-03  0.0000000E+00
  0.0000000E+00  9.8339632E-02  3.1879079E-02  1.4428033E-02  7.8174742E-03
  4.7394941E-03  3.0985917E-03  0.0000000E+00
  0.0000000E+00  0.1077178      3.6196038E-02  1.6901407E-02  9.3999775E-03
  5.8158711E-03  3.8554908E-03  0.0000000E+00
  0.0000000E+00  0.1196611      4.2493988E-02  2.0806139E-02  1.1989008E-02
  7.6136496E-03  5.1036300E-03  0.0000000E+00
  0.0000000E+00  0.1384404      5.2765373E-02  2.7459064E-02  1.6534982E-02
  1.0733998E-02  7.0056114E-03
  0.0000000E+00  0.1759991      7.1796641E-02  3.9883204E-02  2.4951335E-02
  1.5928090E-02
  0.0000000E+00  0.2592466      0.1114508      6.5349825E-02  4.0753465E-02
  0.0000000E+00  0.4551701      0.2050842      0.1220657    
  0.0000000E+00   1.000000      0.4663919    
  0.0000000E+00   3.169587    
   32.64629    
  9.9999998E+12
  0.0000000E+00  0.1614302      4.9543917E-02  2.1289414E-02  1.1019144E-02
  6.4189192E-03  4.0591215E-03  2.7224098E-03
  0.0000000E+00  0.1656532      5.0861489E-02  2.1869369E-02  1.1328829E-02
  6.5990989E-03  4.1722972E-03  2.7972972E-03
  0.0000000E+00  0.1620496      4.9808562E-02  2.1441443E-02  1.1114865E-02
  6.4808559E-03  4.0968470E-03  2.7449324E-03
  0.0000000E+00  0.1556869      4.7956079E-02  2.0681307E-02  1.0737612E-02
  6.2668920E-03  3.9639641E-03  0.0000000E+00
  0.0000000E+00  0.1532095      4.7353603E-02  2.0489864E-02  1.0670044E-02
  6.2387390E-03  3.9470722E-03  0.0000000E+00
  0.0000000E+00  0.1586712      4.9346846E-02  2.1480856E-02  1.1244369E-02
  6.5990989E-03  4.1734232E-03  0.0000000E+00
  0.0000000E+00  0.1739302      5.4724097E-02  2.4093468E-02  1.2725226E-02
  7.5056306E-03  4.7291666E-03  0.0000000E+00
  0.0000000E+00  0.2005067      6.4527027E-02  2.9031532E-02  1.5579955E-02
  9.2454953E-03  5.6092343E-03
  0.0000000E+00  0.2432995      8.1700452E-02  3.8147524E-02  2.0957207E-02
  1.2156531E-02
  0.0000000E+00  0.3200451      0.1145833      5.6475226E-02  3.1036038E-02
  0.0000000E+00  0.4952703      0.1895270      9.6171170E-02
  0.0000000E+00   1.000000      0.3895270    
  0.0000000E+00   2.930180    
   32.00451    
  1.0000000E+14
  0.0000000E+00  0.1211903      3.7132554E-02  1.5926059E-02  8.2308380E-03
  4.7862940E-03  3.0207394E-03  2.0234445E-03
  0.0000000E+00  0.1609919      4.9305681E-02  2.1154191E-02  1.0926962E-02
  6.3516684E-03  4.0054102E-03  2.6780884E-03
  0.0000000E+00  0.2091975      6.4093776E-02  2.7484220E-02  1.4192967E-02
  8.2452660E-03  5.1938682E-03  3.4661856E-03
  0.0000000E+00  0.2580703      7.9080246E-02  3.3904418E-02  1.7502254E-02
  1.0160505E-02  6.3877366E-03  0.0000000E+00
  0.0000000E+00  0.2910731      8.9179441E-02  3.8232639E-02  1.9729486E-02
  1.1440937E-02  7.1758339E-03  0.0000000E+00
  0.0000000E+00  0.2946799      9.0369701E-02  3.8773667E-02  2.0000000E-02
  1.1576195E-02  7.2245267E-03  0.0000000E+00
  0.0000000E+00  0.2813345      8.6402163E-02  3.7114520E-02  1.9134356E-02
  1.1040577E-02  6.8043279E-03  0.0000000E+00
  0.0000000E+00  0.2789901      8.5987374E-02  3.7024345E-02  1.9080251E-02
  1.0905320E-02  6.3841301E-03
  0.0000000E+00  0.3076646      9.5509470E-02  4.1334532E-02  2.1226332E-02
  1.1594228E-02
  0.0000000E+00  0.3843102      0.1210460      5.2858431E-02  2.6275923E-02
  0.0000000E+00  0.5540126      0.1786835      7.7348962E-02
  0.0000000E+00   1.000000      0.3208296    
  0.0000000E+00   2.634806    
   30.17133    
