   100.0000    
  0.0000000E+00  1.4601328E-02  6.0581397E-03  3.5589703E-03  2.4036544E-03
  1.7499998E-03  1.3347176E-03  1.0531561E-03
  0.0000000E+00  1.7832225E-02  7.4318936E-03  4.3903654E-03  2.9825582E-03
  2.1827242E-03  1.6752491E-03  1.3289036E-03
  0.0000000E+00  2.2126246E-02  9.2691034E-03  5.5116280E-03  3.7707640E-03
  2.7790698E-03  2.1470101E-03  1.7159468E-03
  0.0000000E+00  2.7948506E-02  1.1785714E-02  7.0672752E-03  4.8770765E-03
  3.6262458E-03  2.8272422E-03  0.0000000E+00
  0.0000000E+00  3.6079731E-02  1.5340532E-02  9.2940200E-03  6.4875414E-03
  4.8803985E-03  3.8513287E-03  0.0000000E+00
  0.0000000E+00  4.7840532E-02  2.0556478E-02  1.2632891E-02  8.9451829E-03
  6.8347175E-03  5.4817274E-03  0.0000000E+00
  0.0000000E+00  6.5581396E-02  2.8579732E-02  1.7890366E-02  1.2931894E-02
  1.0099667E-02  8.2740858E-03  0.0000000E+00
  0.0000000E+00  9.3853816E-02  4.1694351E-02  2.6794018E-02  1.9950166E-02
  1.6088041E-02  1.3289036E-02
  0.0000000E+00  0.1421927      6.4999998E-02  4.3471757E-02  3.3911958E-02
  2.8222589E-02
  0.0000000E+00  0.2336379      0.1117940      7.9892024E-02  6.6519931E-02
  0.0000000E+00  0.4345515      0.2255814      0.1809801    
  0.0000000E+00   1.000000      0.6161960    
  0.0000000E+00   3.596346    
   26.07143    
   1000.000    
  0.0000000E+00  1.4605808E-02  6.0580908E-03  3.5585060E-03  2.4033196E-03
  1.7485475E-03  1.3344398E-03  1.0522821E-03
  0.0000000E+00  1.7834025E-02  7.4315351E-03  4.3892111E-03  2.9817426E-03
  2.1817426E-03  1.6738588E-03  1.3269709E-03
  0.0000000E+00  2.2124480E-02  9.2697097E-03  5.5112028E-03  3.7692944E-03
  2.7775932E-03  2.1452282E-03  1.7136928E-03
  0.0000000E+00  2.7941907E-02  1.1784232E-02  7.0663900E-03  4.8755184E-03
  3.6240660E-03  2.8248960E-03  0.0000000E+00
  0.0000000E+00  3.6082987E-02  1.5344398E-02  9.2946049E-03  6.4854766E-03
  4.8771780E-03  3.8464728E-03  0.0000000E+00
  0.0000000E+00  4.7842320E-02  2.0556016E-02  1.2630705E-02  8.9377593E-03
  6.8290452E-03  5.4730289E-03  0.0000000E+00
  0.0000000E+00  6.5576762E-02  2.8572613E-02  1.7883817E-02  1.2921161E-02
  1.0091286E-02  8.2547711E-03  0.0000000E+00
  0.0000000E+00  9.3858913E-02  4.1684646E-02  2.6788382E-02  1.9941909E-02
  1.6058091E-02  1.3219916E-02
  0.0000000E+00  0.1421577      6.4987548E-02  4.3452282E-02  3.3867218E-02
  2.8099583E-02
  0.0000000E+00  0.2336929      0.1117842      7.9825722E-02  6.6282153E-02
  0.0000000E+00  0.4345228      0.2255602      0.1804979    
  0.0000000E+00   1.000000      0.6151037    
  0.0000000E+00   3.592531    
   26.04979    
   10000.00    
  0.0000000E+00  1.4618575E-02  6.0638478E-03  3.5605310E-03  2.4046437E-03
  1.7487563E-03  1.3333334E-03  1.0505804E-03
  0.0000000E+00  1.7852405E-02  7.4386406E-03  4.3930351E-03  2.9825871E-03
  2.1815922E-03  1.6724711E-03  1.3250415E-03
  0.0000000E+00  2.2147596E-02  9.2786076E-03  5.5149258E-03  3.7711444E-03
  2.7769487E-03  2.1434496E-03  1.7097844E-03
  0.0000000E+00  2.7976783E-02  1.1791045E-02  7.0704808E-03  4.8764511E-03
  3.6227200E-03  2.8217249E-03  0.0000000E+00
  0.0000000E+00  3.6111113E-02  1.5356552E-02  9.3034832E-03  6.4867334E-03
  4.8747929E-03  3.8407962E-03  0.0000000E+00
  0.0000000E+00  4.7885574E-02  2.0572141E-02  1.2636816E-02  8.9386404E-03
  6.8233833E-03  5.4601994E-03  0.0000000E+00
  0.0000000E+00  6.5638475E-02  2.8598676E-02  1.7893866E-02  1.2918741E-02
  1.0074628E-02  8.2189059E-03  0.0000000E+00
  0.0000000E+00  9.3946934E-02  4.1716419E-02  2.6791045E-02  1.9925375E-02
  1.6011609E-02  1.3076286E-02
  0.0000000E+00  0.1422886      6.5033175E-02  4.3457713E-02  3.3805970E-02
  2.7852407E-02
  0.0000000E+00  0.2338309      0.1117745      7.9759538E-02  6.5837480E-02
  0.0000000E+00  0.4349088      0.2255390      0.1796020    
  0.0000000E+00   1.000000      0.6131841    
  0.0000000E+00   3.587894    
   26.03649    
   100000.0    
  0.0000000E+00  1.4619835E-02  6.0644625E-03  3.5595042E-03  2.4016527E-03
  1.7454545E-03  1.3297520E-03  1.0462810E-03
  0.0000000E+00  1.7859504E-02  7.4396697E-03  4.3909089E-03  2.9793386E-03
  2.1776860E-03  1.6669420E-03  1.3190082E-03
  0.0000000E+00  2.2148758E-02  9.2727272E-03  5.5123963E-03  3.7661155E-03
  2.7710744E-03  2.1363636E-03  1.7008265E-03
  0.0000000E+00  2.7975207E-02  1.1793388E-02  7.0669418E-03  4.8702476E-03
  3.6140496E-03  2.8099173E-03  0.0000000E+00
  0.0000000E+00  3.6115702E-02  1.5355371E-02  9.2975199E-03  6.4768591E-03
  4.8603304E-03  3.8214873E-03  0.0000000E+00
  0.0000000E+00  4.7884297E-02  2.0570247E-02  1.2628099E-02  8.9256195E-03
  6.8000001E-03  5.4247933E-03  0.0000000E+00
  0.0000000E+00  6.5636359E-02  2.8595040E-02  1.7876033E-02  1.2892561E-02
  1.0024793E-02  8.1388419E-03  0.0000000E+00
  0.0000000E+00  9.3884297E-02  4.1702479E-02  2.6760330E-02  1.9867769E-02
  1.5892562E-02  1.2826446E-02
  0.0000000E+00  0.1423140      6.4999998E-02  4.3380164E-02  3.3636361E-02
  2.7413221E-02
  0.0000000E+00  0.2338016      0.1117355      7.9495862E-02  6.5008268E-02
  0.0000000E+00  0.4347934      0.2251240      0.1778512    
  0.0000000E+00   1.000000      0.6090909    
  0.0000000E+00   3.575207    
   25.96694    
   1000000.    
  0.0000000E+00  1.4646381E-02  6.0731904E-03  3.5616776E-03  2.4004935E-03
  1.7409538E-03  1.3231908E-03  1.0378289E-03
  0.0000000E+00  1.7886512E-02  7.4490127E-03  4.3922695E-03  2.9769735E-03
  2.1710524E-03  1.6587171E-03  1.3075658E-03
  0.0000000E+00  2.2179276E-02  9.2845391E-03  5.5131577E-03  3.7615129E-03
  2.7623354E-03  2.1233552E-03  1.6842105E-03
  0.0000000E+00  2.8018091E-02  1.1809210E-02  7.0674336E-03  4.8626643E-03
  3.6003289E-03  2.7902960E-03  0.0000000E+00
  0.0000000E+00  3.6167763E-02  1.5370065E-02  9.2927627E-03  6.4638155E-03
  4.8388154E-03  3.7894733E-03  0.0000000E+00
  0.0000000E+00  4.7952298E-02  2.0583881E-02  1.2623355E-02  8.9062499E-03
  6.7606904E-03  5.3643091E-03  0.0000000E+00
  0.0000000E+00  6.5723687E-02  2.8610196E-02  1.7861841E-02  1.2845394E-02
  9.9506574E-03  8.0041122E-03  0.0000000E+00
  0.0000000E+00  9.3996704E-02  4.1726969E-02  2.6726972E-02  1.9769736E-02
  1.5699012E-02  1.2467104E-02
  0.0000000E+00  0.1424342      6.5016448E-02  4.3273024E-02  3.3347037E-02
  2.6751645E-02
  0.0000000E+00  0.2340460      0.1116776      7.9087168E-02  6.3733548E-02
  0.0000000E+00  0.4351151      0.2245888      0.1752467    
  0.0000000E+00   1.000000      0.6027960    
  0.0000000E+00   3.557566    
   25.87993    
  1.0000000E+07
  0.0000000E+00  1.4694376E-02  6.0896492E-03  3.5647920E-03  2.3952730E-03
  1.7318663E-03  1.3105134E-03  1.0228199E-03
  0.0000000E+00  1.7946208E-02  7.4669924E-03  4.3944577E-03  2.9698450E-03
  2.1581091E-03  1.6405866E-03  1.2860635E-03
  0.0000000E+00  2.2249388E-02  9.3072532E-03  5.5142622E-03  3.7506111E-03
  2.7432761E-03  2.0977992E-03  1.6528117E-03
  0.0000000E+00  2.8092908E-02  1.1825590E-02  7.0660147E-03  4.8459657E-03
  3.5721269E-03  2.7522410E-03  0.0000000E+00
  0.0000000E+00  3.6259167E-02  1.5395273E-02  9.2909532E-03  6.4368374E-03
  4.7938055E-03  3.7261613E-03  0.0000000E+00
  0.0000000E+00  4.8060305E-02  2.0611245E-02  1.2607986E-02  8.8590058E-03
  6.6829664E-03  5.2518337E-03  0.0000000E+00
  0.0000000E+00  6.5867968E-02  2.8638953E-02  1.7832110E-02  1.2762836E-02
  9.7962506E-03  7.7718007E-03  0.0000000E+00
  0.0000000E+00  9.4213523E-02  4.1752238E-02  2.6642215E-02  1.9568050E-02
  1.5338223E-02  1.1898939E-02
  0.0000000E+00  0.1427873      6.5012224E-02  4.3056231E-02  3.2803584E-02
  2.5713122E-02
  0.0000000E+00  0.2344743      0.1114914      7.8296654E-02  6.1687037E-02
  0.0000000E+00  0.4357783      0.2236349      0.1708231    
  0.0000000E+00   1.000000      0.5923390    
  0.0000000E+00   3.528117    
   25.73757    
  1.0000000E+08
  0.0000000E+00  1.4855538E-02  6.1404496E-03  3.5778491E-03  2.3900482E-03
  1.7150883E-03  1.2857143E-03  9.9357939E-04
  0.0000000E+00  1.8097913E-02  7.5160512E-03  4.4036917E-03  2.9574640E-03
  2.1332263E-03  1.6067416E-03  1.2463884E-03
  0.0000000E+00  2.2407705E-02  9.3579460E-03  5.5184592E-03  3.7303371E-03
  2.7070628E-03  2.0497593E-03  1.5963082E-03
  0.0000000E+00  2.8274478E-02  1.1878010E-02  7.0634028E-03  4.8130015E-03
  3.5176564E-03  2.6805780E-03  0.0000000E+00
  0.0000000E+00  3.6468700E-02  1.5441412E-02  9.2776893E-03  6.3828249E-03
  4.7070626E-03  3.6131623E-03  0.0000000E+00
  0.0000000E+00  4.8314605E-02  2.0674158E-02  1.2576244E-02  8.7640453E-03
  6.5369182E-03  5.0561796E-03  0.0000000E+00
  0.0000000E+00  6.6187806E-02  2.8699839E-02  1.7760834E-02  1.2584270E-02
  9.5184594E-03  7.3956661E-03  0.0000000E+00
  0.0000000E+00  9.4622798E-02  4.1805778E-02  2.6484752E-02  1.9205458E-02
  1.4751203E-02  1.1091493E-02
  0.0000000E+00  0.1433387      6.5016054E-02  4.2624399E-02  3.1869985E-02
  2.4173355E-02
  0.0000000E+00  0.2353933      0.1112360      7.6878011E-02  5.8571428E-02
  0.0000000E+00  0.4369984      0.2217496      0.1640449    
  0.0000000E+00   1.000000      0.5757625    
  0.0000000E+00   3.481541    
   25.61798    
  1.0000000E+09
  0.0000000E+00  1.5660673E-02  6.3987491E-03  3.6692729E-03  2.4042220E-03
  1.6911649E-03  1.2431587E-03  9.4292412E-04
  0.0000000E+00  1.8788116E-02  7.7271308E-03  4.4691162E-03  2.9530884E-03
  2.0922597E-03  1.5473026E-03  1.1782643E-03
  0.0000000E+00  2.3010164E-02  9.5308842E-03  5.5582486E-03  3.7028929E-03
  2.6419077E-03  1.9648164E-03  1.5011728E-03
  0.0000000E+00  2.8819390E-02  1.2032838E-02  7.0766220E-03  4.7544958E-03
  3.4167317E-03  2.5551212E-03  0.0000000E+00
  0.0000000E+00  3.6997654E-02  1.5574668E-02  9.2572318E-03  6.2791244E-03
  4.5496481E-03  3.4214228E-03  0.0000000E+00
  0.0000000E+00  4.8874121E-02  2.0789679E-02  1.2509773E-02  8.5848318E-03
  6.2775607E-03  4.7435495E-03  0.0000000E+00
  0.0000000E+00  6.6841282E-02  2.8803755E-02  1.7607506E-02  1.2259577E-02
  9.0617668E-03  6.8373731E-03  0.0000000E+00
  0.0000000E+00  9.5465206E-02  4.1868646E-02  2.6145425E-02  1.8553557E-02
  1.3823300E-02  1.0023456E-02
  0.0000000E+00  0.1444879      6.4949185E-02  4.1806102E-02  3.0344019E-02
  2.2064112E-02
  0.0000000E+00  0.2369820      0.1106333      7.4425332E-02  5.4159500E-02
  0.0000000E+00  0.4391712      0.2183737      0.1540266    
  0.0000000E+00   1.000000      0.5507428    
  0.0000000E+00   3.411259    
   26.13761    
  1.0000000E+10
  0.0000000E+00  2.0584268E-02  7.8801494E-03  4.1385763E-03  2.5153556E-03
  1.6651684E-03  1.1670412E-03  8.5168536E-04
  0.0000000E+00  2.2913858E-02  8.9962548E-03  4.8651686E-03  3.0232209E-03
  2.0344569E-03  1.4426965E-03  1.0621722E-03
  0.0000000E+00  2.6397001E-02  1.0576779E-02  5.8651683E-03  3.7205992E-03
  2.5415730E-03  1.8217228E-03  1.3498127E-03
  0.0000000E+00  3.1573035E-02  1.2846441E-02  7.2801495E-03  4.7026216E-03
  3.2569289E-03  2.3558051E-03  0.0000000E+00
  0.0000000E+00  3.9265916E-02  1.6194755E-02  9.3408236E-03  6.1310860E-03
  4.2966292E-03  3.1303370E-03  0.0000000E+00
  0.0000000E+00  5.0816480E-02  2.1235954E-02  1.2456928E-02  8.2921349E-03
  5.8711609E-03  4.2943819E-03  0.0000000E+00
  0.0000000E+00  6.8629213E-02  2.9108612E-02  1.7363295E-02  1.1722847E-02
  8.3670411E-03  6.0943817E-03  0.0000000E+00
  0.0000000E+00  9.7303368E-02  4.2007487E-02  2.5550559E-02  1.7513108E-02
  1.2539325E-02  8.7191006E-03
  0.0000000E+00  0.1466667      6.4764045E-02  4.0397003E-02  2.8089888E-02
  1.9438202E-02
  0.0000000E+00  0.2399251      0.1094382      7.0591755E-02  4.8464417E-02
  0.0000000E+00  0.4429962      0.2127341      0.1406742    
  0.0000000E+00   1.000000      0.5161797    
  0.0000000E+00   3.315356    
   29.36329    
  9.9999998E+10
  0.0000000E+00  3.4431260E-02  1.1228193E-02  5.1102582E-03  2.7801814E-03
  1.6908584E-03  1.1095604E-03  7.6901604E-04
  0.0000000E+00  3.7480809E-02  1.2547104E-02  5.8422890E-03  3.2379623E-03
  1.9993021E-03  1.3272853E-03  9.2882063E-04
  0.0000000E+00  4.0851358E-02  1.4159106E-02  6.7934403E-03  3.8555476E-03
  2.4235868E-03  1.6315422E-03  1.1535240E-03
  0.0000000E+00  4.4996507E-02  1.6252616E-02  8.0879265E-03  4.7215628E-03
  3.0293090E-03  2.0697836E-03  0.0000000E+00
  0.0000000E+00  5.0907187E-02  1.9197486E-02  9.9511510E-03  5.9853452E-03
  3.9218422E-03  2.7166782E-03  0.0000000E+00
  0.0000000E+00  6.0355894E-02  2.3635728E-02  1.2763433E-02  7.9064900E-03
  5.2805301E-03  3.6922540E-03  0.0000000E+00
  0.0000000E+00  7.6203771E-02  3.0767620E-02  1.7222609E-02  1.0949058E-02
  7.4249823E-03  5.1821349E-03  0.0000000E+00
  0.0000000E+00  0.1034892      4.2861130E-02  2.4724353E-02  1.6050244E-02
  1.0921145E-02  7.2784368E-03
  0.0000000E+00  0.1520586      6.4633638E-02  3.8283318E-02  2.5143055E-02
  1.6468946E-02
  0.0000000E+00  0.2453594      0.1073971      6.5219820E-02  4.1828331E-02
  0.0000000E+00  0.4488486      0.2041172      0.1244243    
  0.0000000E+00   1.000000      0.4723657    
  0.0000000E+00   3.193998    
   32.24703    
  1.0000000E+12
  0.0000000E+00  4.9448229E-02  1.5294482E-02  6.6212029E-03  3.4538126E-03
  2.0254184E-03  1.2882826E-03  8.6918782E-04
  0.0000000E+00  5.4104153E-02  1.6807191E-02  7.3155612E-03  3.8282701E-03
  2.2529447E-03  1.4364538E-03  9.7086170E-04
  0.0000000E+00  6.0266580E-02  1.8865468E-02  8.2703037E-03  4.3552388E-03
  2.5765651E-03  1.6497209E-03  1.1184128E-03
  0.0000000E+00  6.8071917E-02  2.1574704E-02  9.5660258E-03  5.0898944E-03
  3.0365777E-03  1.9566026E-03  0.0000000E+00
  0.0000000E+00  7.7619344E-02  2.5108494E-02  1.1345319E-02  6.1332919E-03
  3.7048976E-03  2.4097953E-03  0.0000000E+00
  0.0000000E+00  8.9336641E-02  2.9826410E-02  1.3880967E-02  7.6813390E-03
  4.7222562E-03  3.1053936E-03  0.0000000E+00
  0.0000000E+00  0.1047117      3.6602601E-02  1.7743334E-02  1.0130192E-02
  6.3546184E-03  4.2027277E-03  0.0000000E+00
  0.0000000E+00  0.1285803      4.7408555E-02  2.4166150E-02  1.4271543E-02
  9.0824552E-03  5.7898322E-03
  0.0000000E+00  0.1721637      6.6769995E-02  3.5784252E-02  2.1673899E-02
  1.3378797E-02
  0.0000000E+00  0.2607563      0.1054557      5.8660880E-02  3.4817111E-02
  0.0000000E+00  0.4603844      0.1926844      0.1066956    
  0.0000000E+00   1.000000      0.4223187    
  0.0000000E+00   3.055177    
   32.67204    
  9.9999998E+12
  0.0000000E+00  8.2973383E-02  2.5449522E-02  1.0929181E-02  5.6504267E-03
  3.2908088E-03  2.0788547E-03  1.3932697E-03
  0.0000000E+00  8.9000501E-02  2.7297841E-02  1.1727775E-02  6.0673025E-03
  3.5328981E-03  2.2310396E-03  1.4942241E-03
  0.0000000E+00  9.3771972E-02  2.8799599E-02  1.2380714E-02  6.4088395E-03
  3.7327977E-03  2.3566049E-03  1.5765948E-03
  0.0000000E+00  9.8945253E-02  3.0441990E-02  1.3108990E-02  6.7955800E-03
  3.9583123E-03  2.4982423E-03  0.0000000E+00
  0.0000000E+00  0.1072325      3.3083878E-02  1.4284279E-02  7.4234055E-03
  4.3294830E-03  2.7312906E-03  0.0000000E+00
  0.0000000E+00  0.1211452      3.7584126E-02  1.6318433E-02  8.5133100E-03
  4.9773986E-03  3.1356101E-03  0.0000000E+00
  0.0000000E+00  0.1425414      4.4711202E-02  1.9618282E-02  1.0316424E-02
  6.0572578E-03  3.7925665E-03  0.0000000E+00
  0.0000000E+00  0.1740332      5.5750880E-02  2.4942242E-02  1.3309894E-02
  7.8352587E-03  4.7132098E-03
  0.0000000E+00  0.2218985      7.3681563E-02  3.4118537E-02  1.8563535E-02
  1.0637871E-02
  0.0000000E+00  0.3062280      0.1069814      5.1833250E-02  2.7955800E-02
  0.0000000E+00  0.4914114      0.1802109      8.8448018E-02
  0.0000000E+00   1.000000      0.3675038    
  0.0000000E+00   2.882973    
   32.30035    
  1.0000000E+14
  0.0000000E+00  8.9652821E-02  2.7450647E-02  1.1769912E-02  6.0789655E-03
  3.5330157E-03  2.2290675E-03  1.4918311E-03
  0.0000000E+00  0.1094282      3.3502385E-02  1.4360109E-02  7.4132062E-03
  4.3056500E-03  2.7140912E-03  1.8138189E-03
  0.0000000E+00  0.1324030      4.0537782E-02  1.7365554E-02  8.9584757E-03
  5.2008168E-03  3.2729751E-03  2.1827773E-03
  0.0000000E+00  0.1565691      4.7923755E-02  2.0520763E-02  1.0582029E-02
  6.1334246E-03  3.8529614E-03  0.0000000E+00
  0.0000000E+00  0.1776038      5.4356705E-02  2.3267530E-02  1.1987747E-02
  6.9400952E-03  4.3430906E-03  0.0000000E+00
  0.0000000E+00  0.1913547      5.8543228E-02  2.5068074E-02  1.2903336E-02
  7.4506472E-03  4.6392102E-03  0.0000000E+00
  0.0000000E+00  0.2015316      6.1708648E-02  2.6426140E-02  1.3584071E-02
  7.8080329E-03  4.7923755E-03  0.0000000E+00
  0.0000000E+00  0.2222260      6.8209670E-02  2.9234173E-02  1.4996597E-02
  8.5194008E-03  4.9557523E-03
  0.0000000E+00  0.2682437      8.2777396E-02  3.5602450E-02  1.8148400E-02
  9.8264124E-03
  0.0000000E+00  0.3573860      0.1115725      4.8264127E-02  2.3747446E-02
  0.0000000E+00  0.5381212      0.1709666      7.3042884E-02
  0.0000000E+00   1.000000      0.3117427    
  0.0000000E+00   2.643975    
   30.80667    
