   100.0000    
  0.0000000E+00  1.3815179E-02  6.0635004E-03  3.8487350E-03  2.8471865E-03
  2.2903974E-03  1.9432112E-03  1.7134744E-03
  0.0000000E+00  1.6734641E-02  7.4006193E-03  4.7444501E-03  3.5493032E-03
  2.8884874E-03  2.4839959E-03  2.2240579E-03
  0.0000000E+00  2.0593701E-02  9.1894679E-03  5.9602479E-03  4.5198761E-03
  3.7351574E-03  3.2679401E-03  2.9865771E-03
  0.0000000E+00  2.5813114E-02  1.1649458E-02  7.6664947E-03  5.9112026E-03
  4.9819308E-03  4.4605061E-03  0.0000000E+00
  0.0000000E+00  3.3092413E-02  1.5141972E-02  1.0152298E-02  8.0020651E-03
  6.9230772E-03  6.4119771E-03  0.0000000E+00
  0.0000000E+00  4.3598346E-02  2.0307176E-02  1.3954569E-02  1.1331957E-02
  1.0188436E-02  9.9173980E-03  0.0000000E+00
  0.0000000E+00  5.9499227E-02  2.8368611E-02  2.0157460E-02  1.7106351E-02
  1.6313888E-02  1.7225090E-02  0.0000000E+00
  0.0000000E+00  8.4899329E-02  4.1843057E-02  3.1233866E-02  2.8420238E-02
  2.9969024E-02  3.5802789E-02
  0.0000000E+00  0.1287816      6.6701084E-02  5.4026850E-02  5.5627257E-02
  6.9798656E-02
  0.0000000E+00  0.2132937      0.1201859      0.1133712      0.1484512    
  0.0000000E+00  0.4057821      0.2715539      0.3569954    
  0.0000000E+00   1.000000       1.043108    
  0.0000000E+00   4.796076    
   32.05989    
   1000.000    
  0.0000000E+00  1.3815148E-02  6.0641849E-03  3.8510910E-03  2.8498073E-03
  2.2911425E-03  1.9432605E-03  1.7121951E-03
  0.0000000E+00  1.6734274E-02  7.4043642E-03  4.7471118E-03  3.5507060E-03
  2.8883182E-03  2.4834401E-03  2.2218230E-03
  0.0000000E+00  2.0593066E-02  9.1938386E-03  5.9640561E-03  4.5211809E-03
  3.7355584E-03  3.2657254E-03  2.9833119E-03
  0.0000000E+00  2.5802311E-02  1.1653401E-02  7.6713734E-03  5.9127081E-03
  4.9807448E-03  4.4595632E-03  0.0000000E+00
  0.0000000E+00  3.3093709E-02  1.5145058E-02  1.0156611E-02  8.0025671E-03
  6.9242618E-03  6.4030807E-03  0.0000000E+00
  0.0000000E+00  4.3594353E-02  2.0313222E-02  1.3958922E-02  1.1335045E-02
  1.0184852E-02  9.8921694E-03  0.0000000E+00
  0.0000000E+00  5.9486520E-02  2.8369704E-02  2.0164313E-02  1.7106546E-02
  1.6292682E-02  1.7127085E-02  0.0000000E+00
  0.0000000E+00  8.4903717E-02  4.1848522E-02  3.1245185E-02  2.8421052E-02
  2.9858792E-02  3.5173301E-02
  0.0000000E+00  0.1287805      6.6726573E-02  5.4017968E-02  5.5507060E-02
  6.8780489E-02
  0.0000000E+00  0.2132991      0.1202311      0.1132478      0.1466752    
  0.0000000E+00  0.4056483      0.2716303      0.3537869    
  0.0000000E+00   1.000000       1.035687    
  0.0000000E+00   4.775353    
   31.96405    
   10000.00    
  0.0000000E+00  1.3823680E-02  6.0696141E-03  3.8541669E-03  2.8506098E-03
  2.2919208E-03  1.9423272E-03  1.7088415E-03
  0.0000000E+00  1.6745428E-02  7.4110772E-03  4.7510159E-03  3.5518294E-03
  2.8887196E-03  2.4814534E-03  2.2159554E-03
  0.0000000E+00  2.0602135E-02  9.2022363E-03  5.9705288E-03  4.5248987E-03
  3.7347563E-03  3.2621953E-03  2.9700203E-03
  0.0000000E+00  2.5838416E-02  1.1664126E-02  7.6778457E-03  5.9171747E-03
  4.9796752E-03  4.4486793E-03  0.0000000E+00
  0.0000000E+00  3.3104677E-02  1.5160061E-02  1.0165143E-02  8.0081308E-03
  6.9181910E-03  6.3821138E-03  0.0000000E+00
  0.0000000E+00  4.3622967E-02  2.0330286E-02  1.3971036E-02  1.1338923E-02
  1.0167683E-02  9.8373983E-03  0.0000000E+00
  0.0000000E+00  5.9502035E-02  2.8404472E-02  2.0177847E-02  1.7101118E-02
  1.6237298E-02  1.6920732E-02  0.0000000E+00
  0.0000000E+00  8.4933944E-02  4.1869920E-02  3.1275406E-02  2.8379066E-02
  2.9598577E-02  3.4095529E-02
  0.0000000E+00  0.1288618      6.6768296E-02  5.4014228E-02  5.5208337E-02
  6.6946141E-02
  0.0000000E+00  0.2134146      0.1202744      0.1129319      0.1434705    
  0.0000000E+00  0.4059959      0.2713415      0.3475610    
  0.0000000E+00   1.000000       1.022104    
  0.0000000E+00   4.735773    
   31.75813    
   100000.0    
  0.0000000E+00  1.3840020E-02  6.0827308E-03  3.8624469E-03  2.8557191E-03
  2.2922999E-03  1.9384499E-03  1.6999751E-03
  0.0000000E+00  1.6765511E-02  7.4233743E-03  4.7595315E-03  3.5584350E-03
  2.8906057E-03  2.4749564E-03  2.2015946E-03
  0.0000000E+00  2.0627959E-02  9.2175426E-03  5.9805634E-03  4.5277849E-03
  3.7328682E-03  3.2494392E-03  2.9454273E-03
  0.0000000E+00  2.5865935E-02  1.1682034E-02  7.6900073E-03  5.9207575E-03
  4.9738348E-03  4.4281082E-03  0.0000000E+00
  0.0000000E+00  3.3142284E-02  1.5183154E-02  1.0181909E-02  8.0114631E-03
  6.9025666E-03  6.3344128E-03  0.0000000E+00
  0.0000000E+00  4.3658111E-02  2.0363819E-02  1.3989534E-02  1.1335659E-02
  1.0129578E-02  9.7184153E-03  0.0000000E+00
  0.0000000E+00  5.9581362E-02  2.8432593E-02  2.0199353E-02  1.7079491E-02
  1.6115125E-02  1.6536256E-02  0.0000000E+00
  0.0000000E+00  8.5023671E-02  4.1938700E-02  3.1273361E-02  2.8258162E-02
  2.9130327E-02  3.2419637E-02
  0.0000000E+00  0.1289808      6.6857710E-02  5.3949665E-02  5.4622479E-02
  6.4141542E-02
  0.0000000E+00  0.2136307      0.1203588      0.1122602      0.1384750    
  0.0000000E+00  0.4064291      0.2706205      0.3379018    
  0.0000000E+00   1.000000       1.000249    
  0.0000000E+00   4.674807    
   31.42288    
   1000000.    
  0.0000000E+00  1.3881531E-02  6.1040213E-03  3.8743077E-03  2.8605827E-03
  2.2901518E-03  1.9277630E-03  1.6795088E-03
  0.0000000E+00  1.6811943E-02  7.4500362E-03  4.7748620E-03  3.5636888E-03
  2.8846615E-03  2.4584637E-03  2.1695162E-03
  0.0000000E+00  2.0681435E-02  9.2487363E-03  5.9980741E-03  4.5340718E-03
  3.7226102E-03  3.2217675E-03  2.8918853E-03
  0.0000000E+00  2.5908981E-02  1.1719239E-02  7.7100890E-03  5.9234290E-03
  4.9554538E-03  4.3775584E-03  0.0000000E+00
  0.0000000E+00  3.3228990E-02  1.5229954E-02  1.0204671E-02  8.0086682E-03
  6.8625091E-03  6.2340479E-03  0.0000000E+00
  0.0000000E+00  4.3775585E-02  2.0421382E-02  1.4016373E-02  1.1317121E-02
  1.0033711E-02  9.4823018E-03  0.0000000E+00
  0.0000000E+00  5.9715867E-02  2.8509511E-02  2.0223934E-02  1.7014205E-02
  1.5860824E-02  1.5868047E-02  0.0000000E+00
  0.0000000E+00  8.5215509E-02  4.2041898E-02  3.1278592E-02  2.8027931E-02
  2.8244643E-02  3.0050565E-02
  0.0000000E+00  0.1292800      6.6987723E-02  5.3792439E-02  5.3503491E-02
  6.0028896E-02
  0.0000000E+00  0.2141103      0.1204431      0.1109319      0.1309415    
  0.0000000E+00  0.4071755      0.2694438      0.3228991    
  0.0000000E+00   1.000000      0.9667710    
  0.0000000E+00   4.579822    
   30.91741    
  1.0000000E+07
  0.0000000E+00  1.3980472E-02  6.1534969E-03  3.9009990E-03  2.8678474E-03
  2.2820162E-03  1.9021343E-03  1.6360127E-03
  0.0000000E+00  1.6920980E-02  7.5022704E-03  4.8024519E-03  3.5672116E-03
  2.8678474E-03  2.4182561E-03  2.1035422E-03
  0.0000000E+00  2.0806083E-02  9.3097184E-03  6.0263397E-03  4.5345137E-03
  3.6943685E-03  3.1584923E-03  2.7861034E-03
  0.0000000E+00  2.6067210E-02  1.1793823E-02  7.7429605E-03  5.9173475E-03
  4.9023614E-03  4.2688465E-03  0.0000000E+00
  0.0000000E+00  3.3401452E-02  1.5320163E-02  1.0240690E-02  7.9859216E-03
  6.7643053E-03  6.0308808E-03  0.0000000E+00
  0.0000000E+00  4.4005446E-02  2.0535875E-02  1.4050863E-02  1.1255676E-02
  9.8297000E-03  9.0576736E-03  0.0000000E+00
  0.0000000E+00  6.0013622E-02  2.8655767E-02  2.0242959E-02  1.6846050E-02
  1.5370118E-02  1.4795640E-02  0.0000000E+00
  0.0000000E+00  8.5649408E-02  4.2234331E-02  3.1221615E-02  2.7520435E-02
  2.6771117E-02  2.6725704E-02
  0.0000000E+00  0.1299273      6.7211621E-02  5.3405993E-02  5.1521342E-02
  5.4178018E-02
  0.0000000E+00  0.2151453      0.1205041      0.1084696      0.1200500    
  0.0000000E+00  0.4089464      0.2668029      0.3008628    
  0.0000000E+00   1.000000      0.9166667    
  0.0000000E+00   4.436875    
   30.17711    
  1.0000000E+08
  0.0000000E+00  1.4276600E-02  6.2831859E-03  3.9658365E-03  2.8894835E-03
  2.2638403E-03  1.8518213E-03  1.5556698E-03
  0.0000000E+00  1.7215475E-02  7.6332577E-03  4.8610824E-03  3.5748095E-03
  2.8298004E-03  2.3379298E-03  1.9831241E-03
  0.0000000E+00  2.1115456E-02  9.4443299E-03  6.0814982E-03  4.5256228E-03
  3.6262604E-03  3.0314880E-03  2.6013583E-03
  0.0000000E+00  2.6404610E-02  1.1940729E-02  7.7917264E-03  5.8839265E-03
  4.7849352E-03  4.0605064E-03  0.0000000E+00
  0.0000000E+00  3.3813544E-02  1.5486727E-02  1.0281951E-02  7.9069762E-03
  6.5548467E-03  5.6678327E-03  0.0000000E+00
  0.0000000E+00  4.4494752E-02  2.0745009E-02  1.4070796E-02  1.1088702E-02
  9.4278660E-03  8.3515123E-03  0.0000000E+00
  0.0000000E+00  6.0670920E-02  2.8915413E-02  2.0209920E-02  1.6466351E-02
  1.4492695E-02  1.3222885E-02  0.0000000E+00
  0.0000000E+00  8.6540438E-02  4.2539619E-02  3.1014612E-02  2.6528092E-02
  2.4490636E-02  2.2597242E-02
  0.0000000E+00  0.1312410      6.7503601E-02  5.2500512E-02  4.8302121E-02
  4.6676271E-02
  0.0000000E+00  0.2171229      0.1203334      0.1041778      0.1056390    
  0.0000000E+00  0.4120189      0.2619881      0.2710434    
  0.0000000E+00   1.000000      0.8472937    
  0.0000000E+00   4.239555    
   29.36818    
  1.0000000E+09
  0.0000000E+00  1.5697777E-02  6.9322358E-03  4.3039750E-03  3.0379968E-03
  2.2885660E-03  1.7912801E-03  1.4391525E-03
  0.0000000E+00  1.8420592E-02  8.1596924E-03  5.1216949E-03  3.6666081E-03
  2.7998597E-03  2.2202767E-03  1.8052880E-03
  0.0000000E+00  2.2167746E-02  9.8861847E-03  6.2756087E-03  4.5526177E-03
  3.5247768E-03  2.8313780E-03  2.3253371E-03
  0.0000000E+00  2.7403256E-02  1.2328839E-02  7.9268077E-03  5.8326037E-03
  4.5823846E-03  3.7296445E-03  0.0000000E+00
  0.0000000E+00  3.4810014E-02  1.5853615E-02  1.0351952E-02  7.7464543E-03
  6.1863069E-03  5.1111886E-03  0.0000000E+00
  0.0000000E+00  4.5596220E-02  2.1099633E-02  1.4058834E-02  1.0740676E-02
  8.7497812E-03  7.3489756E-03  0.0000000E+00
  0.0000000E+00  6.1985642E-02  2.9294344E-02  2.0031517E-02  1.5732797E-02
  1.3144808E-02  1.1223954E-02  0.0000000E+00
  0.0000000E+00  8.8268258E-02  4.2934686E-02  3.0450009E-02  2.4829278E-02
  2.1397302E-02  1.8087901E-02
  0.0000000E+00  0.1336719      6.7763969E-02  5.0744180E-02  4.3617580E-02
  3.8189460E-02
  0.0000000E+00  0.2208019      0.1195412      9.7426020E-02  8.8741027E-02
  0.0000000E+00  0.4172649      0.2538960      0.2348100    
  0.0000000E+00   1.000000      0.7606373    
  0.0000000E+00   3.994047    
   29.52198    
  1.0000000E+10
  0.0000000E+00  2.5984887E-02  1.0497841E-02  5.6772796E-03  3.5321100E-03
  2.3893686E-03  1.7120885E-03  1.2775229E-03
  0.0000000E+00  2.6551537E-02  1.1216945E-02  6.3397191E-03  4.0798704E-03
  2.8332432E-03  2.0709659E-03  1.5690771E-03
  0.0000000E+00  2.8413383E-02  1.2381273E-02  7.2854827E-03  4.8461952E-03
  3.4538584E-03  2.5742038E-03  1.9805720E-03
  0.0000000E+00  3.2177549E-02  1.4274149E-02  8.6859148E-03  5.9565566E-03
  4.3510525E-03  3.3067996E-03  0.0000000E+00
  0.0000000E+00  3.8613059E-02  1.7323259E-02  1.0829735E-02  7.6308688E-03
  5.7042628E-03  4.4117644E-03  0.0000000E+00
  0.0000000E+00  4.8866700E-02  2.2207230E-02  1.4220183E-02  1.0265784E-02
  7.8399889E-03  6.1589312E-03  0.0000000E+00
  0.0000000E+00  6.5110624E-02  3.0140312E-02  1.9765245E-02  1.4638424E-02
  1.1413923E-02  9.0488400E-03  0.0000000E+00
  0.0000000E+00  9.1675654E-02  4.3510523E-02  2.9425256E-02  2.2436589E-02
  1.7822448E-02  1.3788451E-02
  0.0000000E+00  0.1378845      6.7822449E-02  4.7841340E-02  3.7763085E-02
  2.9776037E-02
  0.0000000E+00  0.2266595      0.1176740      8.8221796E-02  7.1262814E-02
  0.0000000E+00  0.4253913      0.2415003      0.1957636    
  0.0000000E+00   1.000000      0.6633837    
  0.0000000E+00   3.719644    
   32.04263    
  9.9999998E+10
  0.0000000E+00  5.2963622E-02  1.7267080E-02  7.8438334E-03  4.2661936E-03
  2.5989353E-03  1.7098492E-03  1.1898847E-03
  0.0000000E+00  5.4578532E-02  1.8314108E-02  8.5252887E-03  4.7311448E-03
  2.9299024E-03  1.9547471E-03  1.3762201E-03
  0.0000000E+00  5.5927243E-02  1.9582964E-02  9.4321212E-03  5.3762202E-03
  3.4019523E-03  2.3105592E-03  1.6495121E-03
  0.0000000E+00  5.7267081E-02  2.1206744E-02  1.0683230E-02  6.3052354E-03
  4.0967171E-03  2.8393967E-03  0.0000000E+00
  0.0000000E+00  5.9627332E-02  2.3558119E-02  1.2528838E-02  7.6965396E-03
  5.1517305E-03  3.6486250E-03  0.0000000E+00
  0.0000000E+00  6.5173030E-02  2.7329195E-02  1.5394854E-02  9.8669035E-03
  6.8110027E-03  4.9210293E-03  0.0000000E+00
  0.0000000E+00  7.7373564E-02  3.3842057E-02  2.0106478E-02  1.3433896E-02
  9.5385984E-03  6.9689443E-03  0.0000000E+00
  0.0000000E+00  0.1014197      4.5687668E-02  2.8393967E-02  1.9671695E-02
  1.4241349E-02  1.0106478E-02
  0.0000000E+00  0.1466726      6.8216503E-02  4.4143744E-02  3.1490684E-02
  2.2369122E-02
  0.0000000E+00  0.2362023      0.1145519      7.7417925E-02  5.5208523E-02
  0.0000000E+00  0.4362023      0.2253771      0.1578527    
  0.0000000E+00   1.000000      0.5651287    
  0.0000000E+00   3.443656    
   32.97250    
  1.0000000E+12
  0.0000000E+00  9.1149636E-02  2.8229926E-02  1.2244526E-02  6.3959858E-03
  3.7582119E-03  2.3950730E-03  1.6195255E-03
  0.0000000E+00  9.0602189E-02  2.8188867E-02  1.2285585E-02  6.4416057E-03
  3.8006387E-03  2.4302008E-03  1.6478102E-03
  0.0000000E+00  9.2655115E-02  2.9060220E-02  1.2755475E-02  6.7335763E-03
  3.9963503E-03  2.5684307E-03  1.7481752E-03
  0.0000000E+00  9.7217157E-02  3.0875914E-02  1.3718066E-02  7.3220804E-03
  4.3832120E-03  2.8380475E-03  0.0000000E+00
  0.0000000E+00  0.1038777      3.3722632E-02  1.5278285E-02  8.2892338E-03
  5.0364966E-03  3.2960768E-03  0.0000000E+00
  0.0000000E+00  0.1123631      3.7842155E-02  1.7696168E-02  9.8540140E-03
  6.1040153E-03  4.0552006E-03  0.0000000E+00
  0.0000000E+00  0.1233577      4.3987229E-02  2.1569343E-02  1.2454379E-02
  7.9242699E-03  5.3239055E-03  0.0000000E+00
  0.0000000E+00  0.1408303      5.4105841E-02  2.8252738E-02  1.7052921E-02
  1.1108577E-02  7.2764605E-03
  0.0000000E+00  0.1767792      7.2992705E-02  4.0812045E-02  2.5652373E-02
  1.6464418E-02
  0.0000000E+00  0.2586679      0.1127737      6.6742703E-02  4.1947994E-02
  0.0000000E+00  0.4540146      0.2075730      0.1250456    
  0.0000000E+00   1.000000      0.4749088    
  0.0000000E+00   3.192518    
   32.64599    
  9.9999998E+12
  0.0000000E+00  0.1902769      5.8451384E-02  2.5128784E-02  1.3021571E-02
  7.5917579E-03  4.8019961E-03  3.2227947E-03
  0.0000000E+00  0.1931745      5.9368964E-02  2.5547327E-02  1.3245331E-02
  7.7253701E-03  4.8873150E-03  3.2807470E-03
  0.0000000E+00  0.1854475      5.7066970E-02  2.4597554E-02  1.2764005E-02
  7.4517066E-03  4.7166776E-03  3.1648423E-03
  0.0000000E+00  0.1741790      5.3734705E-02  2.3213135E-02  1.2068577E-02
  7.0556984E-03  4.4687702E-03  0.0000000E+00
  0.0000000E+00  0.1672569      5.1786866E-02  2.2456536E-02  1.1716033E-02
  6.8657440E-03  4.3528653E-03  0.0000000E+00
  0.0000000E+00  0.1691887      5.2720543E-02  2.3019960E-02  1.2073406E-02
  7.1039922E-03  4.5057954E-03  0.0000000E+00
  0.0000000E+00  0.1815840      5.7308435E-02  2.5321957E-02  1.3414360E-02
  7.9394719E-03  5.0193174E-03  0.0000000E+00
  0.0000000E+00  0.2062138      6.6629104E-02  3.0070832E-02  1.6194463E-02
  9.6474569E-03  5.8773342E-03
  0.0000000E+00  0.2475853      8.3515778E-02  3.9150033E-02  2.1587251E-02
  1.2572440E-02
  0.0000000E+00  0.3226014      0.1164198      5.7646491E-02  3.1793304E-02
  0.0000000E+00  0.4954926      0.1918867      9.7955570E-02
  0.0000000E+00   1.000000      0.3945589    
  0.0000000E+00   2.941082    
   31.95428    
  1.0000000E+14
  0.0000000E+00  0.1176171      3.6048882E-02  1.5468432E-02  7.9972856E-03
  4.6537681E-03  2.9385609E-03  1.9691107E-03
  0.0000000E+00  0.1639511      5.0237611E-02  2.1568229E-02  1.1150714E-02
  6.4867618E-03  4.0936866E-03  2.7393075E-03
  0.0000000E+00  0.2216565      6.7956552E-02  2.9168366E-02  1.5078072E-02
  8.7678209E-03  5.5261375E-03  3.6931434E-03
  0.0000000E+00  0.2803123      8.5947052E-02  3.6897492E-02  1.9073321E-02
  1.1086219E-02  6.9789547E-03  0.0000000E+00
  0.0000000E+00  0.3183300      9.7691789E-02  4.1955195E-02  2.1687035E-02
  1.2593348E-02  7.9124235E-03  0.0000000E+00
  0.0000000E+00  0.3208418      9.8574340E-02  4.2362526E-02  2.1911068E-02
  1.2708758E-02  7.9497630E-03  0.0000000E+00
  0.0000000E+00  0.3027834      9.3245082E-02  4.0156148E-02  2.0773932E-02
  1.2019688E-02  7.4338089E-03  0.0000000E+00
  0.0000000E+00  0.2943653      9.1038704E-02  3.9375428E-02  2.0380177E-02
  1.1697217E-02  6.8805167E-03
  0.0000000E+00  0.3171759      9.8947734E-02  4.3075357E-02  2.2260694E-02
  1.2230143E-02
  0.0000000E+00  0.3893415      0.1234895      5.4310933E-02  2.7196199E-02
  0.0000000E+00  0.5566871      0.1809912      7.8920573E-02
  0.0000000E+00   1.000000      0.3243381    
  0.0000000E+00   2.636796    
   30.03734    
