   100.0000    
  0.0000000E+00  1.4357908E-02  6.0998811E-03  3.6926279E-03  2.5778834E-03
  1.9399525E-03  1.5303210E-03  1.2467301E-03
  0.0000000E+00  1.7491082E-02  7.4732457E-03  4.5558857E-03  3.2033292E-03
  2.4286564E-03  1.9298453E-03  1.5850179E-03
  0.0000000E+00  2.1646850E-02  9.3103452E-03  5.7223546E-03  4.0594530E-03
  3.1058264E-03  2.4916767E-03  2.0671820E-03
  0.0000000E+00  2.7277051E-02  1.1825208E-02  7.3483945E-03  5.2687279E-03
  4.0784781E-03  3.3133174E-03  0.0000000E+00
  0.0000000E+00  3.5136741E-02  1.5392390E-02  9.6848989E-03  7.0451843E-03
  5.5386443E-03  4.5761000E-03  0.0000000E+00
  0.0000000E+00  4.6492271E-02  2.0630201E-02  1.3210464E-02  9.7919144E-03
  7.8656357E-03  6.6527943E-03  0.0000000E+00
  0.0000000E+00  6.3614741E-02  2.8727705E-02  1.8822830E-02  1.4334125E-02
  1.1866825E-02  1.0386445E-02  0.0000000E+00
  0.0000000E+00  9.0963140E-02  4.2063020E-02  2.8489891E-02  2.2580262E-02
  1.9595720E-02  1.7705113E-02
  0.0000000E+00  0.1378716      6.6052318E-02  4.7104638E-02  3.9821643E-02
  3.6747921E-02
  0.0000000E+00  0.2271700      0.1152794      8.9774080E-02  8.4185489E-02
  0.0000000E+00  0.4255648      0.2404281      0.2208086    
  0.0000000E+00   1.000000      0.7170035    
  0.0000000E+00   3.876932    
   27.41974    
   1000.000    
  0.0000000E+00  1.4358670E-02  6.0985745E-03  3.6935867E-03  2.5777910E-03
  1.9394299E-03  1.5290973E-03  1.2458431E-03
  0.0000000E+00  1.7494062E-02  7.4762469E-03  4.5564133E-03  3.2030880E-03
  2.4275533E-03  1.9287410E-03  1.5831353E-03
  0.0000000E+00  2.1650830E-02  9.3111638E-03  5.7232776E-03  4.0587885E-03
  3.1045130E-03  2.4899049E-03  2.0647268E-03
  0.0000000E+00  2.7280284E-02  1.1828979E-02  7.3456052E-03  5.2684085E-03
  4.0766033E-03  3.3099761E-03  0.0000000E+00
  0.0000000E+00  3.5142519E-02  1.5391923E-02  9.6852733E-03  7.0427554E-03
  5.5356291E-03  4.5706648E-03  0.0000000E+00
  0.0000000E+00  4.6496436E-02  2.0635393E-02  1.3206651E-02  9.7921612E-03
  7.8562945E-03  6.6389549E-03  0.0000000E+00
  0.0000000E+00  6.3657954E-02  2.8729215E-02  1.8824227E-02  1.4328979E-02
  1.1852731E-02  1.0356295E-02  0.0000000E+00
  0.0000000E+00  9.0973869E-02  4.2066507E-02  2.8485747E-02  2.2565320E-02
  1.9554632E-02  1.7571259E-02
  0.0000000E+00  0.1378860      6.6033252E-02  4.7090258E-02  3.9762467E-02
  3.6514249E-02
  0.0000000E+00  0.2271971      0.1152613      8.9726835E-02  8.3729215E-02
  0.0000000E+00  0.4256532      0.2403800      0.2200119    
  0.0000000E+00   1.000000      0.7149644    
  0.0000000E+00   3.871734    
   27.39311    
   10000.00    
  0.0000000E+00  1.4357608E-02  6.1042034E-03  3.6927175E-03  2.5766727E-03
  1.9378329E-03  1.5269390E-03  1.2421551E-03
  0.0000000E+00  1.7495560E-02  7.4718762E-03  4.5553581E-03  3.2013026E-03
  2.4251034E-03  1.9248076E-03  1.5784488E-03
  0.0000000E+00  2.1645943E-02  9.3132025E-03  5.7217283E-03  4.0562460E-03
  3.1006513E-03  2.4843102E-03  2.0574303E-03
  0.0000000E+00  2.7282415E-02  1.1829485E-02  7.3475428E-03  5.2646534E-03
  4.0710480E-03  3.3019537E-03  0.0000000E+00
  0.0000000E+00  3.5139136E-02  1.5393724E-02  9.6802842E-03  7.0396685E-03
  5.5263471E-03  4.5565423E-03  0.0000000E+00
  0.0000000E+00  4.6494965E-02  2.0633511E-02  1.3203078E-02  9.7809350E-03
  7.8389579E-03  6.6133807E-03  0.0000000E+00
  0.0000000E+00  6.3647129E-02  2.8727056E-02  1.8809946E-02  1.4310243E-02
  1.1817642E-02  1.0284191E-02  0.0000000E+00
  0.0000000E+00  9.0941384E-02  4.2060390E-02  2.8466547E-02  2.2522202E-02
  1.9449377E-02  1.7300177E-02
  0.0000000E+00  0.1378922      6.6015393E-02  4.7039665E-02  3.9621077E-02
  3.6044996E-02
  0.0000000E+00  0.2271758      0.1152161      8.9520425E-02  8.2889281E-02
  0.0000000E+00  0.4255773      0.2400829      0.2182356    
  0.0000000E+00   1.000000      0.7110716    
  0.0000000E+00   3.859680    
   27.32386    
   100000.0    
  0.0000000E+00  1.4372421E-02  6.1048912E-03  3.6953448E-03  2.5763111E-03
  1.9351798E-03  1.5226870E-03  1.2368887E-03
  0.0000000E+00  1.7513258E-02  7.4837948E-03  4.5580436E-03  3.2003538E-03
  2.4219211E-03  1.9192693E-03  1.5704184E-03
  0.0000000E+00  2.1667650E-02  9.3164407E-03  5.7242191E-03  4.0548025E-03
  3.0954627E-03  2.4761346E-03  2.0447848E-03
  0.0000000E+00  2.7307013E-02  1.1838539E-02  7.3482613E-03  5.2610491E-03
  4.0624631E-03  3.2881557E-03  0.0000000E+00
  0.0000000E+00  3.5173837E-02  1.5403654E-02  9.6876845E-03  7.0359460E-03
  5.5126692E-03  4.5327046E-03  0.0000000E+00
  0.0000000E+00  4.6535064E-02  2.0648202E-02  1.3205657E-02  9.7701829E-03
  7.8137890E-03  6.5645254E-03  0.0000000E+00
  0.0000000E+00  6.3700646E-02  2.8744843E-02  1.8809665E-02  1.4284031E-02
  1.1761933E-02  1.0164997E-02  0.0000000E+00
  0.0000000E+00  9.1043018E-02  4.2080142E-02  2.8450206E-02  2.2457277E-02
  1.9281084E-02  1.6882734E-02
  0.0000000E+00  0.1379493      6.6057749E-02  4.6977021E-02  3.9387155E-02
  3.5327047E-02
  0.0000000E+00  0.2273424      0.1152033      8.9216262E-02  8.1555687E-02
  0.0000000E+00  0.4258102      0.2397172      0.2155569    
  0.0000000E+00   1.000000      0.7047731    
  0.0000000E+00   3.842074    
   27.23041    
   1000000.    
  0.0000000E+00  1.4412625E-02  6.1250729E-03  3.7007597E-03  2.5762711E-03
  1.9310344E-03  1.5149035E-03  1.2261835E-03
  0.0000000E+00  1.7556984E-02  7.4985386E-03  4.5639975E-03  3.1992986E-03
  2.4155464E-03  1.9082407E-03  1.5546464E-03
  0.0000000E+00  2.1718292E-02  9.3395673E-03  5.7305666E-03  4.0520164E-03
  3.0859145E-03  2.4593803E-03  2.0216247E-03
  0.0000000E+00  2.7369959E-02  1.1864407E-02  7.3524253E-03  5.2559902E-03
  4.0467558E-03  3.2618351E-03  0.0000000E+00
  0.0000000E+00  3.5248391E-02  1.5429572E-02  9.6902400E-03  7.0251310E-03
  5.4856809E-03  4.4862651E-03  0.0000000E+00
  0.0000000E+00  4.6633545E-02  2.0683810E-02  1.3208649E-02  9.7486852E-03
  7.7615427E-03  6.4757452E-03  0.0000000E+00
  0.0000000E+00  6.3822329E-02  2.8790182E-02  1.8807715E-02  1.4237287E-02
  1.1648159E-02  9.9473987E-03  0.0000000E+00
  0.0000000E+00  9.1233194E-02  4.2133253E-02  2.8427819E-02  2.2331970E-02
  1.8977206E-02  1.6253652E-02
  0.0000000E+00  0.1382233      6.6101693E-02  4.6867326E-02  3.8959671E-02
  3.4202222E-02
  0.0000000E+00  0.2277031      0.1151958      8.8603161E-02  7.9427235E-02
  0.0000000E+00  0.4264757      0.2391584      0.2112215    
  0.0000000E+00   1.000000      0.6949153    
  0.0000000E+00   3.814728    
   27.09526    
  1.0000000E+07
  0.0000000E+00  1.4476410E-02  6.1449944E-03  3.7065591E-03  2.5719216E-03
  1.9194477E-03  1.4976984E-03  1.2031071E-03
  0.0000000E+00  1.7623704E-02  7.5258915E-03  4.5690448E-03  3.1921749E-03
  2.3987342E-03  1.8837744E-03  1.5230150E-03
  0.0000000E+00  2.1800920E-02  9.3670879E-03  5.7347524E-03  4.0402762E-03
  3.0609895E-03  2.4228999E-03  1.9735328E-03
  0.0000000E+00  2.7456846E-02  1.1892980E-02  7.3532797E-03  5.2364785E-03
  4.0092058E-03  3.2054083E-03  0.0000000E+00
  0.0000000E+00  3.5356730E-02  1.5466052E-02  9.6892975E-03  6.9907941E-03
  5.4234755E-03  4.3924050E-03  0.0000000E+00
  0.0000000E+00  4.6772152E-02  2.0719217E-02  1.3193325E-02  9.6892975E-03
  7.6524736E-03  6.3003451E-03  0.0000000E+00
  0.0000000E+00  6.3981585E-02  2.8831989E-02  1.8774454E-02  1.4113924E-02
  1.1421174E-02  9.5684696E-03  0.0000000E+00
  0.0000000E+00  9.1426924E-02  4.2180669E-02  2.8331414E-02  2.2054086E-02
  1.8411968E-02  1.5293440E-02
  0.0000000E+00  0.1386076      6.6168010E-02  4.6570770E-02  3.8135786E-02
  3.2439586E-02
  0.0000000E+00  0.2282509      0.1150748      8.7456852E-02  7.6006904E-02
  0.0000000E+00  0.4272152      0.2376870      0.2040276    
  0.0000000E+00   1.000000      0.6777906    
  0.0000000E+00   3.765823    
   26.85846    
  1.0000000E+08
  0.0000000E+00  1.4674888E-02  6.2163677E-03  3.7315022E-03  2.5700673E-03
  1.9002242E-03  1.4652467E-03  1.1625561E-03
  0.0000000E+00  1.7825114E-02  7.5952918E-03  4.5891255E-03  3.1827355E-03
  2.3682734E-03  1.8374440E-03  1.4652467E-03
  0.0000000E+00  2.2006728E-02  9.4338572E-03  5.7511209E-03  4.0196190E-03
  3.0145741E-03  2.3553814E-03  1.8890135E-03
  0.0000000E+00  2.7684979E-02  1.1967489E-02  7.3654708E-03  5.1995520E-03
  3.9360989E-03  3.1020178E-03  0.0000000E+00
  0.0000000E+00  3.5622198E-02  1.5549327E-02  9.6860984E-03  6.9226460E-03
  5.3049326E-03  4.2247758E-03  0.0000000E+00
  0.0000000E+00  4.7090810E-02  2.0812780E-02  1.3172646E-02  9.5683858E-03
  7.4439463E-03  6.0033631E-03  0.0000000E+00
  0.0000000E+00  6.4405829E-02  2.8934978E-02  1.8699553E-02  1.3884529E-02
  1.1020179E-02  8.9742150E-03  0.0000000E+00
  0.0000000E+00  9.1984302E-02  4.2286996E-02  2.8144618E-02  2.1541482E-02
  1.7500000E-02  1.3951793E-02
  0.0000000E+00  0.1394058      6.6199556E-02  4.6020176E-02  3.6743272E-02
  2.9915921E-02
  0.0000000E+00  0.2294283      0.1147982      8.5426010E-02  7.0964128E-02
  0.0000000E+00  0.4289238      0.2352018      0.1932175    
  0.0000000E+00   1.000000      0.6519058    
  0.0000000E+00   3.692825    
   26.61435    
  1.0000000E+09
  0.0000000E+00  1.5646113E-02  6.5683648E-03  3.8761394E-03  2.6096515E-03
  1.8804290E-03  1.4128687E-03  1.0927614E-03
  0.0000000E+00  1.8654156E-02  7.8820381E-03  4.6954425E-03  3.1930297E-03
  2.3222521E-03  1.7592494E-03  1.3683647E-03
  0.0000000E+00  2.2729224E-02  9.6782837E-03  5.8176946E-03  3.9967829E-03
  2.9335120E-03  2.2391421E-03  1.7517426E-03
  0.0000000E+00  2.8348526E-02  1.2171581E-02  7.3994640E-03  5.1335120E-03
  3.8037533E-03  2.9260055E-03  0.0000000E+00
  0.0000000E+00  3.6273457E-02  1.5731903E-02  9.6782837E-03  6.7989281E-03
  5.0895447E-03  3.9474531E-03  0.0000000E+00
  0.0000000E+00  4.7785524E-02  2.0986596E-02  1.3104558E-02  9.3351211E-03
  7.0777480E-03  5.5335122E-03  0.0000000E+00
  0.0000000E+00  6.5201074E-02  2.9093834E-02  1.8525470E-02  1.3447721E-02
  1.0348526E-02  8.1179626E-03  0.0000000E+00
  0.0000000E+00  9.3029492E-02  4.2407509E-02  2.7721180E-02  2.0627348E-02
  1.6107239E-02  1.2235926E-02
  0.0000000E+00  0.1408043      6.6166222E-02  4.4922255E-02  3.4498662E-02
  2.6584450E-02
  0.0000000E+00  0.2314745      0.1140483      8.1930302E-02  6.4128689E-02
  0.0000000E+00  0.4317426      0.2305094      0.1779625    
  0.0000000E+00   1.000000      0.6144772    
  0.0000000E+00   3.585523    
   27.07239    
  1.0000000E+10
  0.0000000E+00  2.1951098E-02  8.5778451E-03  4.5678644E-03  2.8083832E-03
  1.8787425E-03  1.3293413E-03  9.7954087E-04
  0.0000000E+00  2.3837326E-02  9.6107777E-03  5.2944110E-03  3.3398203E-03
  2.2784430E-03  1.6357285E-03  1.2180638E-03
  0.0000000E+00  2.6906187E-02  1.1092814E-02  6.2974049E-03  4.0723551E-03
  2.8303394E-03  2.0598802E-03  1.5479042E-03
  0.0000000E+00  3.1696606E-02  1.3283433E-02  7.7345306E-03  5.1147705E-03
  3.6147705E-03  2.6631737E-03  0.0000000E+00
  0.0000000E+00  3.9011974E-02  1.6576847E-02  9.8552899E-03  6.6417167E-03
  4.7679641E-03  3.5499001E-03  0.0000000E+00
  0.0000000E+00  5.0149702E-02  2.1611774E-02  1.3093812E-02  8.9820353E-03
  6.5369257E-03  4.9026948E-03  0.0000000E+00
  0.0000000E+00  6.7415170E-02  2.9545907E-02  1.8258482E-02  1.2749501E-02
  9.3912175E-03  7.0409179E-03  0.0000000E+00
  0.0000000E+00  9.5359273E-02  4.2659681E-02  2.6991017E-02  1.9226547E-02
  1.4271457E-02  1.0284431E-02
  0.0000000E+00  0.1436128      6.6017963E-02  4.3103792E-02  3.1357285E-02
  2.2679640E-02
  0.0000000E+00  0.2352295      0.1126247      7.6746508E-02  5.5738520E-02
  0.0000000E+00  0.4367764      0.2231537      0.1586327    
  0.0000000E+00   1.000000      0.5653692    
  0.0000000E+00   3.448603    
   30.17964    
  9.9999998E+10
  0.0000000E+00  3.9521065E-02  1.2895788E-02  5.8713970E-03  3.1955654E-03
  1.9458981E-03  1.2789358E-03  8.8824838E-04
  0.0000000E+00  4.2283814E-02  1.4186253E-02  6.6119735E-03  3.6709534E-03
  2.2709535E-03  1.5117517E-03  1.0607539E-03
  0.0000000E+00  4.5144126E-02  1.5729491E-02  7.5742798E-03  4.3126387E-03
  2.7215078E-03  1.8403549E-03  1.3064302E-03
  0.0000000E+00  4.8514415E-02  1.7716186E-02  8.8824844E-03  5.2150777E-03
  3.3685144E-03  2.3166297E-03  0.0000000E+00
  0.0000000E+00  5.3436808E-02  2.0509979E-02  1.0767185E-02  6.5410202E-03
  4.3294900E-03  3.0274945E-03  0.0000000E+00
  0.0000000E+00  6.1729491E-02  2.4789358E-02  1.3627495E-02  8.5720615E-03
  5.8048782E-03  4.1148560E-03  0.0000000E+00
  0.0000000E+00  7.6496676E-02  3.1791575E-02  1.8226165E-02  1.1827052E-02
  8.1685148E-03  5.8048782E-03  0.0000000E+00
  0.0000000E+00  0.1027051      4.3898005E-02  2.6075389E-02  1.7370289E-02
  1.2106431E-02  8.2572065E-03
  0.0000000E+00  0.1501552      6.6031046E-02  4.0492244E-02  2.7458981E-02
  1.8536586E-02
  0.0000000E+00  0.2419956      0.1102439      6.9800444E-02  4.6607543E-02
  0.0000000E+00  0.4443459      0.2122838      0.1364967    
  0.0000000E+00   1.000000      0.5064301    
  0.0000000E+00   3.285144    
   32.48781    
  1.0000000E+12
  0.0000000E+00  5.9825011E-02  1.8508932E-02  8.0167707E-03  4.1815531E-03
  2.4527891E-03  1.5607001E-03  1.0532264E-03
  0.0000000E+00  6.3762307E-02  1.9817717E-02  8.6219478E-03  4.5133070E-03
  2.6580389E-03  1.6959534E-03  1.1469194E-03
  0.0000000E+00  6.9413058E-02  2.1728035E-02  9.5224204E-03  5.0200513E-03
  2.9711996E-03  1.9041197E-03  1.2920161E-03
  0.0000000E+00  7.6777257E-02  2.4338316E-02  1.0794751E-02  5.7491800E-03
  3.4331027E-03  2.2154576E-03  0.0000000E+00
  0.0000000E+00  8.5818455E-02  2.7790742E-02  1.2570180E-02  6.8064169E-03
  4.1195774E-03  2.6850165E-03  0.0000000E+00
  0.0000000E+00  9.6718930E-02  3.2413416E-02  1.5118484E-02  8.3886255E-03
  5.1768138E-03  3.4166973E-03  0.0000000E+00
  0.0000000E+00  0.1107911      3.9044842E-02  1.9033905E-02  1.0925993E-02
  6.8975580E-03  4.5935111E-03  0.0000000E+00
  0.0000000E+00  0.1325921      4.9653668E-02  2.5599711E-02  1.5271601E-02
  9.8177185E-03  6.3288375E-03
  0.0000000E+00  0.1736785      6.8939120E-02  3.7623040E-02  2.3171710E-02
  1.4535181E-02
  0.0000000E+00  0.2599708      0.1082027      6.1757207E-02  3.7550129E-02
  0.0000000E+00  0.4578928      0.1985782      0.1138534    
  0.0000000E+00   1.000000      0.4429457    
  0.0000000E+00   3.108640    
   32.65038    
  9.9999998E+12
  0.0000000E+00  0.1088687      3.3394020E-02  1.4340702E-02  7.4200262E-03
  4.3198965E-03  2.7282184E-03  1.8296489E-03
  0.0000000E+00  0.1146164      3.5162549E-02  1.5110534E-02  7.8205457E-03
  4.5539662E-03  2.8764631E-03  1.9269180E-03
  0.0000000E+00  0.1172952      3.6020804E-02  1.5492848E-02  8.0234073E-03
  4.6736025E-03  2.9518856E-03  1.9755526E-03
  0.0000000E+00  0.1192718      3.6697011E-02  1.5807543E-02  8.1976596E-03
  4.7776336E-03  3.0169052E-03  0.0000000E+00
  0.0000000E+00  0.1244473      3.8413525E-02  1.6592979E-02  8.6241877E-03
  5.0351103E-03  3.1781534E-03  0.0000000E+00
  0.0000000E+00  0.1358908      4.2184655E-02  1.8327700E-02  9.5682703E-03
  5.6020808E-03  3.5344602E-03  0.0000000E+00
  0.0000000E+00  0.1555007      4.8816647E-02  2.1440834E-02  1.1292588E-02
  6.6397921E-03  4.1664499E-03  0.0000000E+00
  0.0000000E+00  0.1854096      5.9505854E-02  2.6684005E-02  1.4267880E-02
  8.4265284E-03  5.0871260E-03
  0.0000000E+00  0.2312354      7.7191152E-02  3.5890765E-02  1.9617684E-02
  1.1308193E-02
  0.0000000E+00  0.3120936      0.1103771      5.3940184E-02  2.9388817E-02
  0.0000000E+00  0.4931079      0.1845254      9.2145644E-02
  0.0000000E+00   1.000000      0.3781534    
  0.0000000E+00   2.905071    
   32.14565    
  1.0000000E+14
  0.0000000E+00  0.1068871      3.2739036E-02  1.4035945E-02  7.2508985E-03
  4.2156721E-03  2.6585190E-03  1.7800144E-03
  0.0000000E+00  0.1332710      4.0805176E-02  1.7498203E-02  9.0323510E-03
  5.2480227E-03  3.3069735E-03  2.2113586E-03
  0.0000000E+00  0.1640546      5.0237238E-02  2.1524083E-02  1.1111431E-02
  6.4500356E-03  4.0603881E-03  2.7088425E-03
  0.0000000E+00  0.1958303      5.9942484E-02  2.5679367E-02  1.3243710E-02
  7.6808049E-03  4.8253057E-03  0.0000000E+00
  0.0000000E+00  0.2207045      6.7534149E-02  2.8928827E-02  1.4910136E-02
  8.6326376E-03  5.4076202E-03  0.0000000E+00
  0.0000000E+00  0.2312006      7.0783608E-02  3.0309130E-02  1.5614666E-02
  9.0194102E-03  5.6175413E-03  0.0000000E+00
  0.0000000E+00  0.2330697      7.1416244E-02  3.0596692E-02  1.5744068E-02
  9.0553556E-03  5.5643423E-03  0.0000000E+00
  0.0000000E+00  0.2454349      7.5384609E-02  3.2350827E-02  1.6621135E-02
  9.4550680E-03  5.5082673E-03
  0.0000000E+00  0.2852624      8.8152401E-02  3.7972681E-02  1.9410497E-02
  1.0531992E-02
  0.0000000E+00  0.3696621      0.1157584      5.0237238E-02  2.4802299E-02
  0.0000000E+00  0.5455068      0.1744069      7.4938893E-02
  0.0000000E+00   1.000000      0.3160316    
  0.0000000E+00   2.639827    
   30.51042    
