   100.0000    
  0.0000000E+00  1.3911584E-02  6.0792682E-03  3.8353659E-03  2.8131099E-03
  2.2390245E-03  1.8765243E-03  1.6310975E-03
  0.0000000E+00  1.6868902E-02  7.4268286E-03  4.7286586E-03  3.5030486E-03
  2.8201218E-03  2.3923779E-03  2.1085364E-03
  0.0000000E+00  2.0777440E-02  9.2286579E-03  5.9420732E-03  4.4573168E-03
  3.6371949E-03  3.1371950E-03  2.8146340E-03
  0.0000000E+00  2.6067073E-02  1.1701219E-02  7.6402440E-03  5.8262195E-03
  4.8384145E-03  4.2591463E-03  0.0000000E+00
  0.0000000E+00  3.3445120E-02  1.5213414E-02  1.0109756E-02  7.8689028E-03
  6.6981702E-03  6.0731708E-03  0.0000000E+00
  0.0000000E+00  4.4085365E-02  2.0402439E-02  1.3875000E-02  1.1106707E-02
  9.7896336E-03  9.2743905E-03  0.0000000E+00
  0.0000000E+00  6.0182922E-02  2.8484756E-02  1.9996950E-02  1.6670732E-02
  1.5493902E-02  1.5743902E-02  0.0000000E+00
  0.0000000E+00  8.5914627E-02  4.1951217E-02  3.0884147E-02  2.7423779E-02
  2.7835365E-02  3.1310976E-02
  0.0000000E+00  0.1303049      6.6737801E-02  5.2957315E-02  5.2560974E-02
  6.1768293E-02
  0.0000000E+00  0.2156402      0.1196037      0.1090549      0.1333232    
  0.0000000E+00  0.4091463      0.2663110      0.3259147    
  0.0000000E+00   1.000000      0.9701220    
  0.0000000E+00   4.591464    
   31.00610    
   1000.000    
  0.0000000E+00  1.3911327E-02  6.0825995E-03  3.8354085E-03  2.8141511E-03
  2.2395991E-03  1.8761009E-03  1.6298208E-03
  0.0000000E+00  1.6872153E-02  7.4309139E-03  4.7312481E-03  3.5044032E-03
  2.8205283E-03  2.3917400E-03  2.1062861E-03
  0.0000000E+00  2.0780442E-02  9.2317034E-03  5.9429090E-03  4.4609779E-03
  3.6380200E-03  3.1339203E-03  2.8105071E-03
  0.0000000E+00  2.6070451E-02  1.1706650E-02  7.6434859E-03  5.8275131E-03
  4.8405710E-03  4.2575160E-03  0.0000000E+00
  0.0000000E+00  3.3434559E-02  1.5217126E-02  1.0112359E-02  7.8712413E-03
  6.6960216E-03  6.0674162E-03  0.0000000E+00
  0.0000000E+00  4.4093531E-02  2.0409960E-02  1.3880960E-02  1.1108412E-02
  9.7843911E-03  9.2559978E-03  0.0000000E+00
  0.0000000E+00  6.0188275E-02  2.8490737E-02  2.0003038E-02  1.6671728E-02
  1.5472214E-02  1.5666565E-02  0.0000000E+00
  0.0000000E+00  8.5909508E-02  4.1967813E-02  3.0883694E-02  2.7409656E-02
  2.7740661E-02  3.0853326E-02
  0.0000000E+00  0.1303067      6.6747643E-02  5.2960824E-02  5.2444581E-02
  6.1008196E-02
  0.0000000E+00  0.2156392      0.1196477      0.1089584      0.1319769    
  0.0000000E+00  0.4093532      0.2662314      0.3234133    
  0.0000000E+00   1.000000      0.9647738    
  0.0000000E+00   4.573338    
   30.91406    
   10000.00    
  0.0000000E+00  1.3918675E-02  6.0873493E-03  3.8373494E-03  2.8153614E-03
  2.2388555E-03  1.8740963E-03  1.6256024E-03
  0.0000000E+00  1.6876506E-02  7.4337353E-03  4.7319280E-03  3.5060239E-03
  2.8192771E-03  2.3882531E-03  2.0996989E-03
  0.0000000E+00  2.0786146E-02  9.2349397E-03  5.9457831E-03  4.4608433E-03
  3.6355420E-03  3.1295181E-03  2.7993976E-03
  0.0000000E+00  2.6078314E-02  1.1710843E-02  7.6475902E-03  5.8283135E-03
  4.8343376E-03  4.2469879E-03  0.0000000E+00
  0.0000000E+00  3.3463854E-02  1.5225904E-02  1.0117470E-02  7.8704823E-03
  6.6897590E-03  6.0451808E-03  0.0000000E+00
  0.0000000E+00  4.4096384E-02  2.0418674E-02  1.3885543E-02  1.1105422E-02
  9.7650606E-03  9.2018070E-03  0.0000000E+00
  0.0000000E+00  6.0210843E-02  2.8503014E-02  2.0009037E-02  1.6656626E-02
  1.5415663E-02  1.5493975E-02  0.0000000E+00
  0.0000000E+00  8.5933737E-02  4.1987952E-02  3.0873494E-02  2.7358433E-02
  2.7521085E-02  3.0003013E-02
  0.0000000E+00  0.1303614      6.6777110E-02  5.2921690E-02  5.2168675E-02
  5.9608433E-02
  0.0000000E+00  0.2156928      0.1196385      0.1086145      0.1294879    
  0.0000000E+00  0.4093373      0.2658735      0.3183735    
  0.0000000E+00   1.000000      0.9539157    
  0.0000000E+00   4.542169    
   30.75301    
   100000.0    
  0.0000000E+00  1.3935885E-02  6.0967645E-03  3.8438705E-03  2.8177502E-03
  2.2383498E-03  1.8696943E-03  1.6170971E-03
  0.0000000E+00  1.6898189E-02  7.4473135E-03  4.7402792E-03  3.5084595E-03
  2.8177502E-03  2.3814188E-03  2.0863758E-03
  0.0000000E+00  2.0810328E-02  9.2520034E-03  5.9542889E-03  4.4642328E-03
  3.6331257E-03  3.1166519E-03  2.7767883E-03
  0.0000000E+00  2.6105668E-02  1.1730484E-02  7.6550907E-03  5.8296230E-03
  4.8293262E-03  4.2267735E-03  0.0000000E+00
  0.0000000E+00  3.3481747E-02  1.5247848E-02  1.0127635E-02  7.8688040E-03
  6.6726031E-03  6.0017807E-03  0.0000000E+00
  0.0000000E+00  4.4167407E-02  2.0445235E-02  1.3897299E-02  1.1098249E-02
  9.7269220E-03  9.1006234E-03  0.0000000E+00
  0.0000000E+00  6.0255270E-02  2.8539628E-02  2.0020777E-02  1.6631048E-02
  1.5307212E-02  1.5182547E-02  0.0000000E+00
  0.0000000E+00  8.6019590E-02  4.2030275E-02  3.0869694E-02  2.7257346E-02
  2.7117839E-02  2.8735528E-02
  0.0000000E+00  0.1304838      6.6844761E-02  5.2834667E-02  5.1677052E-02
  5.7465125E-02
  0.0000000E+00  0.2159098      0.1196794      0.1080439      0.1255862    
  0.0000000E+00  0.4096171      0.2653310      0.3107747    
  0.0000000E+00   1.000000      0.9367765    
  0.0000000E+00   4.493915    
   30.48382    
   1000000.    
  0.0000000E+00  1.3976287E-02  6.1162524E-03  3.8548294E-03  2.8212839E-03
  2.2348179E-03  1.8588781E-03  1.5983228E-03
  0.0000000E+00  1.6943321E-02  7.4696359E-03  4.7513014E-03  3.5107001E-03
  2.8114517E-03  2.3646615E-03  2.0572585E-03
  0.0000000E+00  2.0861769E-02  9.2770392E-03  5.9687681E-03  4.4650086E-03
  3.6205899E-03  3.0913823E-03  2.7296124E-03
  0.0000000E+00  2.6168305E-02  1.1764025E-02  7.6720649E-03  5.8270679E-03
  4.8062466E-03  4.1787163E-03  0.0000000E+00
  0.0000000E+00  3.3574320E-02  1.5289185E-02  1.0147484E-02  7.8629265E-03
  6.6310004E-03  5.9109312E-03  0.0000000E+00
  0.0000000E+00  4.4245228E-02  2.0500289E-02  1.3918451E-02  1.1075767E-02
  9.6385200E-03  8.8982079E-03  0.0000000E+00
  0.0000000E+00  6.0410645E-02  2.8609022E-02  2.0037595E-02  1.6564488E-02
  1.5083863E-02  1.4635627E-02  0.0000000E+00
  0.0000000E+00  8.6205900E-02  4.2134184E-02  3.0855987E-02  2.7032968E-02
  2.6388086E-02  2.6873916E-02
  0.0000000E+00  0.1307692      6.6946216E-02  5.2689418E-02  5.0722964E-02
  5.4222092E-02
  0.0000000E+00  0.2163678      0.1197224      0.1068826      0.1196356    
  0.0000000E+00  0.4103528      0.2641701      0.2990168    
  0.0000000E+00   1.000000      0.9100636    
  0.0000000E+00   4.418739    
   30.10411    
  1.0000000E+07
  0.0000000E+00  1.4069672E-02  6.1598010E-03  3.8761406E-03  2.8255461E-03
  2.2244954E-03  1.8343932E-03  1.5587504E-03
  0.0000000E+00  1.7047277E-02  7.5172796E-03  4.7746752E-03  3.5139618E-03
  2.7951342E-03  2.3276196E-03  1.9986178E-03
  0.0000000E+00  2.0981476E-02  9.3337018E-03  5.9911530E-03  4.4622617E-03
  3.5941387E-03  3.0329004E-03  2.6369919E-03
  0.0000000E+00  2.6309095E-02  1.1827482E-02  7.6969867E-03  5.8169751E-03
  4.7580870E-03  4.0807300E-03  0.0000000E+00
  0.0000000E+00  3.3729609E-02  1.5366326E-02  1.0171412E-02  7.8352224E-03
  6.5413327E-03  5.7340334E-03  0.0000000E+00
  0.0000000E+00  4.4484381E-02  2.0597180E-02  1.3939730E-02  1.1011889E-02
  9.4525851E-03  8.5346978E-03  0.0000000E+00
  0.0000000E+00  6.0685650E-02  2.8725464E-02  2.0041471E-02  1.6403096E-02
  1.4653027E-02  1.3746199E-02  0.0000000E+00
  0.0000000E+00  8.6618744E-02  4.2300250E-02  3.0799005E-02  2.6574511E-02
  2.5145147E-02  2.4230026E-02
  0.0000000E+00  0.1313519      6.7127451E-02  5.2308545E-02  4.9046174E-02
  4.9516175E-02
  0.0000000E+00  0.2173072      0.1197401      0.1047277      0.1108377    
  0.0000000E+00  0.4119436      0.2618745      0.2811722    
  0.0000000E+00   1.000000      0.8689522    
  0.0000000E+00   4.301908    
   29.49959    
  1.0000000E+08
  0.0000000E+00  1.4347604E-02  6.2778774E-03  3.9323252E-03  2.8402973E-03
  2.2058447E-03  1.7869778E-03  1.4867983E-03
  0.0000000E+00  1.7323764E-02  7.6339403E-03  4.8244041E-03  3.5170470E-03
  2.7557036E-03  2.2540374E-03  1.8915663E-03
  0.0000000E+00  2.1274032E-02  9.4539868E-03  6.0369140E-03  4.4501410E-03
  3.5273007E-03  2.9172008E-03  2.4732118E-03
  0.0000000E+00  2.6634198E-02  1.1958472E-02  7.7364780E-03  5.7805688E-03
  4.6475264E-03  3.8938734E-03  0.0000000E+00
  0.0000000E+00  3.4119457E-02  1.5516534E-02  1.0202512E-02  7.7569857E-03
  6.3496539E-03  5.4114331E-03  0.0000000E+00
  0.0000000E+00  4.4937197E-02  2.0774160E-02  1.3950269E-02  1.0853627E-02
  9.0925405E-03  7.9236096E-03  0.0000000E+00
  0.0000000E+00  6.1291978E-02  2.8941296E-02  1.9994874E-02  1.6049732E-02
  1.3883620E-02  1.2414766E-02  0.0000000E+00
  0.0000000E+00  8.7439112E-02  4.2553190E-02  3.0581903E-02  2.5685722E-02
  2.3194054E-02  2.0840809E-02
  0.0000000E+00  0.1325814      6.7367345E-02  5.1473983E-02  4.6244550E-02
  4.3322228E-02
  0.0000000E+00  0.2192002      0.1195335      0.1009485      9.8846450E-02
  0.0000000E+00  0.4147654      0.2576263      0.2562163    
  0.0000000E+00   1.000000      0.8105614    
  0.0000000E+00   4.134837    
   28.83876    
  1.0000000E+09
  0.0000000E+00  1.5687782E-02  6.8665156E-03  4.2285067E-03  2.9638009E-03
  2.2180995E-03  1.7260180E-03  1.3787330E-03
  0.0000000E+00  1.8457014E-02  8.1131216E-03  5.0520361E-03  3.5882352E-03
  2.7217194E-03  2.1427602E-03  1.7294118E-03
  0.0000000E+00  2.2269230E-02  9.8552033E-03  6.2058819E-03  4.4638012E-03
  3.4276017E-03  2.7330315E-03  2.2276018E-03
  0.0000000E+00  2.7556561E-02  1.2312217E-02  7.8484165E-03  5.7239817E-03
  4.4570137E-03  3.5950225E-03  0.0000000E+00
  0.0000000E+00  3.5045248E-02  1.5846154E-02  1.0255656E-02  7.6018097E-03
  6.0090497E-03  4.9140272E-03  0.0000000E+00
  0.0000000E+00  4.5950226E-02  2.1101810E-02  1.3923077E-02  1.0524887E-02
  8.4773758E-03  7.0384615E-03  0.0000000E+00
  0.0000000E+00  6.2511317E-02  2.9298643E-02  1.9816743E-02  1.5375565E-02
  1.2678733E-02  1.0678734E-02  0.0000000E+00
  0.0000000E+00  8.9027151E-02  4.2873301E-02  3.0045249E-02  2.4162896E-02
  2.0486426E-02  1.7009050E-02
  0.0000000E+00  0.1347964      6.7556560E-02  4.9841627E-02  4.2081449E-02
  3.6085974E-02
  0.0000000E+00  0.2225113      0.1187557      9.4909504E-02  8.4343895E-02
  0.0000000E+00  0.4196832      0.2502263      0.2248642    
  0.0000000E+00   1.000000      0.7352941    
  0.0000000E+00   3.923077    
   29.04977    
  1.0000000E+10
  0.0000000E+00  2.5194086E-02  1.0121996E-02  5.4658041E-03  3.3974121E-03
  2.2975970E-03  1.6434380E-03  1.2247689E-03
  0.0000000E+00  2.6025876E-02  1.0905730E-02  6.1423290E-03  3.9463956E-03
  2.7356746E-03  1.9944548E-03  1.5086876E-03
  0.0000000E+00  2.8133087E-02  1.2136784E-02  7.1053607E-03  4.7097965E-03
  3.3475047E-03  2.4879852E-03  1.9075784E-03
  0.0000000E+00  3.2088723E-02  1.4094270E-02  8.5194083E-03  5.8151572E-03
  4.2292052E-03  3.2014786E-03  0.0000000E+00
  0.0000000E+00  3.8687617E-02  1.7197782E-02  1.0669132E-02  7.4713491E-03
  5.5545284E-03  4.2735673E-03  0.0000000E+00
  0.0000000E+00  4.9075786E-02  2.2125693E-02  1.4040666E-02  1.0066543E-02
  7.6358593E-03  5.9574861E-03  0.0000000E+00
  0.0000000E+00  6.5471351E-02  3.0055452E-02  1.9537892E-02  1.4351201E-02
  1.1097967E-02  8.7264329E-03  0.0000000E+00
  0.0000000E+00  9.2236601E-02  4.3401107E-02  2.9075786E-02  2.1940852E-02
  1.7260628E-02  1.3203327E-02
  0.0000000E+00  0.1387800      6.7578554E-02  4.7134936E-02  3.6765248E-02
  2.8613679E-02
  0.0000000E+00  0.2279113      0.1169501      8.6469501E-02  6.8761557E-02
  0.0000000E+00  0.4269871      0.2388170      0.1898336    
  0.0000000E+00   1.000000      0.6478743    
  0.0000000E+00   3.676525    
   31.71904    
  9.9999998E+10
  0.0000000E+00  5.0486732E-02  1.6455527E-02  7.4769971E-03  4.0672086E-03
  2.4776636E-03  1.6295506E-03  1.1340179E-03
  0.0000000E+00  5.2366983E-02  1.7575677E-02  8.1810905E-03  4.5406055E-03
  2.8110414E-03  1.8749166E-03  1.3199094E-03
  0.0000000E+00  5.4033872E-02  1.8895853E-02  9.1025466E-03  5.1900251E-03
  3.2844380E-03  2.2296305E-03  1.5908787E-03
  0.0000000E+00  5.5754099E-02  2.0589413E-02  1.0373383E-02  6.1194822E-03
  3.9751967E-03  2.7523669E-03  0.0000000E+00
  0.0000000E+00  5.8567811E-02  2.3029737E-02  1.2230963E-02  7.5063338E-03
  5.0193360E-03  3.5498068E-03  0.0000000E+00
  0.0000000E+00  6.4621948E-02  2.6896918E-02  1.5108680E-02  9.6626217E-03
  6.6555538E-03  4.7979732E-03  0.0000000E+00
  0.0000000E+00  7.7276967E-02  3.3511136E-02  1.9815976E-02  1.3191092E-02
  9.3332445E-03  6.7955726E-03  0.0000000E+00
  0.0000000E+00  0.1016402      4.5419388E-02  2.8057072E-02  1.9335911E-02
  1.3935192E-02  9.8333117E-03
  0.0000000E+00  0.1473530      6.7929052E-02  4.3632485E-02  3.0910786E-02
  2.1816242E-02
  0.0000000E+00  0.2370983      0.1140019      7.6343514E-02  5.3967196E-02
  0.0000000E+00  0.4375250      0.2234965      0.1548207    
  0.0000000E+00   1.000000      0.5568742    
  0.0000000E+00   3.421790    
   32.91105    
  1.0000000E+12
  0.0000000E+00  8.4869981E-02  2.6280537E-02  1.1394800E-02  5.9464145E-03
  3.4925139E-03  2.2245864E-03  1.5035460E-03
  0.0000000E+00  8.5500397E-02  2.6579985E-02  1.1576044E-02  6.0677701E-03
  3.5768321E-03  2.2852640E-03  1.5484635E-03
  0.0000000E+00  8.8494882E-02  2.7714737E-02  1.2159180E-02  6.4152880E-03
  3.8029947E-03  2.4420805E-03  1.6603625E-03
  0.0000000E+00  9.3695827E-02  2.9739952E-02  1.3199370E-02  7.0394012E-03
  4.2111902E-03  2.7241923E-03  0.0000000E+00
  0.0000000E+00  0.1009456      3.2734435E-02  1.4814815E-02  8.0378251E-03
  4.8747044E-03  3.1883374E-03  0.0000000E+00
  0.0000000E+00  0.1099291      3.6966115E-02  1.7273445E-02  9.6059889E-03
  5.9487782E-03  3.9464147E-03  0.0000000E+00
  0.0000000E+00  0.1214342      4.3191489E-02  2.1158393E-02  1.2206462E-02
  7.7549256E-03  5.2048857E-03  0.0000000E+00
  0.0000000E+00  0.1396375      5.3388495E-02  2.7825061E-02  1.6769109E-02
  1.0906225E-02  7.1315998E-03
  0.0000000E+00  0.1764382      7.2356187E-02  4.0315211E-02  2.5279749E-02
  1.6178092E-02
  0.0000000E+00  0.2589441      0.1120567      6.5996848E-02  4.1308116E-02
  0.0000000E+00  0.4546100      0.2062254      0.1234043    
  0.0000000E+00   1.000000      0.4704492    
  0.0000000E+00   3.180457    
   32.64775    
  9.9999998E+12
  0.0000000E+00  0.1746865      5.3608947E-02  2.3049813E-02  1.1934938E-02
  6.9535752E-03  4.3985089E-03  2.9505254E-03
  0.0000000E+00  0.1782786      5.4761097E-02  2.3554727E-02  1.2202644E-02
  7.1128430E-03  4.4967812E-03  3.0169433E-03
  0.0000000E+00  0.1727889      5.3134531E-02  2.2883769E-02  1.1867164E-02
  6.9230772E-03  4.3781772E-03  2.9352761E-03
  0.0000000E+00  0.1641816      5.0593022E-02  2.1833276E-02  1.1341917E-02
  6.6248733E-03  4.1917996E-03  0.0000000E+00
  0.0000000E+00  0.1596747      4.9373094E-02  2.1382581E-02  1.1141986E-02
  6.5198238E-03  4.1274144E-03  0.0000000E+00
  0.0000000E+00  0.1635378      5.0898001E-02  2.2178922E-02  1.1616401E-02
  6.8248054E-03  4.3205693E-03  0.0000000E+00
  0.0000000E+00  0.1775330      5.5913251E-02  2.4652662E-02  1.3036259E-02
  7.6990854E-03  4.8559816E-03  0.0000000E+00
  0.0000000E+00  0.2032870      6.5537110E-02  2.9508643E-02  1.5859030E-02
  9.4205355E-03  5.7268725E-03
  0.0000000E+00  0.2453745      8.2548290E-02  3.8597088E-02  2.1236869E-02
  1.2334801E-02
  0.0000000E+00  0.3213487      0.1154524      5.6997631E-02  3.1365637E-02
  0.0000000E+00  0.4954253      0.1905456      9.6950188E-02
  0.0000000E+00   1.000000      0.3917316    
  0.0000000E+00   2.934937    
   31.97899    
  1.0000000E+14
  0.0000000E+00  0.1205455      3.6945455E-02  1.5854547E-02  8.1936372E-03
  4.7663637E-03  3.0090911E-03  2.0154547E-03
  0.0000000E+00  0.1635455      5.0109092E-02  2.1500001E-02  1.1109090E-02
  6.4599998E-03  4.0745456E-03  2.7254545E-03
  0.0000000E+00  0.2162727      6.6272728E-02  2.8427273E-02  1.4681818E-02
  8.5345460E-03  5.3772731E-03  3.5909093E-03
  0.0000000E+00  0.2697273      8.2654551E-02  3.5454549E-02  1.8309092E-02
  1.0636364E-02  6.6890907E-03  0.0000000E+00
  0.0000000E+00  0.3048182      9.3454547E-02  4.0090911E-02  2.0700000E-02
  1.2009091E-02  7.5363638E-03  0.0000000E+00
  0.0000000E+00  0.3074546      9.4363637E-02  4.0500004E-02  2.0909091E-02
  1.2109091E-02  7.5654546E-03  0.0000000E+00
  0.0000000E+00  0.2913636      8.9581825E-02  3.8518183E-02  1.9881820E-02
  1.1481819E-02  7.0863641E-03  0.0000000E+00
  0.0000000E+00  0.2860909      8.8281825E-02  3.8072728E-02  1.9663638E-02
  1.1254546E-02  6.5990915E-03
  0.0000000E+00  0.3121818      9.7090915E-02  4.2109091E-02  2.1672728E-02
  1.1863637E-02
  0.0000000E+00  0.3868182      0.1221818      5.3490911E-02  2.6654547E-02
  0.0000000E+00  0.5554546      0.1796364      7.7990912E-02
  0.0000000E+00   1.000000      0.3222727    
  0.0000000E+00   2.635454    
   30.10909    
