   100.0000    
  0.0000000E+00  1.3561644E-02  6.0012313E-03  3.8602434E-03  2.9090352E-03
  2.3949516E-03  2.0917347E-03  1.9116516E-03
  0.0000000E+00  1.6392181E-02  7.3141451E-03  4.7560413E-03  3.6278283E-03
  3.0306296E-03  2.6920119E-03  2.5088503E-03
  0.0000000E+00  2.0132370E-02  9.0703405E-03  5.9766048E-03  4.6298294E-03
  3.9356626E-03  3.5724181E-03  3.4231185E-03
  0.0000000E+00  2.5180854E-02  1.1485302E-02  7.6912423E-03  6.0735727E-03
  5.2885949E-03  4.9453597E-03  0.0000000E+00
  0.0000000E+00  3.2230262E-02  1.4922272E-02  1.0200094E-02  8.2638143E-03
  7.4326610E-03  7.2618132E-03  0.0000000E+00
  0.0000000E+00  4.2404190E-02  2.0024627E-02  1.4060335E-02  1.1800831E-02
  1.1134369E-02  1.1654610E-02  0.0000000E+00
  0.0000000E+00  5.7795908E-02  2.7982146E-02  2.0424813E-02  1.8069878E-02
  1.8408496E-02  2.1733107E-02  0.0000000E+00
  0.0000000E+00  8.2453437E-02  4.1388333E-02  3.1968601E-02  3.0829614E-02
  3.6185931E-02  5.2224103E-02
  0.0000000E+00  0.1251347      6.6369094E-02  5.6395259E-02  6.4137295E-02
  9.8183781E-02
  0.0000000E+00  0.2076343      0.1211790      0.1246883      0.2007080    
  0.0000000E+00  0.3971064      0.2849007      0.4619055    
  0.0000000E+00   1.000000       1.283208    
  0.0000000E+00   5.479452    
   35.64722    
   1000.000    
  0.0000000E+00  1.3553532E-02  6.0015186E-03  3.8633260E-03  2.9126804E-03
  2.3978739E-03  2.0941533E-03  1.9119211E-03
  0.0000000E+00  1.6385725E-02  7.3151104E-03  4.7593014E-03  3.6324982E-03
  3.0341689E-03  2.6940017E-03  2.5087320E-03
  0.0000000E+00  2.0121489E-02  9.0721333E-03  5.9802583E-03  4.6347762E-03
  3.9407746E-03  3.5763099E-03  3.4214123E-03
  0.0000000E+00  2.5163250E-02  1.1488231E-02  7.6977983E-03  6.0820044E-03
  5.2938499E-03  4.9491269E-03  0.0000000E+00
  0.0000000E+00  3.2209568E-02  1.4926349E-02  1.0209568E-02  8.2733491E-03
  7.4396362E-03  7.2604404E-03  0.0000000E+00
  0.0000000E+00  4.2384207E-02  2.0030372E-02  1.4072893E-02  1.1814731E-02
  1.1141989E-02  1.1634016E-02  0.0000000E+00
  0.0000000E+00  5.7767656E-02  2.8003039E-02  2.0440396E-02  1.8086562E-02
  1.8405467E-02  2.1564161E-02  0.0000000E+00
  0.0000000E+00  8.2414582E-02  4.1412301E-02  3.1996962E-02  3.0842826E-02
  3.6006074E-02  5.0751712E-02
  0.0000000E+00  0.1250873      6.6408508E-02  5.6446470E-02  6.3978739E-02
  9.5839031E-02
  0.0000000E+00  0.2075930      0.1212604      0.1245558      0.1966591    
  0.0000000E+00  0.3971147      0.2848899      0.4545179    
  0.0000000E+00   1.000000       1.266970    
  0.0000000E+00   5.433561    
   35.39863    
   10000.00    
  0.0000000E+00  1.3556411E-02  6.0082912E-03  3.8702993E-03  2.9182706E-03
  2.4030204E-03  2.0965354E-03  1.9114598E-03
  0.0000000E+00  1.6390288E-02  7.3230681E-03  4.7675455E-03  3.6393250E-03
  3.0396804E-03  2.6961800E-03  2.5051821E-03
  0.0000000E+00  2.0121410E-02  9.0820258E-03  5.9905243E-03  4.6431744E-03
  3.9472906E-03  3.5771395E-03  3.4127927E-03
  0.0000000E+00  2.5170270E-02  1.1501333E-02  7.7109863E-03  6.0926857E-03
  5.3005624E-03  4.9452176E-03  0.0000000E+00
  0.0000000E+00  3.2217946E-02  1.4939296E-02  1.0226533E-02  8.2884217E-03
  7.4459584E-03  7.2431150E-03  0.0000000E+00
  0.0000000E+00  4.2389695E-02  2.0047382E-02  1.4096831E-02  1.1832989E-02
  1.1138584E-02  1.1562038E-02  0.0000000E+00
  0.0000000E+00  5.7773173E-02  2.8027836E-02  2.0476755E-02  1.8092982E-02
  1.8359490E-02  2.1202249E-02  0.0000000E+00
  0.0000000E+00  8.2425237E-02  4.1456915E-02  3.2040272E-02  3.0826177E-02
  3.5608526E-02  4.8252888E-02
  0.0000000E+00  0.1251110      6.6493928E-02  5.6485049E-02  6.3532725E-02
  9.1782652E-02
  0.0000000E+00  0.2075807      0.1213947      0.1241487      0.1896654    
  0.0000000E+00  0.3972461      0.2845721      0.4412200    
  0.0000000E+00   1.000000       1.238229    
  0.0000000E+00   5.350904    
   34.94226    
   100000.0    
  0.0000000E+00  1.3569105E-02  6.0234829E-03  3.8817371E-03  2.9268637E-03
  2.4076954E-03  2.0964777E-03  1.9040883E-03
  0.0000000E+00  1.6395530E-02  7.3405006E-03  4.7828546E-03  3.6511531E-03
  3.0456926E-03  2.6948650E-03  2.4911587E-03
  0.0000000E+00  2.0130146E-02  9.1017121E-03  6.0093361E-03  4.6569528E-03
  3.9524683E-03  3.5691045E-03  3.3837883E-03
  0.0000000E+00  2.5194513E-02  1.1526383E-02  7.7337674E-03  6.1083608E-03
  5.3048525E-03  4.9257320E-03  0.0000000E+00
  0.0000000E+00  3.2239355E-02  1.4980903E-02  1.0256047E-02  8.3066914E-03
  7.4409391E-03  7.1891360E-03  0.0000000E+00
  0.0000000E+00  4.2424668E-02  2.0087706E-02  1.4136369E-02  1.1850332E-02
  1.1106239E-02  1.1389164E-02  0.0000000E+00
  0.0000000E+00  5.7829961E-02  2.8094497E-02  2.0526242E-02  1.8107230E-02
  1.8206252E-02  2.0512095E-02  0.0000000E+00
  0.0000000E+00  8.2501061E-02  4.1561749E-02  3.2112040E-02  3.0725705E-02
  3.4785684E-02  4.4744659E-02
  0.0000000E+00  0.1252369      6.6643089E-02  5.6500211E-02  6.2611401E-02
  8.5952751E-02
  0.0000000E+00  0.2078087      0.1216014      0.1231999      0.1795162    
  0.0000000E+00  0.3977932      0.2837742      0.4217004    
  0.0000000E+00   1.000000       1.194936    
  0.0000000E+00   5.227048    
   34.29057    
   1000000.    
  0.0000000E+00  1.3611401E-02  6.0525625E-03  3.9029811E-03  2.9406380E-03
  2.4123953E-03  2.0894350E-03  1.8802301E-03
  0.0000000E+00  1.6448746E-02  7.3744771E-03  4.8064850E-03  3.6650104E-03
  3.0465482E-03  2.6791317E-03  2.4516215E-03
  0.0000000E+00  2.0188285E-02  9.1435667E-03  6.0381796E-03  4.6731168E-03
  3.9500524E-03  3.5407948E-03  3.3119770E-03
  0.0000000E+00  2.5261506E-02  1.1578190E-02  7.7693514E-03  6.1257845E-03
  5.2928869E-03  4.8666317E-03  0.0000000E+00
  0.0000000E+00  3.2322176E-02  1.5036611E-02  1.0300731E-02  8.3224373E-03
  7.4045500E-03  7.0554391E-03  0.0000000E+00
  0.0000000E+00  4.2533997E-02  2.0175207E-02  1.4186715E-02  1.1855387E-02
  1.1000261E-02  1.1042102E-02  0.0000000E+00
  0.0000000E+00  5.7975940E-02  2.8216526E-02  2.0593617E-02  1.8057007E-02
  1.7860878E-02  1.9390689E-02  0.0000000E+00
  0.0000000E+00  8.2714431E-02  4.1723326E-02  3.2165270E-02  3.0439330E-02
  3.3368200E-02  4.0115062E-02
  0.0000000E+00  0.1255753      6.6880226E-02  5.6380749E-02  6.0904808E-02
  7.8111924E-02
  0.0000000E+00  0.2084205      0.1218488      0.1212997      0.1654027    
  0.0000000E+00  0.3989278      0.2821653      0.3942207    
  0.0000000E+00   1.000000       1.134022    
  0.0000000E+00   5.053609    
   33.35513    
  1.0000000E+07
  0.0000000E+00  1.3724818E-02  6.1137825E-03  3.9411630E-03  2.9578756E-03
  2.4095697E-03  2.0627291E-03  1.8257785E-03
  0.0000000E+00  1.6563645E-02  7.4439105E-03  4.8489012E-03  3.6824634E-03
  3.0368590E-03  2.6350734E-03  2.3660716E-03
  0.0000000E+00  2.0329671E-02  9.2250463E-03  6.0863094E-03  4.6886448E-03
  3.9262823E-03  3.4649726E-03  3.1684982E-03
  0.0000000E+00  2.5423536E-02  1.1675824E-02  7.8250924E-03  6.1355312E-03
  5.2426741E-03  4.7298539E-03  0.0000000E+00
  0.0000000E+00  3.2532055E-02  1.5167125E-02  1.0366301E-02  8.3173076E-03
  7.2962460E-03  6.7822807E-03  0.0000000E+00
  0.0000000E+00  4.2799909E-02  2.0329671E-02  1.4262821E-02  1.1813187E-02
  1.0748627E-02  1.0417812E-02  0.0000000E+00
  0.0000000E+00  5.8333337E-02  2.8422620E-02  2.0661632E-02  1.7880037E-02
  1.7181778E-02  1.7662546E-02  0.0000000E+00
  0.0000000E+00  8.3230309E-02  4.2010073E-02  3.2177202E-02  2.9807694E-02
  3.1078296E-02  3.4134615E-02
  0.0000000E+00  0.1263736      6.7261912E-02  5.5975277E-02  5.7989929E-02
  6.7719780E-02
  0.0000000E+00  0.2097070      0.1221383      0.1179029      0.1464057    
  0.0000000E+00  0.4010989      0.2787317      0.3565705    
  0.0000000E+00   1.000000       1.049107    
  0.0000000E+00   4.811127    
   32.10852    
  1.0000000E+08
  0.0000000E+00  1.4053309E-02  6.2766545E-03  4.0330882E-03  2.9972426E-03
  2.3988970E-03  2.0055147E-03  1.7233457E-03
  0.0000000E+00  1.6902573E-02  7.6056989E-03  4.9338238E-03  3.7058822E-03
  3.0000000E-03  2.5376838E-03  2.2058825E-03
  0.0000000E+00  2.0689338E-02  9.3933819E-03  6.1672800E-03  4.6920958E-03
  3.8511029E-03  3.3042280E-03  2.9117647E-03
  0.0000000E+00  2.5827205E-02  1.1865809E-02  7.9034930E-03  6.1121322E-03
  5.1029413E-03  4.4549634E-03  0.0000000E+00
  0.0000000E+00  3.3005513E-02  1.5386030E-02  1.0441177E-02  8.2417279E-03
  7.0358454E-03  6.2830886E-03  0.0000000E+00
  0.0000000E+00  4.3391544E-02  2.0597426E-02  1.4329043E-02  1.1626839E-02
  1.0220588E-02  9.4117643E-03  0.0000000E+00
  0.0000000E+00  5.9108455E-02  2.8759193E-02  2.0670956E-02  1.7417278E-02
  1.5974265E-02  1.5284927E-02  0.0000000E+00
  0.0000000E+00  8.4319852E-02  4.2435661E-02  3.1966913E-02  2.8501838E-02
  2.7720589E-02  2.7325368E-02
  0.0000000E+00  0.1279412      6.7720592E-02  5.4880515E-02  5.3373162E-02
  5.5551469E-02
  0.0000000E+00  0.2123162      0.1220588      0.1119485      0.1234375    
  0.0000000E+00  0.4050552      0.2723345      0.3096507    
  0.0000000E+00   1.000000      0.9411765    
  0.0000000E+00   4.502758    
   30.75368    
  1.0000000E+09
  0.0000000E+00  1.5667312E-02  7.0921988E-03  4.4970987E-03  3.2275952E-03
  2.4635720E-03  1.9522888E-03  1.5867183E-03
  0.0000000E+00  1.8252740E-02  8.2591875E-03  5.2940040E-03  3.8575113E-03
  2.9929078E-03  2.4087685E-03  1.9845262E-03
  0.0000000E+00  2.1882655E-02  9.9419728E-03  6.4397161E-03  4.7607995E-03
  3.7517732E-03  3.0651193E-03  2.5596390E-03
  0.0000000E+00  2.6956802E-02  1.2346872E-02  8.1044491E-03  6.0818824E-03
  4.8710508E-03  4.0425532E-03  0.0000000E+00
  0.0000000E+00  3.4158606E-02  1.5847839E-02  1.0567376E-02  8.0786590E-03
  6.5892972E-03  5.5641523E-03  0.0000000E+00
  0.0000000E+00  4.4687297E-02  2.1076726E-02  1.4358478E-02  1.1225016E-02
  9.3745971E-03  8.0722114E-03  0.0000000E+00
  0.0000000E+00  6.0702771E-02  2.9277883E-02  2.0515798E-02  1.6544165E-02
  1.4216634E-02  1.2520954E-02  0.0000000E+00
  0.0000000E+00  8.6395875E-02  4.2998064E-02  3.1353965E-02  2.6370084E-02
  2.3533205E-02  2.0728562E-02
  0.0000000E+00  0.1309478      6.8149582E-02  5.2759510E-02  4.7163121E-02
  4.3301098E-02
  0.0000000E+00  0.2168279      0.1212766      0.1032237      9.9355258E-02
  0.0000000E+00  0.4118633      0.2621534      0.2586718    
  0.0000000E+00   1.000000      0.8207608    
  0.0000000E+00   4.159897    
   30.76725    
  1.0000000E+10
  0.0000000E+00  2.7855828E-02  1.1474807E-02  6.2375874E-03  3.8837807E-03
  2.6307467E-03  1.8863552E-03  1.4104450E-03
  0.0000000E+00  2.7723428E-02  1.2022803E-02  6.8554617E-03  4.4280984E-03
  3.0831187E-03  2.2589187E-03  1.7175432E-03
  0.0000000E+00  2.8959176E-02  1.3004781E-02  7.7565284E-03  5.1930854E-03
  3.7219566E-03  2.7863185E-03  2.1548364E-03
  0.0000000E+00  3.2239791E-02  1.4722324E-02  9.1099674E-03  6.3148215E-03
  4.6487679E-03  3.5579258E-03  0.0000000E+00
  0.0000000E+00  3.8322911E-02  1.7627804E-02  1.1224715E-02  8.0176536E-03
  6.0573742E-03  4.7333576E-03  0.0000000E+00
  0.0000000E+00  4.8253033E-02  2.2420008E-02  1.4626700E-02  1.0731886E-02
  8.3118798E-03  6.6164029E-03  0.0000000E+00
  0.0000000E+00  6.4178005E-02  3.0312615E-02  2.0286871E-02  1.5296064E-02
  1.2129459E-02  9.7793303E-03  0.0000000E+00
  0.0000000E+00  9.0290546E-02  4.3766089E-02  3.0242737E-02  2.3534387E-02
  1.9087899E-02  1.5097462E-02
  0.0000000E+00  0.1358956      6.8370722E-02  4.9429938E-02  3.9977930E-02
  3.2405294E-02
  0.0000000E+00  0.2237587      0.1193086      9.2166238E-02  7.6940052E-02
  0.0000000E+00  0.4214785      0.2477381      0.2090474    
  0.0000000E+00   1.000000      0.6984186    
  0.0000000E+00   3.817580    
   32.84663    
  9.9999998E+10
  0.0000000E+00  5.8862519E-02  1.9266337E-02  8.7746615E-03  4.7842171E-03
  2.9207766E-03  1.9266339E-03  1.3446363E-03
  0.0000000E+00  5.9602343E-02  2.0114057E-02  9.3850186E-03  5.2204067E-03
  3.2398275E-03  2.1670777E-03  1.5297472E-03
  0.0000000E+00  6.0064733E-02  2.1192972E-02  1.0241985E-02  5.8508012E-03
  3.7099260E-03  2.5246609E-03  1.8079532E-03
  0.0000000E+00  6.0403820E-02  2.2657214E-02  1.1467325E-02  6.7817513E-03
  4.4158446E-03  3.0672008E-03  0.0000000E+00
  0.0000000E+00  6.1606042E-02  2.4815043E-02  1.3295315E-02  8.1935879E-03
  5.4993834E-03  3.9056719E-03  0.0000000E+00
  0.0000000E+00  6.5952532E-02  2.8375464E-02  1.6152898E-02  1.0409988E-02
  7.2148582E-03  5.2358201E-03  0.0000000E+00
  0.0000000E+00  7.7127002E-02  3.4663994E-02  2.0884709E-02  1.4070592E-02
  1.0053946E-02  7.3998147E-03  0.0000000E+00
  0.0000000E+00  0.1004162      4.6362516E-02  2.9300246E-02  2.0530209E-02
  1.5010789E-02  1.0772196E-02
  0.0000000E+00  0.1451911      6.9004312E-02  4.5468558E-02  3.2922320E-02
  2.3720715E-02
  0.0000000E+00  0.2339704      0.1161375      8.0101728E-02  5.8215164E-02
  0.0000000E+00  0.4335697      0.2299630      0.1652281    
  0.0000000E+00   1.000000      0.5856966    
  0.0000000E+00   3.500308    
   33.16893    
  1.0000000E+12
  0.0000000E+00  0.1073398      3.3381417E-02  1.4539670E-02  7.6240986E-03
  4.4972422E-03  2.8786594E-03  1.9537548E-03
  0.0000000E+00  0.1034366      3.2341961E-02  1.4166314E-02  7.4671195E-03
  4.4251168E-03  2.8434452E-03  1.9367840E-03
  0.0000000E+00  0.1026305      3.2375902E-02  1.4302080E-02  7.5986427E-03
  4.5311837E-03  2.9295716E-03  2.0046670E-03
  0.0000000E+00  0.1048791      3.3542641E-02  1.5006365E-02  8.0653373E-03
  4.8621129E-03  3.1671617E-03  0.0000000E+00
  0.0000000E+00  0.1096733      3.5905812E-02  1.6397964E-02  8.9647863E-03
  5.4815449E-03  3.6147647E-03  0.0000000E+00
  0.0000000E+00  0.1166313      3.9715741E-02  1.8731438E-02  1.0509122E-02
  6.5591857E-03  4.3869326E-03  0.0000000E+00
  0.0000000E+00  0.1261774      4.5693677E-02  2.2621978E-02  1.3160798E-02
  8.4259650E-03  5.7021640E-03  0.0000000E+00
  0.0000000E+00  0.1419177      5.5748835E-02  2.9431481E-02  1.7891388E-02
  1.1731014E-02  7.7428939E-03
  0.0000000E+00  0.1758167      7.4628763E-02  4.2291049E-02  2.6813747E-02
  1.7352566E-02
  0.0000000E+00  0.2563428      0.1147221      6.9028430E-02  4.3911755E-02
  0.0000000E+00  0.4514213      0.2115825      0.1299958    
  0.0000000E+00   1.000000      0.4891812    
  0.0000000E+00   3.229529    
   32.63046    
  9.9999998E+12
  0.0000000E+00  0.2199140      6.7757882E-02  2.9240686E-02  1.5200573E-02
  8.8968482E-03  5.6446991E-03  3.8015756E-03
  0.0000000E+00  0.2232092      6.8904012E-02  2.9792262E-02  1.5508596E-02
  9.0830950E-03  5.7736388E-03  3.8911172E-03
  0.0000000E+00  0.2133238      6.6017188E-02  2.8610315E-02  1.4928366E-02
  8.7607447E-03  5.5766474E-03  3.7607448E-03
  0.0000000E+00  0.1982808      6.1561607E-02  2.6776504E-02  1.4018625E-02
  8.2521485E-03  5.2621774E-03  0.0000000E+00
  0.0000000E+00  0.1862464      5.8166187E-02  2.5444126E-02  1.3388252E-02
  7.9154726E-03  5.0594555E-03  0.0000000E+00
  0.0000000E+00  0.1827364      5.7571631E-02  2.5415475E-02  1.3481376E-02
  8.0157593E-03  5.1396848E-03  0.0000000E+00
  0.0000000E+00  0.1902579      6.0866766E-02  2.7270772E-02  1.4648997E-02
  8.7822350E-03  5.6253579E-03  0.0000000E+00
  0.0000000E+00  0.2109599      6.9333814E-02  3.1840973E-02  1.7428366E-02
  1.0537249E-02  6.5150429E-03
  0.0000000E+00  0.2499284      8.6031519E-02  4.1088823E-02  2.3044411E-02
  1.3624642E-02
  0.0000000E+00  0.3228510      0.1196275      6.0351003E-02  3.3803724E-02
  0.0000000E+00  0.4927650      0.1972063      0.1027937    
  0.0000000E+00   1.000000      0.4084527    
  0.0000000E+00   2.977794    
   31.88396    
  1.0000000E+14
  0.0000000E+00  0.1000802      3.0681634E-02  1.3175621E-02  6.8171611E-03
  3.9695268E-03  2.5084203E-03  1.6824378E-03
  0.0000000E+00  0.1495589      4.5878109E-02  1.9711306E-02  1.0200481E-02
  5.9430636E-03  3.7554128E-03  2.5172413E-03
  0.0000000E+00  0.2136327      6.5613471E-02  2.8219726E-02  1.4619085E-02
  8.5164392E-03  5.3825178E-03  3.6054531E-03
  0.0000000E+00  0.2811548      8.6447477E-02  3.7257418E-02  1.9326383E-02
  1.1275060E-02  7.1251001E-03  0.0000000E+00
  0.0000000E+00  0.3292702      0.1016039      4.3873295E-02  2.2806738E-02
  1.3327988E-02  8.4282281E-03  0.0000000E+00
  0.0000000E+00  0.3413793      0.1057739      4.5870088E-02  2.3937451E-02
  1.4017642E-02  8.8612670E-03  0.0000000E+00
  0.0000000E+00  0.3270248      0.1019246      4.4522855E-02  2.3352044E-02
  1.3704892E-02  8.6046513E-03  0.0000000E+00
  0.0000000E+00  0.3141941      9.8877303E-02  4.3592624E-02  2.2999197E-02
  1.3456295E-02  8.0753807E-03
  0.0000000E+00  0.3287089      0.1049719      4.6840418E-02  2.4787491E-02
  1.3953488E-02
  0.0000000E+00  0.3935846      0.1284683      5.8227744E-02  3.0008020E-02
  0.0000000E+00  0.5573376      0.1872494      8.4442660E-02
  0.0000000E+00   1.000000      0.3382518    
  0.0000000E+00   2.663192    
   29.83160    
