   100.0000    
  0.0000000E+00  1.3693380E-02  6.0360730E-03  3.8573479E-03  2.8817381E-03
  2.3467923E-03  2.0202911E-03  1.8128715E-03
  0.0000000E+00  1.6568968E-02  7.3621646E-03  4.7550732E-03  3.5929494E-03
  2.9637220E-03  2.5906949E-03  2.3652387E-03
  0.0000000E+00  2.0364828E-02  9.1350684E-03  5.9745852E-03  4.5808568E-03
  3.8409510E-03  3.4228326E-03  3.2014758E-03
  0.0000000E+00  2.5497027E-02  1.1574093E-02  7.6880511E-03  6.0012299E-03
  5.1403977E-03  4.7058822E-03  0.0000000E+00
  0.0000000E+00  3.2670628E-02  1.5039967E-02  1.0186514E-02  8.1430627E-03
  7.1858987E-03  6.8292688E-03  0.0000000E+00
  0.0000000E+00  4.3021113E-02  2.0174216E-02  1.4021317E-02  1.1580242E-02
  1.0666120E-02  1.0750154E-02  0.0000000E+00
  0.0000000E+00  5.8639068E-02  2.8202500E-02  2.0309491E-02  1.7601967E-02
  1.7341670E-02  1.9278541E-02  0.0000000E+00
  0.0000000E+00  8.3685182E-02  4.1627385E-02  3.1645831E-02  2.9637221E-02
  3.2855093E-02  4.2734168E-02
  0.0000000E+00  0.1269727      6.6571020E-02  5.5257224E-02  5.9663866E-02
  8.1902027E-02
  0.0000000E+00  0.2104940      0.1207625      0.1188358      0.1710187    
  0.0000000E+00  0.4015167      0.2781308      0.4027465    
  0.0000000E+00   1.000000       1.148391    
  0.0000000E+00   5.095306    
   33.63394    
   1000.000    
  0.0000000E+00  1.3689774E-02  6.0378127E-03  3.8605409E-03  2.8847328E-03
  2.3480384E-03  2.0211425E-03  1.8123602E-03
  0.0000000E+00  1.6564343E-02  7.3632854E-03  4.7570649E-03  3.5962597E-03
  2.9660501E-03  2.5919904E-03  2.3643018E-03
  0.0000000E+00  2.0369995E-02  9.1380365E-03  5.9788576E-03  4.5842649E-03
  3.8422446E-03  3.4234601E-03  3.1978046E-03
  0.0000000E+00  2.5492989E-02  1.1577557E-02  7.6905875E-03  6.0052858E-03
  5.1433221E-03  4.7042081E-03  0.0000000E+00
  0.0000000E+00  3.2648914E-02  1.5043708E-02  1.0193129E-02  8.1479978E-03
  7.1864203E-03  6.8245581E-03  0.0000000E+00
  0.0000000E+00  4.2996544E-02  2.0178899E-02  1.4029275E-02  1.1587721E-02
  1.0664769E-02  1.0723725E-02  0.0000000E+00
  0.0000000E+00  5.8629807E-02  2.8196789E-02  2.0321203E-02  1.7607238E-02
  1.7322628E-02  1.9154301E-02  0.0000000E+00
  0.0000000E+00  8.3655223E-02  4.1654807E-02  3.1652775E-02  2.9619843E-02
  3.2709900E-02  4.1817442E-02
  0.0000000E+00  0.1269364      6.6598900E-02  5.5255137E-02  5.9503965E-02
  8.0402523E-02
  0.0000000E+00  0.2104086      0.1208172      0.1187030      0.1684286    
  0.0000000E+00  0.4015044      0.2781053      0.3978451    
  0.0000000E+00   1.000000       1.137630    
  0.0000000E+00   5.066071    
   33.46209    
   10000.00    
  0.0000000E+00  1.3696958E-02  6.0448362E-03  3.8650921E-03  2.8883109E-03
  2.3498798E-03  2.0216175E-03  1.8096478E-03
  0.0000000E+00  1.6571257E-02  7.3718978E-03  4.7638114E-03  3.6008810E-03
  2.9683749E-03  2.5900721E-03  2.3598881E-03
  0.0000000E+00  2.0376302E-02  9.1473181E-03  5.9867897E-03  4.5896717E-03
  3.8450761E-03  3.4207369E-03  3.1865493E-03
  0.0000000E+00  2.5500402E-02  1.1589272E-02  7.7021620E-03  6.0108090E-03
  5.1461174E-03  4.6957568E-03  0.0000000E+00
  0.0000000E+00  3.2666136E-02  1.5060049E-02  1.0206166E-02  8.1565250E-03
  7.1857488E-03  6.8034432E-03  0.0000000E+00
  0.0000000E+00  4.3014415E-02  2.0196158E-02  1.4047239E-02  1.1597279E-02
  1.0652523E-02  1.0660529E-02  0.0000000E+00
  0.0000000E+00  5.8666937E-02  2.8222580E-02  2.0336270E-02  1.7612090E-02
  1.7265813E-02  1.8885108E-02  0.0000000E+00
  0.0000000E+00  8.3706968E-02  4.1693356E-02  3.1685352E-02  2.9583668E-02
  3.2405928E-02  4.0212169E-02
  0.0000000E+00  0.1270016      6.6673338E-02  5.5284228E-02  5.9167337E-02
  7.7782236E-02
  0.0000000E+00  0.2105685      0.1208967      0.1183347      0.1638311    
  0.0000000E+00  0.4017214      0.2778223      0.3891113    
  0.0000000E+00   1.000000       1.118695    
  0.0000000E+00   5.012010    
   33.16653    
   100000.0    
  0.0000000E+00  1.3714007E-02  6.0564200E-03  3.8754863E-03  2.8949417E-03
  2.3521401E-03  2.0194554E-03  1.8011673E-03
  0.0000000E+00  1.6591439E-02  7.3871599E-03  4.7762645E-03  3.6070039E-03
  2.9708170E-03  2.5856032E-03  2.3443580E-03
  0.0000000E+00  2.0389104E-02  9.1653699E-03  6.0000001E-03  4.5972760E-03
  3.8463036E-03  3.4105058E-03  3.1595330E-03
  0.0000000E+00  2.5525292E-02  1.1610895E-02  7.7178990E-03  6.0214004E-03
  5.1420233E-03  4.6750973E-03  0.0000000E+00
  0.0000000E+00  3.2704279E-02  1.5087548E-02  1.0227626E-02  8.1653697E-03
  7.1750972E-03  6.7529180E-03  0.0000000E+00
  0.0000000E+00  4.3054476E-02  2.0233462E-02  1.4073929E-02  1.1603112E-02
  1.0614785E-02  1.0517510E-02  0.0000000E+00
  0.0000000E+00  5.8715954E-02  2.8287938E-02  2.0369651E-02  1.7599221E-02
  1.7130351E-02  1.8381324E-02  0.0000000E+00
  0.0000000E+00  8.3793774E-02  4.1770428E-02  3.1712059E-02  2.9494165E-02
  3.1789880E-02  3.7859920E-02
  0.0000000E+00  0.1271401      6.6789880E-02  5.5252917E-02  5.8424126E-02
  7.3832683E-02
  0.0000000E+00  0.2108949      0.1210311      0.1175486      0.1568483    
  0.0000000E+00  0.4021401      0.2770428      0.3756809    
  0.0000000E+00   1.000000       1.088716    
  0.0000000E+00   4.926070    
   32.72374    
   1000000.    
  0.0000000E+00  1.3753471E-02  6.0818060E-03  3.8922820E-03  2.9020915E-03
  2.3523967E-03  2.0099944E-03  1.7788266E-03
  0.0000000E+00  1.6637053E-02  7.4162502E-03  4.7936332E-03  3.6165093E-03
  2.9668703E-03  2.5689432E-03  2.3079771E-03
  0.0000000E+00  2.0451602E-02  9.2004444E-03  6.0225800E-03  4.6067000E-03
  3.8386080E-03  3.3814549E-03  3.0982785E-03
  0.0000000E+00  2.5596891E-02  1.1654637E-02  7.7456972E-03  6.0299835E-03
  5.1249308E-03  4.6196561E-03  0.0000000E+00
  0.0000000E+00  3.2778088E-02  1.5141589E-02  1.0259116E-02  8.1695355E-03
  7.1349251E-03  6.6352030E-03  0.0000000E+00
  0.0000000E+00  4.3161206E-02  2.0303534E-02  1.4112530E-02  1.1591708E-02
  1.0512678E-02  1.0233204E-02  0.0000000E+00
  0.0000000E+00  5.8856189E-02  2.8373126E-02  2.0414585E-02  1.7538404E-02
  1.6833240E-02  1.7518045E-02  0.0000000E+00
  0.0000000E+00  8.3990373E-02  4.1902646E-02  3.1741627E-02  2.9224504E-02
  3.0668147E-02  3.4573387E-02
  0.0000000E+00  0.1274477      6.6962801E-02  5.5099022E-02  5.7060894E-02
  6.8221360E-02
  0.0000000E+00  0.2113641      0.1211919      0.1159726      0.1466963    
  0.0000000E+00  0.4031094      0.2755876      0.3557283    
  0.0000000E+00   1.000000       1.044050    
  0.0000000E+00   4.797335    
   32.03776    
  1.0000000E+07
  0.0000000E+00  1.3859888E-02  6.1367112E-03  3.9228024E-03  2.9144704E-03
  2.3465396E-03  1.9826561E-03  1.7292977E-03
  0.0000000E+00  1.6753953E-02  7.4783200E-03  4.8274100E-03  3.6269340E-03
  2.9535792E-03  2.5267811E-03  2.2326135E-03
  0.0000000E+00  2.0574732E-02  9.2722317E-03  6.0601933E-03  4.6131606E-03
  3.8122768E-03  3.3106613E-03  2.9739840E-03
  0.0000000E+00  2.5760923E-02  1.1739500E-02  7.7877906E-03  6.0295868E-03
  5.0739669E-03  4.4975341E-03  0.0000000E+00
  0.0000000E+00  3.2970585E-02  1.5247406E-02  1.0307770E-02  8.1550758E-03
  7.0311166E-03  6.4002723E-03  0.0000000E+00
  0.0000000E+00  4.3410983E-02  2.0438699E-02  1.4165957E-02  1.1537152E-02
  1.0287366E-02  9.7194351E-03  0.0000000E+00
  0.0000000E+00  5.9190609E-02  2.8549567E-02  2.0455705E-02  1.7360993E-02
  1.6257439E-02  1.6167318E-02  0.0000000E+00
  0.0000000E+00  8.4458418E-02  4.2135689E-02  3.1712294E-02  2.8651588E-02
  2.8855635E-02  3.0164937E-02
  0.0000000E+00  0.1281585      6.7250460E-02  5.4701578E-02  5.4667573E-02
  6.0516916E-02
  0.0000000E+00  0.2125489      0.1213229      0.1130760      0.1324435    
  0.0000000E+00  0.4050331      0.2727427      0.3273253    
  0.0000000E+00   1.000000      0.9795952    
  0.0000000E+00   4.614861    
   31.10015    
  1.0000000E+08
  0.0000000E+00  1.4178113E-02  6.2841536E-03  4.0008863E-03  2.9434355E-03
  2.3320040E-03  1.9288140E-03  1.6393443E-03
  0.0000000E+00  1.7072812E-02  7.6236897E-03  4.9003102E-03  3.6420028E-03
  2.9168513E-03  2.4383401E-03  2.0942253E-03
  0.0000000E+00  2.0912716E-02  9.4240140E-03  6.1276034E-03  4.6123173E-03
  3.7409542E-03  3.1679219E-03  2.7558706E-03
  0.0000000E+00  2.6140897E-02  1.1908138E-02  7.8526065E-03  6.0020676E-03
  4.9460940E-03  4.2578648E-03  0.0000000E+00
  0.0000000E+00  3.3421949E-02  1.5448235E-02  1.0366268E-02  8.0800476E-03
  6.7981095E-03  5.9754839E-03  0.0000000E+00
  0.0000000E+00  4.3966919E-02  2.0676414E-02  1.4206174E-02  1.1363167E-02
  9.8286811E-03  8.8775661E-03  0.0000000E+00
  0.0000000E+00  5.9917293E-02  2.8843598E-02  2.0454880E-02  1.6954660E-02
  1.5226703E-02  1.4238665E-02  0.0000000E+00
  0.0000000E+00  8.5452668E-02  4.2504799E-02  3.1501994E-02  2.7514400E-02
  2.6081821E-02  2.4885541E-02
  0.0000000E+00  0.1296411      6.7641415E-02  5.3714372E-02  5.0819673E-02
  5.0982133E-02
  0.0000000E+00  0.2147393      0.1212229      0.1080490      0.1142963    
  0.0000000E+00  0.4086545      0.2673165      0.2900605    
  0.0000000E+00   1.000000      0.8933688    
  0.0000000E+00   4.368631    
   30.03988    
  1.0000000E+09
  0.0000000E+00  1.5695015E-02  7.0123170E-03  4.3976540E-03  3.1307919E-03
  2.3741934E-03  1.8709678E-03  1.5120235E-03
  0.0000000E+00  1.8346041E-02  8.2123168E-03  5.2070380E-03  3.7607038E-03
  2.8961876E-03  2.3143697E-03  1.8944282E-03
  0.0000000E+00  2.2041054E-02  9.9178888E-03  6.3577713E-03  4.6568918E-03
  3.6387099E-03  2.9489736E-03  2.4434018E-03
  0.0000000E+00  2.7190614E-02  1.2340176E-02  8.0152499E-03  5.9589441E-03
  4.7284458E-03  3.8885628E-03  0.0000000E+00
  0.0000000E+00  3.4498535E-02  1.5859237E-02  1.0460997E-02  7.9143699E-03
  6.3917888E-03  5.3407624E-03  0.0000000E+00
  0.0000000E+00  4.5161292E-02  2.1090910E-02  1.4205279E-02  1.0990029E-02
  9.0662753E-03  7.7173021E-03  0.0000000E+00
  0.0000000E+00  6.1360706E-02  2.9290324E-02  2.0281523E-02  1.6140763E-02
  1.3689150E-02  1.1882698E-02  0.0000000E+00
  0.0000000E+00  8.7354846E-02  4.2967740E-02  3.0920822E-02  2.5618769E-02
  2.2475073E-02  1.9413490E-02
  0.0000000E+00  0.1323167      6.7976542E-02  5.1765397E-02  4.5419358E-02
  4.0762465E-02
  0.0000000E+00  0.2188856      0.1204692      0.1003636      9.4076246E-02
  0.0000000E+00  0.4146628      0.2580645      0.2469208    
  0.0000000E+00   1.000000      0.7908505    
  0.0000000E+00   4.077419    
   30.12317    
  1.0000000E+10
  0.0000000E+00  2.6958635E-02  1.0981346E-02  5.9489049E-03  3.7023518E-03
  2.5068936E-03  1.7972424E-03  1.3422546E-03
  0.0000000E+00  2.7193835E-02  1.1613949E-02  6.5904297E-03  4.2489860E-03
  2.9545822E-03  2.1630169E-03  1.6423357E-03
  0.0000000E+00  2.8742902E-02  1.2692619E-02  7.5133815E-03  5.0154096E-03
  3.5839414E-03  2.6788320E-03  2.0673154E-03
  0.0000000E+00  3.2270882E-02  1.4501216E-02  8.8969991E-03  6.1313869E-03
  4.4979723E-03  3.4314678E-03  0.0000000E+00
  0.0000000E+00  3.8507704E-02  1.7485805E-02  1.1021897E-02  7.8215729E-03
  5.8807787E-03  4.5742090E-03  0.0000000E+00
  0.0000000E+00  4.8605029E-02  2.2319544E-02  1.4420114E-02  1.0494728E-02
  8.0770478E-03  6.3901050E-03  0.0000000E+00
  0.0000000E+00  6.4679638E-02  3.0227086E-02  2.0032441E-02  1.4971613E-02
  1.1776155E-02  9.4241686E-03  0.0000000E+00
  0.0000000E+00  9.0997562E-02  4.3641523E-02  2.9837793E-02  2.2992700E-02
  1.8467152E-02  1.4452554E-02
  0.0000000E+00  0.1369019      6.8110295E-02  4.8653688E-02  3.8897000E-02
  3.1119220E-02
  0.0000000E+00  0.2252230      0.1184915      9.0267628E-02  7.4152470E-02
  0.0000000E+00  0.4234388      0.2446877      0.2025142    
  0.0000000E+00   1.000000      0.6812652    
  0.0000000E+00   3.768856    
   32.44120    
  9.9999998E+10
  0.0000000E+00  5.6027088E-02  1.8279908E-02  8.3069978E-03  4.5191874E-03
  2.7544019E-03  1.8135440E-03  1.2632054E-03
  0.0000000E+00  5.7246048E-02  1.9237019E-02  8.9571103E-03  4.9706544E-03
  3.0799096E-03  2.0564334E-03  1.4487584E-03
  0.0000000E+00  5.8194127E-02  2.0415349E-02  9.8374709E-03  5.6117382E-03
  3.5512415E-03  2.4130924E-03  1.7246050E-03
  0.0000000E+00  5.9051920E-02  2.1954853E-02  1.1074492E-02  6.5372456E-03
  4.2505641E-03  2.9485326E-03  0.0000000E+00
  0.0000000E+00  6.0812637E-02  2.4207674E-02  1.2907449E-02  7.9367943E-03
  5.3182845E-03  3.7715575E-03  0.0000000E+00
  0.0000000E+00  6.5778777E-02  2.7869074E-02  1.5765237E-02  1.0130925E-02
  7.0022568E-03  5.0699771E-03  0.0000000E+00
  0.0000000E+00  7.7426635E-02  3.4275394E-02  2.0487584E-02  1.3738149E-02
  9.7832950E-03  7.1783294E-03  0.0000000E+00
  0.0000000E+00  0.1010835      4.6049658E-02  2.8830700E-02  2.0090293E-02
  1.4613994E-02  1.0428893E-02
  0.0000000E+00  0.1460948      6.8623021E-02  4.4785552E-02  3.2180585E-02
  2.3033859E-02
  0.0000000E+00  0.2352144      0.1153499      7.8735895E-02  5.6659140E-02
  0.0000000E+00  0.4350338      0.2276298      0.1614898    
  0.0000000E+00   1.000000      0.5751693    
  0.0000000E+00   3.471783    
   33.07449    
  1.0000000E+12
  0.0000000E+00  9.9054366E-02  3.0714676E-02  1.3338787E-02  6.9758133E-03
  4.1043824E-03  2.6186577E-03  1.7732314E-03
  0.0000000E+00  9.6926711E-02  3.0205492E-02  1.3182396E-02  6.9248956E-03
  4.0916530E-03  2.6204765E-03  1.7788688E-03
  0.0000000E+00  9.7708672E-02  3.0696489E-02  1.3498818E-02  7.1412981E-03
  4.2444081E-03  2.7332241E-03  1.8621567E-03
  0.0000000E+00  0.1012548      3.2224040E-02  1.4344426E-02  7.6704854E-03
  4.6026548E-03  2.9859971E-03  0.0000000E+00
  0.0000000E+00  0.1070922      3.4842696E-02  1.5824694E-02  8.6052008E-03
  5.2373153E-03  3.4351700E-03  0.0000000E+00
  0.0000000E+00  0.1149118      3.8825236E-02  1.8203309E-02  1.0154573E-02
  6.3066012E-03  4.1971267E-03  0.0000000E+00
  0.0000000E+00  0.1252046      4.4880886E-02  2.2058556E-02  1.2767776E-02
  8.1378426E-03  5.4809963E-03  0.0000000E+00
  0.0000000E+00  0.1418258      5.4919075E-02  2.8787050E-02  1.7410439E-02
  1.1365702E-02  7.4686306E-03
  0.0000000E+00  0.1767594      7.3777050E-02  4.1443896E-02  2.6132023E-02
  1.6826695E-02
  0.0000000E+00  0.2578651      0.1136207      6.7685030E-02  4.2753227E-02
  0.0000000E+00  0.4529915      0.2093108      0.1270776    
  0.0000000E+00   1.000000      0.4808147    
  0.0000000E+00   3.207856    
   32.64230    
  9.9999998E+12
  0.0000000E+00  0.2079365      6.3912228E-02  2.7516341E-02  1.4271709E-02
  8.3286641E-03  5.2754432E-03  3.5434172E-03
  0.0000000E+00  0.2102241      6.4705878E-02  2.7875816E-02  1.4467787E-02
  8.4500462E-03  5.3548082E-03  3.5966386E-03
  0.0000000E+00  0.2002801      6.1718021E-02  2.6652660E-02  1.3856209E-02
  8.0999061E-03  5.1353876E-03  3.4505136E-03
  0.0000000E+00  0.1863212      5.7563026E-02  2.4925303E-02  1.2987861E-02
  7.6097101E-03  4.8272642E-03  0.0000000E+00
  0.0000000E+00  0.1765639      5.4808591E-02  2.3832865E-02  1.2469654E-02
  7.3249303E-03  4.6568625E-03  0.0000000E+00
  0.0000000E+00  0.1758170      5.4995332E-02  2.4089636E-02  1.2684407E-02
  7.4883285E-03  4.7665732E-03  0.0000000E+00
  0.0000000E+00  0.1861345      5.9010271E-02  2.6176471E-02  1.3930906E-02
  8.2819797E-03  5.2567692E-03  0.0000000E+00
  0.0000000E+00  0.2091970      6.7927167E-02  3.0831000E-02  1.6694678E-02
  9.9859945E-03  6.1157793E-03
  0.0000000E+00  0.2494398      8.4687211E-02  3.9934639E-02  2.2133520E-02
  1.2950514E-02
  0.0000000E+00  0.3234828      0.1177871      5.8636788E-02  3.2502335E-02
  0.0000000E+00  0.4948646      0.1938375      9.9626511E-02
  0.0000000E+00   1.000000      0.3994398    
  0.0000000E+00   2.953781    
   31.91877    
  1.0000000E+14
  0.0000000E+00  0.1107801      3.3957448E-02  1.4574467E-02  7.5390069E-03
  4.3893615E-03  2.7723403E-03  1.8581559E-03
  0.0000000E+00  0.1600709      4.9078014E-02  2.1078013E-02  1.0900709E-02
  6.3460991E-03  4.0070922E-03  2.6836877E-03
  0.0000000E+00  0.2224823      6.8276592E-02  2.9333333E-02  1.5177305E-02
  8.8368785E-03  5.5758860E-03  3.7304962E-03
  0.0000000E+00  0.2865248      8.8014185E-02  3.7829787E-02  1.9581560E-02
  1.1397162E-02  7.1914895E-03  0.0000000E+00
  0.0000000E+00  0.3287234      0.1010638      4.3524820E-02  2.2546099E-02
  1.3127659E-02  8.2695037E-03  0.0000000E+00
  0.0000000E+00  0.3339007      0.1029078      4.4382978E-02  2.3021275E-02
  1.3397163E-02  8.4113469E-03  0.0000000E+00
  0.0000000E+00  0.3160284      9.7730495E-02  4.2269502E-02  2.1957446E-02
  1.2765956E-02  7.9290783E-03  0.0000000E+00
  0.0000000E+00  0.3048227      9.4751768E-02  4.1212764E-02  2.1460991E-02
  1.2390071E-02  7.3333331E-03
  0.0000000E+00  0.3235461      0.1016312      4.4588652E-02  2.3212764E-02
  1.2851063E-02
  0.0000000E+00  0.3921986      0.1255319      5.5765957E-02  2.8184395E-02
  0.0000000E+00  0.5580851      0.1833333      8.0780141E-02
  0.0000000E+00   1.000000      0.3289362    
  0.0000000E+00   2.644681    
   29.95745    
