   100.0000    
  0.0000000E+00  1.4060442E-02  6.0984115E-03  3.8012399E-03  2.7469974E-03
  2.1480047E-03  1.7644324E-03  1.4998064E-03
  0.0000000E+00  1.7074777E-02  7.4583502E-03  4.6881055E-03  3.4192174E-03
  2.6997288E-03  2.2409919E-03  1.9271602E-03
  0.0000000E+00  2.1065479E-02  9.2754746E-03  5.8891904E-03  4.3432782E-03
  3.4726851E-03  2.9217359E-03  2.5505619E-03
  0.0000000E+00  2.6470361E-02  1.1766757E-02  7.5707091E-03  5.6644711E-03
  4.5989929E-03  3.9403331E-03  0.0000000E+00
  0.0000000E+00  3.4002326E-02  1.5304146E-02  1.0007749E-02  7.6249521E-03
  6.3231308E-03  5.5482374E-03  0.0000000E+00
  0.0000000E+00  4.4866331E-02  2.0523053E-02  1.3707866E-02  1.0709028E-02
  9.1476170E-03  8.3223563E-03  0.0000000E+00
  0.0000000E+00  6.1294071E-02  2.8624566E-02  1.9682294E-02  1.5931811E-02
  1.4227044E-02  1.3680745E-02  0.0000000E+00
  0.0000000E+00  8.7562963E-02  4.2076718E-02  3.0182101E-02  2.5807828E-02
  2.4757847E-02  2.5606355E-02
  0.0000000E+00  0.1327780      6.6679582E-02  5.1104225E-02  4.7965907E-02
  5.1452927E-02
  0.0000000E+00  0.2193723      0.1184425      0.1024022      0.1134444    
  0.0000000E+00  0.4145680      0.2577683      0.2842697    
  0.0000000E+00   1.000000      0.8717551    
  0.0000000E+00   4.312282    
   29.58543    
   1000.000    
  0.0000000E+00  1.4061051E-02  6.1012367E-03  3.8021640E-03  2.7472952E-03
  2.1476042E-03  1.7635240E-03  1.4980680E-03
  0.0000000E+00  1.7078824E-02  7.4574966E-03  4.6908814E-03  3.4192428E-03
  2.6989954E-03  2.2395675E-03  1.9246523E-03
  0.0000000E+00  2.1066461E-02  9.2735710E-03  5.8925813E-03  4.3469858E-03
  3.4717931E-03  2.9192427E-03  2.5463679E-03
  0.0000000E+00  2.6468318E-02  1.1769706E-02  7.5734160E-03  5.6646061E-03
  4.5981454E-03  3.9335391E-03  0.0000000E+00
  0.0000000E+00  3.4003090E-02  1.5305256E-02  1.0007728E-02  7.6236483E-03
  6.3214838E-03  5.5409586E-03  0.0000000E+00
  0.0000000E+00  4.4899538E-02  2.0525502E-02  1.3705564E-02  1.0707110E-02
  9.1383308E-03  8.3037103E-03  0.0000000E+00
  0.0000000E+00  6.1321490E-02  2.8628284E-02  1.9683152E-02  1.5927358E-02
  1.4204019E-02  1.3620557E-02  0.0000000E+00
  0.0000000E+00  8.7557957E-02  4.2078827E-02  3.0181609E-02  2.5788253E-02
  2.4683153E-02  2.5305256E-02
  0.0000000E+00  0.1327666      6.6653788E-02  5.1120557E-02  4.7874808E-02
  5.0965998E-02
  0.0000000E+00  0.2193972      0.1184312      0.1022798      0.1125580    
  0.0000000E+00  0.4146059      0.2576507      0.2825348    
  0.0000000E+00   1.000000      0.8678517    
  0.0000000E+00   4.300618    
   29.52087    
   10000.00    
  0.0000000E+00  1.4066102E-02  6.1029973E-03  3.8039971E-03  2.7478863E-03
  2.1468101E-03  1.7609531E-03  1.4942352E-03
  0.0000000E+00  1.7083013E-02  7.4634897E-03  4.6925442E-03  3.4196770E-03
  2.6975402E-03  2.2359723E-03  1.9185243E-03
  0.0000000E+00  2.1076096E-02  9.2813224E-03  5.8954651E-03  4.3466566E-03
  3.4692546E-03  2.9135281E-03  2.5368948E-03
  0.0000000E+00  2.6479632E-02  1.1775557E-02  7.5749420E-03  5.6648734E-03
  4.5926212E-03  3.9239046E-03  0.0000000E+00
  0.0000000E+00  3.4012299E-02  1.5311299E-02  1.0011530E-02  7.6210611E-03
  6.3105300E-03  5.5226749E-03  0.0000000E+00
  0.0000000E+00  4.4888549E-02  2.0534204E-02  1.3708685E-02  1.0699462E-02
  9.1199074E-03  8.2628746E-03  0.0000000E+00
  0.0000000E+00  6.1337434E-02  2.8639507E-02  1.9681014E-02  1.5910838E-02
  1.4158340E-02  1.3497310E-02  0.0000000E+00
  0.0000000E+00  8.7586477E-02  4.2121448E-02  3.0176789E-02  2.5741737E-02
  2.4519600E-02  2.4750192E-02
  0.0000000E+00  0.1328209      6.6679478E-02  5.1076092E-02  4.7655649E-02
  5.0038431E-02
  0.0000000E+00  0.2194466      0.1184089      0.1020369      0.1108762    
  0.0000000E+00  0.4146810      0.2573789      0.2792083    
  0.0000000E+00   1.000000      0.8604919    
  0.0000000E+00   4.277479    
   29.40815    
   100000.0    
  0.0000000E+00  1.4088314E-02  6.1134375E-03  3.8104302E-03  2.7495241E-03
  2.1454131E-03  1.7567568E-03  1.4868671E-03
  0.0000000E+00  1.7106967E-02  7.4762087E-03  4.6973736E-03  3.4213932E-03
  2.6950894E-03  2.2295394E-03  1.9074990E-03
  0.0000000E+00  2.1103920E-02  9.2919674E-03  5.9002666E-03  4.3471642E-03
  3.4647889E-03  2.9033117E-03  2.5184620E-03
  0.0000000E+00  2.6513131E-02  1.1792920E-02  7.5827944E-03  5.6642559E-03
  4.5831748E-03  3.9055957E-03  0.0000000E+00
  0.0000000E+00  3.4054052E-02  1.5333080E-02  1.0019033E-02  7.6208604E-03
  6.2961555E-03  5.4891510E-03  0.0000000E+00
  0.0000000E+00  4.4956226E-02  2.0559574E-02  1.3719072E-02  1.0692806E-02
  9.0864105E-03  8.1842402E-03  0.0000000E+00
  0.0000000E+00  6.1400838E-02  2.8675295E-02  1.9691663E-02  1.5885040E-02
  1.4069281E-02  1.3273696E-02  0.0000000E+00
  0.0000000E+00  8.7666541E-02  4.2139322E-02  3.0175105E-02  2.5656642E-02
  2.4221547E-02  2.3901789E-02
  0.0000000E+00  0.1329654      6.6730112E-02  5.1008757E-02  4.7278263E-02
  4.8572518E-02
  0.0000000E+00  0.2197183      0.1184621      0.1015607      0.1082223    
  0.0000000E+00  0.4153027      0.2569471      0.2740008    
  0.0000000E+00   1.000000      0.8484964    
  0.0000000E+00   4.244385    
   29.23487    
   1000000.    
  0.0000000E+00  1.4121166E-02  6.1293943E-03  3.8145103E-03  2.7501872E-03
  2.1406133E-03  1.7460734E-03  1.4704562E-03
  0.0000000E+00  1.7150337E-02  7.4943905E-03  4.7045629E-03  3.4210919E-03
  2.6873599E-03  2.2135377E-03  1.8829469E-03
  0.0000000E+00  2.1148093E-02  9.3156323E-03  5.9087514E-03  4.3455497E-03
  3.4525057E-03  2.8788333E-03  2.4798056E-03
  0.0000000E+00  2.6566941E-02  1.1817503E-02  7.5916233E-03  5.6581902E-03
  4.5624534E-03  3.8668662E-03  0.0000000E+00
  0.0000000E+00  3.4124907E-02  1.5366493E-02  1.0029919E-02  7.6065818E-03
  6.2565450E-03  5.4151090E-03  0.0000000E+00
  0.0000000E+00  4.5026179E-02  2.0598356E-02  1.3728498E-02  1.0665670E-02
  9.0089757E-03  8.0254301E-03  0.0000000E+00
  0.0000000E+00  6.1518326E-02  2.8724758E-02  1.9689605E-02  1.5818998E-02
  1.3885564E-02  1.2872103E-02  0.0000000E+00
  0.0000000E+00  8.7845922E-02  4.2221393E-02  3.0142110E-02  2.5459984E-02
  2.3668662E-02  2.2614062E-02
  0.0000000E+00  0.1331713      6.6828720E-02  5.0860137E-02  4.6522066E-02
  4.6297681E-02
  0.0000000E+00  0.2200449      0.1184368      0.1006358      0.1040389    
  0.0000000E+00  0.4158564      0.2559088      0.2655572    
  0.0000000E+00   1.000000      0.8290950    
  0.0000000E+00   4.192222    
   28.94540    
  1.0000000E+07
  0.0000000E+00  1.4207472E-02  6.1661229E-03  3.8302504E-03  2.7511790E-03
  2.1291259E-03  1.7239753E-03  1.4374320E-03
  0.0000000E+00  1.7243382E-02  7.5335512E-03  4.7188974E-03  3.4189338E-03
  2.6695684E-03  2.1806313E-03  1.8346029E-03
  0.0000000E+00  2.1258615E-02  9.3616256E-03  5.9267320E-03  4.3380489E-03
  3.4240116E-03  2.8280742E-03  2.4051506E-03
  0.0000000E+00  2.6695684E-02  1.1871600E-02  7.6060938E-03  5.6438157E-03
  4.5157783E-03  3.7830977E-03  0.0000000E+00
  0.0000000E+00  3.4276389E-02  1.5429815E-02  1.0043526E-02  7.5770766E-03
  6.1770040E-03  5.2702217E-03  0.0000000E+00
  0.0000000E+00  4.5230325E-02  2.0678274E-02  1.3735945E-02  1.0602104E-02
  8.8502001E-03  7.7402978E-03  0.0000000E+00
  0.0000000E+00  6.1770041E-02  2.8821183E-02  1.9677186E-02  1.5672833E-02
  1.3540080E-02  1.2205296E-02  0.0000000E+00
  0.0000000E+00  8.8175558E-02  4.2328618E-02  3.0061662E-02  2.5070729E-02
  2.2720350E-02  2.0750817E-02
  0.0000000E+00  0.1336960      6.6920571E-02  5.0489664E-02  4.5230325E-02
  4.2981505E-02
  0.0000000E+00  0.2208923      0.1183896      9.8875590E-02  9.7678639E-02
  0.0000000E+00  0.4171201      0.2539717      0.2525209    
  0.0000000E+00   1.000000      0.7990569    
  0.0000000E+00   4.105912    
   28.51650    
  1.0000000E+08
  0.0000000E+00  1.4460902E-02  6.2659318E-03  3.8753012E-03  2.7588701E-03
  2.1091972E-03  1.6817085E-03  1.3771961E-03
  0.0000000E+00  1.7495694E-02  7.6334826E-03  4.7605922E-03  3.4161212E-03
  2.6338270E-03  2.1171202E-03  1.7468137E-03
  0.0000000E+00  2.1522563E-02  9.4626248E-03  5.9593520E-03  4.3196692E-03
  3.3651395E-03  2.7309679E-03  2.2728213E-03
  0.0000000E+00  2.6989320E-02  1.1980710E-02  7.6334826E-03  5.6045470E-03
  4.4195661E-03  3.6307268E-03  0.0000000E+00
  0.0000000E+00  3.4619361E-02  1.5552877E-02  1.0058559E-02  7.5025833E-03
  6.0110227E-03  5.0086118E-03  0.0000000E+00
  0.0000000E+00  4.5642436E-02  2.0823287E-02  1.3730624E-02  1.0454701E-02
  8.5497759E-03  7.2580087E-03  0.0000000E+00
  0.0000000E+00  6.2314846E-02  2.8994143E-02  1.9621082E-02  1.5363417E-02
  1.2917671E-02  1.1188426E-02  0.0000000E+00
  0.0000000E+00  8.8942468E-02  4.2542197E-02  2.9851876E-02  2.4326559E-02
  2.1202205E-02  1.8270755E-02
  0.0000000E+00  0.1347916      6.7102998E-02  4.9776096E-02  4.2990007E-02
  3.8374096E-02
  0.0000000E+00  0.2225284      0.1181536      9.5797449E-02  8.8735789E-02
  0.0000000E+00  0.4195659      0.2503961      0.2336893    
  0.0000000E+00   1.000000      0.7547364    
  0.0000000E+00   3.978643    
   28.03307    
  1.0000000E+09
  0.0000000E+00  1.5670039E-02  6.7667514E-03  4.1118837E-03  2.8479774E-03
  2.1065108E-03  1.6216814E-03  1.2825538E-03
  0.0000000E+00  1.8520860E-02  8.0404552E-03  4.9399496E-03  3.4608091E-03
  2.5916563E-03  2.0164349E-03  1.6084071E-03
  0.0000000E+00  2.2424147E-02  9.8072058E-03  6.0872314E-03  4.3173200E-03
  3.2711758E-03  2.5707965E-03  2.0685841E-03
  0.0000000E+00  2.7822377E-02  1.2281922E-02  7.7149179E-03  5.5436161E-03
  4.2477874E-03  3.3754744E-03  0.0000000E+00
  0.0000000E+00  3.5461444E-02  1.5828066E-02  1.0088496E-02  7.3546148E-03
  5.7174466E-03  4.5954492E-03  0.0000000E+00
  0.0000000E+00  4.6554998E-02  2.1090392E-02  1.3685209E-02  1.0158028E-02
  8.0278134E-03  6.5360307E-03  0.0000000E+00
  0.0000000E+00  6.3369155E-02  2.9263591E-02  1.9437421E-02  1.4772440E-02
  1.1918458E-02  9.8040458E-03  0.0000000E+00
  0.0000000E+00  9.0328708E-02  4.2793933E-02  2.9348925E-02  2.3027813E-02
  1.9017067E-02  1.5328699E-02
  0.0000000E+00  0.1366941      6.7193426E-02  4.8324905E-02  3.9601769E-02
  3.2774970E-02
  0.0000000E+00  0.2253477      0.1173831      9.0739571E-02  7.7370420E-02
  0.0000000E+00  0.4235145      0.2439949      0.2089128    
  0.0000000E+00   1.000000      0.6946903    
  0.0000000E+00   3.808470    
   28.35651    
  1.0000000E+10
  0.0000000E+00  2.3995603E-02  9.5603187E-03  5.1470185E-03  3.1904371E-03
  2.1525144E-03  1.5361364E-03  1.1415224E-03
  0.0000000E+00  2.5226712E-02  1.0439681E-02  5.8450121E-03  3.7372906E-03
  2.5809291E-03  1.8746909E-03  1.4116516E-03
  0.0000000E+00  2.7672438E-02  1.1769717E-02  6.8287994E-03  4.4957404E-03
  3.1766971E-03  2.3473483E-03  1.7900523E-03
  0.0000000E+00  3.1931851E-02  1.3816983E-02  8.2605109E-03  5.5867000E-03
  4.0313271E-03  3.0283045E-03  0.0000000E+00
  0.0000000E+00  3.8774390E-02  1.6996428E-02  1.0409453E-02  7.2080242E-03
  5.3036553E-03  4.0423195E-03  0.0000000E+00
  0.0000000E+00  4.9409181E-02  2.1967573E-02  1.3751031E-02  9.7306957E-03
  7.2904644E-03  5.6196759E-03  0.0000000E+00
  0.0000000E+00  6.6089585E-02  2.9898325E-02  1.9159110E-02  1.3860950E-02
  1.0563342E-02  8.1835669E-03  0.0000000E+00
  0.0000000E+00  9.3212418E-02  4.3198682E-02  2.8441880E-02  2.1104701E-02
  1.6309427E-02  1.2239627E-02
  0.0000000E+00  0.1402583      6.7161307E-02  4.5919210E-02  3.5064578E-02
  2.6677659E-02
  0.0000000E+00  0.2302281      0.1156911      8.3484471E-02  6.4550698E-02
  0.0000000E+00  0.4300632      0.2340203      0.1798296    
  0.0000000E+00   1.000000      0.6215993    
  0.0000000E+00   3.602638    
   31.18989    
  9.9999998E+10
  0.0000000E+00  4.6595141E-02  1.5195971E-02  6.9082556E-03  3.7595797E-03
  2.2903439E-03  1.5062406E-03  1.0475148E-03
  0.0000000E+00  4.8850451E-02  1.6389316E-02  7.6352092E-03  4.2391066E-03
  2.6253560E-03  1.7503833E-03  1.2310052E-03
  0.0000000E+00  5.0952490E-02  1.7803811E-02  8.5789366E-03  4.8916140E-03
  3.0939349E-03  2.0985331E-03  1.4955114E-03
  0.0000000E+00  5.3251591E-02  1.9608058E-02  9.8686237E-03  5.8178240E-03
  3.7749074E-03  2.6100285E-03  0.0000000E+00
  0.0000000E+00  5.6798775E-02  2.2180865E-02  1.1742938E-02  7.1907165E-03
  4.7974605E-03  3.3829648E-03  0.0000000E+00
  0.0000000E+00  6.3630395E-02  2.6187871E-02  1.4622292E-02  9.3146488E-03
  6.3893152E-03  4.5850668E-03  0.0000000E+00
  0.0000000E+00  7.7008985E-02  3.2953802E-02  1.9312460E-02  1.2769871E-02
  8.9774476E-03  6.4922273E-03  0.0000000E+00
  0.0000000E+00  0.1019707      4.4952925E-02  2.7457852E-02  1.8745348E-02
  1.3376396E-02  9.3496833E-03
  0.0000000E+00  0.1481498      6.7374647E-02  4.2697616E-02  2.9888330E-02
  2.0814542E-02
  0.0000000E+00  0.2386687      0.1129188      7.4403331E-02  5.1740751E-02
  0.0000000E+00  0.4394570      0.2202759      0.1493103    
  0.0000000E+00   1.000000      0.5417123    
  0.0000000E+00   3.380775    
   32.77863    
  1.0000000E+12
  0.0000000E+00  7.5581752E-02  2.3390755E-02  1.0132971E-02  5.2870959E-03
  3.1036567E-03  1.9749170E-03  1.3342401E-03
  0.0000000E+00  7.7651858E-02  2.4131158E-02  1.0504684E-02  5.5031735E-03
  3.2426717E-03  2.0701119E-03  1.4013298E-03
  0.0000000E+00  8.1807189E-02  2.5627078E-02  1.1233002E-02  5.9232400E-03
  3.5086130E-03  2.2514355E-03  1.5291629E-03
  0.0000000E+00  8.7987311E-02  2.7908735E-02  1.2382896E-02  6.5986705E-03
  3.9437898E-03  2.5491086E-03  0.0000000E+00
  0.0000000E+00  9.5980667E-02  3.1112120E-02  1.4073739E-02  7.6261712E-03
  4.6222424E-03  3.0190393E-03  0.0000000E+00
  0.0000000E+00  0.1056966      3.5494108E-02  1.6576005E-02  9.2142643E-03
  5.6980965E-03  3.7745545E-03  0.0000000E+00
  0.0000000E+00  0.1180568      4.1855544E-02  2.0474466E-02  1.1801149E-02
  7.4856454E-03  5.0120885E-03  0.0000000E+00
  0.0000000E+00  0.1374131      5.2206106E-02  2.7122999E-02  1.6304020E-02
  1.0577214E-02  6.8902993E-03
  0.0000000E+00  0.1755817      7.1290426E-02  3.9498340E-02  2.4644909E-02
  1.5699608E-02
  0.0000000E+00  0.2592928      0.1108794      6.4762771E-02  4.0223636E-02
  0.0000000E+00  0.4555757      0.2039891      0.1206709    
  0.0000000E+00   1.000000      0.4625264    
  0.0000000E+00   3.159565    
   32.63826    
  9.9999998E+12
  0.0000000E+00  0.1502867      4.6126127E-02  1.9819820E-02  1.0253890E-02
  5.9746113E-03  3.7755941E-03  2.5323506E-03
  0.0000000E+00  0.1549550      4.7567569E-02  2.0450450E-02  1.0589681E-02
  6.1695334E-03  3.8984441E-03  2.6134315E-03
  0.0000000E+00  0.1529075      4.6977889E-02  2.0221131E-02  1.0475021E-02
  6.1072893E-03  3.8599512E-03  2.5855857E-03
  0.0000000E+00  0.1484029      4.5700248E-02  1.9705161E-02  1.0229320E-02
  5.9664212E-03  3.7714988E-03  0.0000000E+00
  0.0000000E+00  0.1476659      4.5610160E-02  1.9721540E-02  1.0262080E-02
  6.0008192E-03  3.7944308E-03  0.0000000E+00
  0.0000000E+00  0.1544636      4.8001640E-02  2.0884521E-02  1.0925472E-02
  6.4054052E-03  4.0491400E-03  0.0000000E+00
  0.0000000E+00  0.1706798      5.3660933E-02  2.3611795E-02  1.2457003E-02
  7.3456182E-03  4.6224408E-03  0.0000000E+00
  0.0000000E+00  0.1979525      6.3677311E-02  2.8615890E-02  1.5348076E-02
  9.0909097E-03  5.5126944E-03
  0.0000000E+00  0.2413595      8.0925472E-02  3.7755940E-02  2.0720720E-02
  1.2006553E-02
  0.0000000E+00  0.3188370      0.1139230      5.6060605E-02  3.0753482E-02
  0.0000000E+00  0.4950860      0.1886978      9.5495500E-02
  0.0000000E+00   1.000000      0.3877150    
  0.0000000E+00   2.927109    
   32.03931    
  1.0000000E+14
  0.0000000E+00  0.1204082      3.6884751E-02  1.5819328E-02  8.1752706E-03
  4.7539016E-03  2.9996999E-03  2.0084034E-03
  0.0000000E+00  0.1574130      4.8229292E-02  2.0675270E-02  1.0678271E-02
  6.2064826E-03  3.9135655E-03  2.6170467E-03
  0.0000000E+00  0.2018908      6.1824728E-02  2.6509603E-02  1.3685474E-02
  7.9501802E-03  5.0060023E-03  3.3403360E-03
  0.0000000E+00  0.2469988      7.5630248E-02  3.2412965E-02  1.6734695E-02
  9.7118840E-03  6.1044418E-03  0.0000000E+00
  0.0000000E+00  0.2781212      8.5174069E-02  3.6524609E-02  1.8835533E-02
  1.0918367E-02  6.8457383E-03  0.0000000E+00
  0.0000000E+00  0.2830732      8.6764708E-02  3.7184872E-02  1.9180672E-02
  1.1095438E-02  6.9207679E-03  0.0000000E+00
  0.0000000E+00  0.2724189      8.3613448E-02  3.5894357E-02  1.8493397E-02
  1.0660264E-02  6.5636253E-03  0.0000000E+00
  0.0000000E+00  0.2728391      8.4003597E-02  3.6134455E-02  1.8610444E-02
  1.0621249E-02  6.2094834E-03
  0.0000000E+00  0.3037215      9.4147652E-02  4.0696278E-02  2.0876350E-02
  1.1380552E-02
  0.0000000E+00  0.3820528      0.1201080      5.2370947E-02  2.5978390E-02
  0.0000000E+00  0.5525210      0.1779112      7.6860741E-02
  0.0000000E+00   1.000000      0.3199280    
  0.0000000E+00   2.635354    
   30.22209    
