   100.0000    
  0.0000000E+00  1.4970950E-02  5.9248749E-03  3.2995541E-03  2.1159302E-03
  1.4660181E-03  1.0686393E-03  8.0799893E-04
  0.0000000E+00  1.8348871E-02  7.2787460E-03  4.0697204E-03  2.6185650E-03
  1.8213753E-03  1.3321172E-03  1.0104040E-03
  0.0000000E+00  2.2821238E-02  9.0879612E-03  5.1047155E-03  3.2995541E-03
  2.3050937E-03  1.6930144E-03  1.2891501E-03
  0.0000000E+00  2.8928522E-02  1.1566004E-02  6.5329005E-03  4.2467234E-03
  2.9833806E-03  2.2024049E-03  0.0000000E+00
  0.0000000E+00  3.7454396E-02  1.5052020E-02  8.5664103E-03  5.6100520E-03
  3.9683823E-03  2.9496013E-03  0.0000000E+00
  0.0000000E+00  4.9804077E-02  2.0159438E-02  1.1575462E-02  7.6543707E-03
  5.4654772E-03  4.0953923E-03  0.0000000E+00
  0.0000000E+00  6.8436697E-02  2.7955679E-02  1.6254559E-02  1.0886366E-02
  7.8692064E-03  5.9464932E-03  0.0000000E+00
  0.0000000E+00  9.8054312E-02  4.0575597E-02  2.3996757E-02  1.6362654E-02
  1.2017295E-02  8.9379810E-03
  0.0000000E+00  0.1484934      6.2599644E-02  3.7994865E-02  2.6591001E-02
  1.9537900E-02
  0.0000000E+00  0.2432104      0.1054722      6.6653155E-02  4.7804352E-02
  0.0000000E+00  0.4473720      0.2038914      0.1367383    
  0.0000000E+00   1.000000      0.4992568    
  0.0000000E+00   3.276584    
   24.64532    
   1000.000    
  0.0000000E+00  1.4980413E-02  5.9246253E-03  3.3000133E-03  2.1153586E-03
  1.4656221E-03  1.0682156E-03  8.0751051E-04
  0.0000000E+00  1.8343914E-02  7.2794813E-03  4.0699714E-03  2.6192083E-03
  1.8208834E-03  1.3314872E-03  1.0097257E-03
  0.0000000E+00  2.2828583E-02  9.0895575E-03  5.1046871E-03  3.3000133E-03
  2.3044711E-03  1.6925571E-03  1.2881265E-03
  0.0000000E+00  2.8934214E-02  1.1566932E-02  6.5324865E-03  4.2469269E-03
  2.9825745E-03  2.2018100E-03  0.0000000E+00
  0.0000000E+00  3.7457787E-02  1.5061460E-02  8.5654464E-03  5.6098881E-03
  3.9673103E-03  2.9474539E-03  0.0000000E+00
  0.0000000E+00  4.9804136E-02  2.0167500E-02  1.1575037E-02  7.6523027E-03
  5.4626502E-03  4.0915846E-03  0.0000000E+00
  0.0000000E+00  6.8431713E-02  2.7961636E-02  1.6250169E-02  1.0882074E-02
  7.8643793E-03  5.9381328E-03  0.0000000E+00
  0.0000000E+00  9.8054841E-02  4.0564634E-02  2.3990273E-02  1.6358232E-02
  1.2004592E-02  8.9085503E-03
  0.0000000E+00  0.1485884      6.2596247E-02  3.7984598E-02  2.6570309E-02
  1.9478589E-02
  0.0000000E+00  0.2432798      0.1054708      6.6621639E-02  4.7696881E-02
  0.0000000E+00  0.4475213      0.2038363      0.1364312    
  0.0000000E+00   1.000000      0.4987167    
  0.0000000E+00   3.274348    
   24.63866    
   10000.00    
  0.0000000E+00  1.4983800E-02  5.9260260E-03  3.2991359E-03  2.1152806E-03
  1.4646328E-03  1.0672245E-03  8.0629048E-04
  0.0000000E+00  1.8345032E-02  7.2813174E-03  4.0685744E-03  2.6174404E-03
  1.8196544E-03  1.3300485E-03  1.0080993E-03
  0.0000000E+00  2.2840172E-02  9.0901731E-03  5.1039415E-03  3.2977860E-03
  2.3029156E-03  1.6900648E-03  1.2859071E-03
  0.0000000E+00  2.8928185E-02  1.1568575E-02  6.5321270E-03  4.2454102E-03
  2.9792117E-03  2.1989739E-03  0.0000000E+00
  0.0000000E+00  3.7473001E-02  1.5064795E-02  8.5650645E-03  5.6061014E-03
  3.9632828E-03  2.9427647E-03  0.0000000E+00
  0.0000000E+00  4.9824513E-02  2.0167386E-02  1.1572624E-02  7.6484876E-03
  5.4562632E-03  4.0834234E-03  0.0000000E+00
  0.0000000E+00  6.8453021E-02  2.7956264E-02  1.6252700E-02  1.0874730E-02
  7.8523215E-03  5.9179263E-03  0.0000000E+00
  0.0000000E+00  9.8069653E-02  4.0564254E-02  2.3987578E-02  1.6347192E-02
  1.1976241E-02  8.8390922E-03
  0.0000000E+00  0.1486231      6.2594488E-02  3.7958961E-02  2.6538875E-02
  1.9357450E-02
  0.0000000E+00  0.2432505      0.1054536      6.6563174E-02  4.7475699E-02
  0.0000000E+00  0.4474892      0.2036987      0.1360691    
  0.0000000E+00   1.000000      0.4977052    
  0.0000000E+00   3.272138    
   24.62203    
   100000.0    
  0.0000000E+00  1.4992584E-02  5.9282728E-03  3.3005257E-03  2.1140622E-03
  1.4628556E-03  1.0652554E-03  8.0409867E-04
  0.0000000E+00  1.8363219E-02  7.2832680E-03  4.0690303E-03  2.6169610E-03
  1.8174463E-03  1.3274908E-03  1.0049884E-03
  0.0000000E+00  2.2839421E-02  9.0926243E-03  5.1031411E-03  3.2964807E-03
  2.3001211E-03  1.6866657E-03  1.2813807E-03
  0.0000000E+00  2.8947012E-02  1.1570715E-02  6.5309419E-03  4.2416072E-03
  2.9755966E-03  2.1936093E-03  0.0000000E+00
  0.0000000E+00  3.7481461E-02  1.5059997E-02  8.5627604E-03  5.6019952E-03
  3.9571254E-03  2.9338007E-03  0.0000000E+00
  0.0000000E+00  4.9844950E-02  2.0169878E-02  1.1569368E-02  7.6405555E-03
  5.4442496E-03  4.0676822E-03  0.0000000E+00
  0.0000000E+00  6.8477817E-02  2.7962787E-02  1.6246460E-02  1.0861534E-02
  7.8306589E-03  5.8810837E-03  0.0000000E+00
  0.0000000E+00  9.8112434E-02  4.0568963E-02  2.3971956E-02  1.6313873E-02
  1.1921261E-02  8.7312926E-03
  0.0000000E+00  0.1485776      6.2599428E-02  3.7926387E-02  2.6452743E-02
  1.9172171E-02
  0.0000000E+00  0.2433598      0.1054335      6.6441953E-02  4.7107991E-02
  0.0000000E+00  0.4476203      0.2035864      0.1352299    
  0.0000000E+00   1.000000      0.4958878    
  0.0000000E+00   3.266819    
   24.59215    
   1000000.    
  0.0000000E+00  1.4998655E-02  5.9322040E-03  3.2997041E-03  2.1119183E-03
  1.4595104E-03  1.0613399E-03  7.9970405E-04
  0.0000000E+00  1.8375034E-02  7.2881361E-03  4.0691420E-03  2.6136669E-03
  1.8132903E-03  1.3221684E-03  9.9892390E-04
  0.0000000E+00  2.2867905E-02  9.0987356E-03  5.1022330E-03  3.2929783E-03
  2.2935162E-03  1.6787732E-03  1.2726662E-03
  0.0000000E+00  2.8974982E-02  1.1576541E-02  6.5294597E-03  4.2359433E-03
  2.9674468E-03  2.1818671E-03  0.0000000E+00
  0.0000000E+00  3.7516814E-02  1.5065913E-02  8.5593220E-03  5.5932207E-03
  3.9426959E-03  2.9163305E-03  0.0000000E+00
  0.0000000E+00  4.9878936E-02  2.0177562E-02  1.1563089E-02  7.6257735E-03
  5.4223840E-03  4.0355125E-03  0.0000000E+00
  0.0000000E+00  6.8523005E-02  2.7966101E-02  1.6222760E-02  1.0834007E-02
  7.7871941E-03  5.8151740E-03  0.0000000E+00
  0.0000000E+00  9.8170571E-02  4.0583804E-02  2.3944041E-02  1.6263116E-02
  1.1821362E-02  8.5620126E-03
  0.0000000E+00  0.1487759      6.2590800E-02  3.7853107E-02  2.6298091E-02
  1.8859295E-02
  0.0000000E+00  0.2434759      0.1053672      6.6195861E-02  4.6502557E-02
  0.0000000E+00  0.4478074      0.2032553      0.1339387    
  0.0000000E+00   1.000000      0.4927361    
  0.0000000E+00   3.258004    
   24.54937    
  1.0000000E+07
  0.0000000E+00  1.5032155E-02  5.9418543E-03  3.2998393E-03  2.1074491E-03
  1.4536442E-03  1.0538585E-03  7.9126476E-04
  0.0000000E+00  1.8421758E-02  7.2976961E-03  4.0688640E-03  2.6085209E-03
  1.8046624E-03  1.3120311E-03  9.8740624E-04
  0.0000000E+00  2.2909967E-02  9.1090566E-03  5.1004826E-03  3.2837619E-03
  2.2816183E-03  1.6653269E-03  1.2561630E-03
  0.0000000E+00  2.9019294E-02  1.1588960E-02  6.5259915E-03  4.2242762E-03
  2.9501608E-03  2.1610397E-03  0.0000000E+00
  0.0000000E+00  3.7580386E-02  1.5085746E-02  8.5517149E-03  5.5747591E-03
  3.9161309E-03  2.8831726E-03  0.0000000E+00
  0.0000000E+00  4.9959805E-02  2.0190246E-02  1.1550108E-02  7.5951233E-03
  5.3778132E-03  3.9777602E-03  0.0000000E+00
  0.0000000E+00  6.8622723E-02  2.7987674E-02  1.6197750E-02  1.0779743E-02
  7.7063236E-03  5.7020369E-03  0.0000000E+00
  0.0000000E+00  9.8311894E-02  4.0581457E-02  2.3887996E-02  1.6144158E-02
  1.1642551E-02  8.3025191E-03
  0.0000000E+00  0.1488478      6.2580384E-02  3.7714362E-02  2.6018221E-02
  1.8368168E-02
  0.0000000E+00  0.2437031      0.1052787      6.5769024E-02  4.5511790E-02
  0.0000000E+00  0.4481511      0.2027063      0.1318060    
  0.0000000E+00   1.000000      0.4875402    
  0.0000000E+00   3.243569    
   24.49089    
  1.0000000E+08
  0.0000000E+00  1.5152321E-02  5.9704664E-03  3.3045097E-03  2.1005720E-03
  1.4420646E-03  1.0389783E-03  7.7504321E-04
  0.0000000E+00  1.8518025E-02  7.3247310E-03  4.0694424E-03  2.5967807E-03
  1.7879473E-03  1.2921379E-03  9.6567778E-04
  0.0000000E+00  2.3014501E-02  9.1352938E-03  5.0991084E-03  3.2685911E-03
  2.2588798E-03  1.6376213E-03  1.2258879E-03
  0.0000000E+00  2.9147267E-02  1.1615006E-02  6.5185581E-03  4.1998136E-03
  2.9160569E-03  2.1205267E-03  0.0000000E+00
  0.0000000E+00  3.7714515E-02  1.5112412E-02  8.5379798E-03  5.5367835E-03
  3.8659037E-03  2.8216043E-03  0.0000000E+00
  0.0000000E+00  5.0113078E-02  2.0220833E-02  1.1520552E-02  7.5349212E-03
  5.2946652E-03  3.8752162E-03  0.0000000E+00
  0.0000000E+00  6.8830647E-02  2.8003193E-02  1.6150061E-02  1.0673141E-02
  7.5562061E-03  5.5128378E-03  0.0000000E+00
  0.0000000E+00  9.8589867E-02  4.0601306E-02  2.3772780E-02  1.5937209E-02
  1.1335639E-02  7.9193823E-03
  0.0000000E+00  0.1492617      6.2538244E-02  3.7448451E-02  2.5515497E-02
  1.7626712E-02
  0.0000000E+00  0.2442464      0.1050552      6.4959429E-02  4.3980312E-02
  0.0000000E+00  0.4489823      0.2015432      0.1283757    
  0.0000000E+00   1.000000      0.4789144    
  0.0000000E+00   3.219369    
   24.46455    
  1.0000000E+09
  0.0000000E+00  1.5729304E-02  6.1208936E-03  3.3416559E-03  2.0959263E-03
  1.4191853E-03  1.0099869E-03  7.4428384E-04
  0.0000000E+00  1.9014455E-02  7.4467813E-03  4.0932982E-03  2.5821289E-03
  1.7568989E-03  1.2542708E-03  9.2614983E-04
  0.0000000E+00  2.3442840E-02  9.2339031E-03  5.1077530E-03  3.2404731E-03
  2.2141919E-03  1.5860710E-03  1.1729304E-03
  0.0000000E+00  2.9513799E-02  1.1696452E-02  6.5111700E-03  4.1550593E-03
  2.8515114E-03  2.0486203E-03  0.0000000E+00
  0.0000000E+00  3.8068332E-02  1.5177399E-02  8.5098557E-03  5.4651774E-03
  3.7700396E-03  2.7148488E-03  0.0000000E+00
  0.0000000E+00  5.0486203E-02  2.0275954E-02  1.1461236E-02  7.4165575E-03
  5.1445467E-03  3.7056506E-03  0.0000000E+00
  0.0000000E+00  6.9250986E-02  2.8042052E-02  1.6031537E-02  1.0470434E-02
  7.2982917E-03  5.2220761E-03  0.0000000E+00
  0.0000000E+00  9.9106446E-02  4.0604468E-02  2.3547966E-02  1.5545336E-02
  1.0839685E-02  7.3850197E-03
  0.0000000E+00  0.1499343      6.2431015E-02  3.6925100E-02  2.4664916E-02
  1.6557163E-02
  0.0000000E+00  0.2452037      0.1045992      6.3521683E-02  4.1708279E-02
  0.0000000E+00  0.4501971      0.1994744      0.1231143    
  0.0000000E+00   1.000000      0.4654402    
  0.0000000E+00   3.181340    
   25.00657    
  1.0000000E+10
  0.0000000E+00  1.9057430E-02  7.0151947E-03  3.5809940E-03  2.1272213E-03
  1.3803759E-03  9.5094007E-04  6.8349211E-04
  0.0000000E+00  2.1877414E-02  8.2101468E-03  4.2840587E-03  2.5869173E-03
  1.6997167E-03  1.1797580E-03  8.5217616E-04
  0.0000000E+00  2.5856297E-02  9.8544937E-03  5.2433684E-03  3.2140098E-03
  2.1323720E-03  1.4911151E-03  1.0808654E-03
  0.0000000E+00  3.1522021E-02  1.2174865E-02  6.5851146E-03  4.0883338E-03
  2.7375743E-03  1.9237703E-03  0.0000000E+00
  0.0000000E+00  3.9724439E-02  1.5529230E-02  8.5153226E-03  5.3438065E-03
  3.6041720E-03  2.5418492E-03  0.0000000E+00
  0.0000000E+00  5.1879995E-02  2.0512490E-02  1.1382951E-02  7.2134947E-03
  4.8931236E-03  3.4496523E-03  0.0000000E+00
  0.0000000E+00  7.0486739E-02  2.8186969E-02  1.5825393E-02  1.0122328E-02
  6.8915789E-03  4.8120013E-03  0.0000000E+00
  0.0000000E+00  0.1003477      4.0625807E-02  2.3126449E-02  1.4911151E-02
  1.0115890E-02  6.7022922E-03
  0.0000000E+00  0.1514293      6.2219933E-02  3.6015969E-02  2.3358230E-02
  1.5155807E-02
  0.0000000E+00  0.2471028      0.1037085      6.1202683E-02  3.8617052E-02
  0.0000000E+00  0.4526140      0.1958537      0.1156837    
  0.0000000E+00   1.000000      0.4457893    
  0.0000000E+00   3.126449    
   28.28998    
  9.9999998E+10
  0.0000000E+00  2.8327730E-02  9.2043336E-03  4.1738264E-03  2.2637281E-03
  1.3721829E-03  8.9665054E-04  6.1910099E-04
  0.0000000E+00  3.1664800E-02  1.0516749E-02  4.8661437E-03  2.6821068E-03
  1.6461213E-03  1.0864151E-03  7.5569673E-04
  0.0000000E+00  3.5636909E-02  1.2166604E-02  5.7763667E-03  3.2461712E-03
  2.0221642E-03  1.3497698E-03  9.4558584E-04
  0.0000000E+00  4.0729672E-02  1.4356867E-02  7.0202970E-03  4.0356121E-03
  2.5538539E-03  1.7233222E-03  0.0000000E+00
  0.0000000E+00  4.7901884E-02  1.7419999E-02  8.7996516E-03  5.1786825E-03
  3.3295981E-03  2.2662184E-03  0.0000000E+00
  0.0000000E+00  5.8772262E-02  2.1989791E-02  1.1459346E-02  6.8932888E-03
  4.4913460E-03  3.0706015E-03  0.0000000E+00
  0.0000000E+00  7.6105095E-02  2.9161999E-02  1.5614495E-02  9.5704151E-03
  6.2868888E-03  4.2672148E-03  0.0000000E+00
  0.0000000E+00  0.1048935      4.1053418E-02  2.2475408E-02  1.3958412E-02
  9.1370940E-03  5.8834520E-03
  0.0000000E+00  0.1552733      6.1997265E-02  3.4566056E-02  2.1529077E-02
  1.3460341E-02
  0.0000000E+00  0.2507783      0.1021666      5.7776123E-02  3.4740385E-02
  0.0000000E+00  0.4563566      0.1900137      0.1060142    
  0.0000000E+00   1.000000      0.4191259    
  0.0000000E+00   3.054414    
   32.00100    
  1.0000000E+12
  0.0000000E+00  3.7839744E-02  1.1699024E-02  5.0653014E-03  2.6403104E-03
  1.5472408E-03  9.8317454E-04  6.6266616E-04
  0.0000000E+00  4.2746205E-02  1.3272149E-02  5.7712672E-03  3.0191788E-03
  1.7743263E-03  1.1303683E-03  7.6303096E-04
  0.0000000E+00  4.9029298E-02  1.5331215E-02  6.7113778E-03  3.5310036E-03
  2.0849511E-03  1.3330980E-03  9.0198847E-04
  0.0000000E+00  5.6924343E-02  1.8002117E-02  7.9668202E-03  4.2299097E-03
  2.5167668E-03  1.6178373E-03  0.0000000E+00
  0.0000000E+00  6.6784330E-02  2.1496648E-02  9.6787857E-03  5.2112010E-03
  3.1344865E-03  2.0296506E-03  0.0000000E+00
  0.0000000E+00  7.9350516E-02  2.6238380E-02  1.2119072E-02  6.6560772E-03
  4.0616547E-03  2.6497233E-03  0.0000000E+00
  0.0000000E+00  9.6611366E-02  3.3109777E-02  1.5813624E-02  8.9116367E-03
  5.5218264E-03  3.6051301E-03  0.0000000E+00
  0.0000000E+00  0.1234263      4.4005174E-02  2.1884928E-02  1.2660312E-02
  7.8950468E-03  4.9358751E-03
  0.0000000E+00  0.1704907      6.3160375E-02  3.2650903E-02  1.9166961E-02
  1.1495470E-02
  0.0000000E+00  0.2626191      0.1004589      5.3229794E-02  3.0274151E-02
  0.0000000E+00  0.4648782      0.1820214      9.4552301E-02
  0.0000000E+00   1.000000      0.3862807    
  0.0000000E+00   2.963878    
   32.81562    
  9.9999998E+12
  0.0000000E+00  5.6396704E-02  1.7297527E-02  7.4244025E-03  3.8401354E-03
  2.2351448E-03  1.4115035E-03  9.4597164E-04
  0.0000000E+00  6.2169593E-02  1.9073801E-02  8.1909494E-03  4.2376826E-03
  2.4666949E-03  1.5574117E-03  1.0425037E-03
  0.0000000E+00  6.8227954E-02  2.0945230E-02  9.0029603E-03  4.6595475E-03
  2.7119899E-03  1.7117783E-03  1.1440051E-03
  0.0000000E+00  7.5618528E-02  2.3250159E-02  1.0005287E-02  5.1829140E-03
  3.0175513E-03  1.9031508E-03  0.0000000E+00
  0.0000000E+00  8.6106993E-02  2.6548954E-02  1.1450624E-02  5.9441747E-03
  3.4637344E-03  2.1822795E-03  0.0000000E+00
  0.0000000E+00  0.1016494      3.1497147E-02  1.3649820E-02  7.1124975E-03
  4.1509834E-03  2.6104886E-03  0.0000000E+00
  0.0000000E+00  0.1242335      3.8877144E-02  1.7012054E-02  8.9236628E-03
  5.2220342E-03  3.2586171E-03  0.0000000E+00
  0.0000000E+00  0.1571157      5.0042294E-02  2.2288011E-02  1.1831254E-02
  6.9242972E-03  4.1361810E-03
  0.0000000E+00  0.2077606      6.8101078E-02  3.1201100E-02  1.6800592E-02
  9.5178690E-03
  0.0000000E+00  0.2973145      0.1011313      4.7980547E-02  2.5375344E-02
  0.0000000E+00  0.4892155      0.1720237      8.1486575E-02
  0.0000000E+00   1.000000      0.3464792    
  0.0000000E+00   2.837809    
   32.61789    
  1.0000000E+14
  0.0000000E+00  6.4965814E-02  1.9888889E-02  8.5282046E-03  4.4042738E-03
  2.5606838E-03  1.6145300E-03  1.0803419E-03
  0.0000000E+00  7.8196578E-02  2.3940170E-02  1.0256411E-02  5.2957265E-03
  3.0760684E-03  1.9384616E-03  1.2957265E-03
  0.0000000E+00  9.3675219E-02  2.8675215E-02  1.2282051E-02  6.3367519E-03
  3.6777779E-03  2.3136754E-03  1.5427350E-03
  0.0000000E+00  0.1107692      3.3880342E-02  1.4512821E-02  7.4803415E-03
  4.3358975E-03  2.7230768E-03  0.0000000E+00
  0.0000000E+00  0.1278632      3.9111111E-02  1.6743589E-02  8.6239316E-03
  4.9897437E-03  3.1230769E-03  0.0000000E+00
  0.0000000E+00  0.1437607      4.3974359E-02  1.8820511E-02  9.6837608E-03
  5.5871792E-03  3.4760684E-03  0.0000000E+00
  0.0000000E+00  0.1613675      4.9393162E-02  2.1136753E-02  1.0854701E-02
  6.2324787E-03  3.8205127E-03  0.0000000E+00
  0.0000000E+00  0.1900855      5.8273505E-02  2.4948718E-02  1.2777777E-02
  7.2444445E-03  4.2034187E-03
  0.0000000E+00  0.2423077      7.4581198E-02  3.1991452E-02  1.6256411E-02
  8.7692309E-03
  0.0000000E+00  0.3366667      0.1045299      4.4991456E-02  2.1991452E-02
  0.0000000E+00  0.5253846      0.1645299      6.9393158E-02
  0.0000000E+00   1.000000      0.3024786    
  0.0000000E+00   2.647009    
   31.38462    
