   100.0000    
  3.6844891E-02  1.3324510E-02  7.1545788E-03  4.7670724E-03  3.5627317E-03
  2.8507148E-03  2.3904182E-03  2.0730544E-03
  4.4441503E-02  1.6159344E-02  8.7506622E-03  5.8840658E-03  4.4388566E-03
  3.5918476E-03  3.0465855E-03  2.6786658E-03
  5.4393858E-02  1.9904712E-02  1.0886713E-02  7.4033882E-03  5.6511383E-03
  4.6347273E-03  3.9915298E-03  3.5680253E-03
  6.7707777E-02  2.4978826E-02  1.3824775E-02  9.5314989E-03  7.3901536E-03
  6.1646374E-03  5.4155639E-03  0.0000000E+00
  8.5971415E-02  3.2053996E-02  1.8006882E-02  1.2628375E-02  9.9867648E-03
  8.5283220E-03  7.7077816E-03  0.0000000E+00
  0.1119111      4.2271044E-02  2.4205929E-02  1.7363684E-02  1.4107993E-02
  1.2451032E-02  1.1733721E-02  0.0000000E+00
  0.1502117      5.7728957E-02  3.3880360E-02  2.5076760E-02  2.1177871E-02
  1.9655902E-02  1.9793540E-02  0.0000000E+00
  0.2096347      8.2503967E-02  5.0132345E-02  3.8803600E-02  3.4806777E-02
  3.5124406E-02  3.8830068E-02
  0.3078348      0.1253838      8.0174692E-02  6.6701964E-02  6.6490211E-02
  7.6919004E-02
  0.4854420      0.2083377      0.1448650      0.1375331      0.1665431    
  0.8488618      0.3991530      0.3263631      0.4076231    
   1.757014       1.000000       1.200900    
   5.071466       4.912652    
   38.83007    
   1000.000    
  3.6846276E-02  1.3325410E-02  7.1579507E-03  4.7702063E-03  3.5631272E-03
  2.8526150E-03  2.3909141E-03  2.0726360E-03
  4.4426840E-02  1.6159536E-02  8.7533016E-03  5.8874805E-03  4.4400427E-03
  3.5921820E-03  3.0480719E-03  2.6756469E-03
  5.4358162E-02  1.9904913E-02  1.0887480E-02  7.4062333E-03  5.6550452E-03
  4.6354993E-03  3.9910194E-03  3.5657685E-03
  6.7670368E-02  2.4978871E-02  1.3829900E-02  9.5351292E-03  7.3930272E-03
  6.1648176E-03  5.4146857E-03  0.0000000E+00
  8.5948236E-02  3.2065503E-02  1.8011093E-02  1.2633387E-02  9.9920761E-03
  8.5287904E-03  7.7047017E-03  0.0000000E+00
  0.1118859      4.2287376E-02  2.4212889E-02  1.7371897E-02  1.4112520E-02
  1.2451136E-02  1.1719492E-02  0.0000000E+00
  0.1501585      5.7739038E-02  3.3914421E-02  2.5087163E-02  2.1183308E-02
  1.9646063E-02  1.9738510E-02  0.0000000E+00
  0.2095615      8.2488112E-02  5.0132066E-02  3.8827259E-02  3.4812469E-02
  3.5050187E-02  3.8483892E-02
  0.3077126      0.1253830      8.0190174E-02  6.6719495E-02  6.6402540E-02
  7.6360278E-02
  0.4852087      0.2083465      0.1449023      0.1374802      0.1655573    
  0.8486529      0.3991019      0.3264659      0.4059694    
   1.756735       1.000000       1.196778    
   5.071316       4.902272    
   38.77443    
   10000.00    
  3.6829650E-02  1.3328075E-02  7.1608829E-03  4.7712931E-03  3.5646688E-03
  2.8522606E-03  2.3893269E-03  2.0691378E-03
  4.4426918E-02  1.6164564E-02  8.7565714E-03  5.8885380E-03  4.4426918E-03
  3.5935857E-03  3.0441638E-03  2.6708727E-03
  5.4363824E-02  1.9913249E-02  1.0893796E-02  7.4079917E-03  5.6572026E-03
  4.6345950E-03  3.9852783E-03  3.5567821E-03
  6.7639329E-02  2.4986856E-02  1.3835436E-02  9.5399572E-03  7.3922183E-03
  6.1619347E-03  5.4074656E-03  0.0000000E+00
  8.5909560E-02  3.2071501E-02  1.8020505E-02  1.2639326E-02  9.9921133E-03
  8.5226074E-03  7.6866453E-03  0.0000000E+00
  0.1118559      4.2297579E-02  2.4224499E-02  1.7379073E-02  1.4111461E-02
  1.2434280E-02  1.1674553E-02  0.0000000E+00
  0.1501314      5.7754993E-02  3.3911671E-02  2.5094638E-02  2.1172449E-02
  1.9597791E-02  1.9582018E-02  0.0000000E+00
  0.2094900      8.2518399E-02  5.0157730E-02  3.8827550E-02  3.4779176E-02
  3.4858041E-02  3.7670873E-02
  0.3078339      0.1254206      8.0231331E-02  6.6692956E-02  6.6167191E-02
  7.4999996E-02
  0.4852786      0.2084122      0.1449264      0.1371977      0.1631966    
  0.8485804      0.3993165      0.3262355      0.4011567    
   1.756835       1.000000       1.186646    
   5.070978       4.873816    
   38.61724    
   100000.0    
  3.6825642E-02  1.3346364E-02  7.1722702E-03  4.7797761E-03  3.5678914E-03
  2.8511859E-03  2.3859786E-03  2.0617670E-03
  4.4435754E-02  1.6184518E-02  8.7698726E-03  5.8978368E-03  4.4461819E-03
  3.5913473E-03  3.0388325E-03  2.6583269E-03
  5.4365389E-02  1.9934844E-02  1.0909565E-02  7.4172528E-03  5.6606722E-03
  4.6312222E-03  3.9770654E-03  3.5366172E-03
  6.7657024E-02  2.5014333E-02  1.3854573E-02  9.5491270E-03  7.3964037E-03
  6.1584567E-03  5.3896275E-03  0.0000000E+00
  8.5926503E-02  3.2108419E-02  1.8045349E-02  1.2653114E-02  9.9947872E-03
  8.5092522E-03  7.6492052E-03  0.0000000E+00
  0.1118582      4.2324733E-02  2.4255930E-02  1.7393798E-02  1.4107375E-02
  1.2400312E-02  1.1581966E-02  0.0000000E+00
  0.1501433      5.7805575E-02  3.3958822E-02  2.5113370E-02  2.1154547E-02
  1.9502215E-02  1.9291114E-02  0.0000000E+00
  0.2095387      8.2616627E-02  5.0221529E-02  3.8832422E-02  3.4688558E-02
  3.4506124E-02  3.6408652E-02
  0.3077925      0.1255668      8.0297112E-02  6.6666663E-02  6.5702371E-02
  7.2843373E-02
  0.4852750      0.2086265      0.1450091      0.1366953      0.1593432    
  0.8488402      0.3995309      0.3257753      0.3937972    
   1.757623       1.000000       1.169924    
   5.074277       4.824081    
   38.36330    
   1000000.    
  3.6855608E-02  1.3377789E-02  7.1915877E-03  4.7909720E-03  3.5727110E-03
  2.8494487E-03  2.3767632E-03  2.0451397E-03
  4.4447292E-02  1.6219543E-02  8.7919990E-03  5.9092077E-03  4.4498588E-03
  3.5880997E-03  3.0238521E-03  2.6340086E-03
  5.4372914E-02  1.9979483E-02  1.0936137E-02  7.4326755E-03  5.6629907E-03
  4.6242625E-03  3.9522955E-03  3.4957682E-03
  6.7684025E-02  2.5065402E-02  1.3888177E-02  9.5665548E-03  7.3993332E-03
  6.1400360E-03  5.3475252E-03  0.0000000E+00
  8.5970759E-02  3.2162093E-02  1.8084124E-02  1.2672480E-02  9.9923052E-03
  8.4765330E-03  7.5660427E-03  0.0000000E+00
  0.1119005      4.2421132E-02  2.4306234E-02  1.7417286E-02  1.4093357E-02
  1.2326238E-02  1.1397795E-02  0.0000000E+00
  0.1502180      5.7912286E-02  3.4034368E-02  2.5134651E-02  2.1100281E-02
  1.9299822E-02  1.8766349E-02  0.0000000E+00
  0.2096435      8.2764812E-02  5.0320596E-02  3.8830470E-02  3.4496024E-02
  3.3803541E-02  3.4521673E-02
  0.3080277      0.1258015      8.0430880E-02  6.6529877E-02  6.4837143E-02
  6.9581941E-02
  0.4857656      0.2090023      0.1450885      0.1356502      0.1533727    
  0.8494486      0.4003591      0.3246986      0.3818928    
   1.759426       1.000000       1.143370    
   5.078225       4.749936    
   37.95845    
  1.0000000E+07
  3.6951099E-02  1.3448103E-02  7.2305389E-03  4.8128744E-03  3.5778442E-03
  2.8443113E-03  2.3565369E-03  2.0107285E-03
  4.4535927E-02  1.6304890E-02  8.8398205E-03  5.9356284E-03  4.4560879E-03
  3.5753492E-03  2.9940121E-03  2.5823354E-03
  5.4491021E-02  2.0077344E-02  1.0993014E-02  7.4600796E-03  5.6661675E-03
  4.6032933E-03  3.9046907E-03  3.4106786E-03
  6.7814372E-02  2.5174651E-02  1.3954591E-02  9.5983036E-03  7.3977043E-03
  6.1027943E-03  5.2619758E-03  0.0000000E+00
  8.6127743E-02  3.2310378E-02  1.8171158E-02  1.2709580E-02  9.9800397E-03
  8.4006982E-03  7.4076848E-03  0.0000000E+00
  0.1121257      4.2614769E-02  2.4416167E-02  1.7457584E-02  1.4051896E-02
  1.2165668E-02  1.1057884E-02  0.0000000E+00
  0.1504990      5.8183633E-02  3.4181640E-02  2.5174651E-02  2.0978043E-02
  1.8912176E-02  1.7896706E-02  0.0000000E+00
  0.2100798      8.3133727E-02  5.0499000E-02  3.8822357E-02  3.4106787E-02
  3.2609779E-02  3.1811375E-02
  0.3086327      0.1263223      8.0663674E-02  6.6267461E-02  6.3273452E-02
  6.4820357E-02
  0.4867764      0.2098802      0.1452345      0.1337076      0.1445110    
  0.8517964      0.4016966      0.3228543      0.3642715    
   1.764721       1.000000       1.103044    
   5.089820       4.633234    
   37.37525    
  1.0000000E+08
  3.7428573E-02  1.3609524E-02  7.3190476E-03  4.8571429E-03  3.5904762E-03
  2.8261906E-03  2.3130951E-03  1.9428572E-03
  4.4976190E-02  1.6485715E-02  8.9357141E-03  5.9809522E-03  4.4619050E-03
  3.5452382E-03  2.9285715E-03  2.4809523E-03
  5.4904759E-02  2.0285714E-02  1.1102380E-02  7.5095240E-03  5.6642857E-03
  4.5499997E-03  3.8000001E-03  3.2547619E-03
  6.8261907E-02  2.5428571E-02  1.4085715E-02  9.6500004E-03  7.3785717E-03
  6.0119047E-03  5.0928574E-03  0.0000000E+00
  8.6619049E-02  3.2619048E-02  1.8326191E-02  1.2761905E-02  9.9285711E-03
  8.2380949E-03  7.1071428E-03  0.0000000E+00
  0.1127381      4.3000001E-02  2.4619047E-02  1.7502382E-02  1.3933334E-02
  1.1845238E-02  1.0464286E-02  0.0000000E+00
  0.1513095      5.8714285E-02  3.4428574E-02  2.5190476E-02  2.0692857E-02
  1.8192858E-02  1.6540477E-02  0.0000000E+00
  0.2112143      8.3857149E-02  5.0833333E-02  3.8714286E-02  3.3309523E-02
  3.0666668E-02  2.8142856E-02
  0.3104762      0.1274048      8.1023805E-02  6.5619051E-02  6.0571432E-02
  5.8190476E-02
  0.4897619      0.2115238      0.1453095      0.1302381      0.1318810    
  0.8573810      0.4042857      0.3190476      0.3383333    
   1.776429       1.000000       1.043095    
   5.116667       4.461905    
   36.52381    
  1.0000000E+09
  4.0277775E-02  1.4087302E-02  7.5992057E-03  5.0110226E-03  3.6507936E-03
  2.8130510E-03  2.2442678E-03  1.8313492E-03
  4.7398586E-02  1.6953262E-02  9.1975313E-03  6.1111110E-03  4.4929455E-03
  3.4942681E-03  2.8130510E-03  2.3148146E-03
  5.6988534E-02  2.0778218E-02  1.1360229E-02  7.6212515E-03  5.6613754E-03
  4.4488534E-03  3.6177246E-03  3.0026454E-03
  7.0083767E-02  2.5992064E-02  1.4358466E-02  9.7464724E-03  7.3302463E-03
  5.8333329E-03  4.7971779E-03  0.0000000E+00
  8.8359788E-02  3.3267196E-02  1.8630952E-02  1.2837301E-02  9.8059960E-03
  7.9232808E-03  6.6093472E-03  0.0000000E+00
  0.1145503      4.3805115E-02  2.4977952E-02  1.7539682E-02  1.3668429E-02
  1.1263227E-02  9.5502641E-03  0.0000000E+00
  0.1534612      5.9766311E-02  3.4854498E-02  2.5132274E-02  2.0112433E-02
  1.7001763E-02  1.4658289E-02  0.0000000E+00
  0.2140652      8.5295409E-02  5.1322751E-02  3.8359787E-02  3.1900350E-02
  2.7821869E-02  2.3743385E-02
  0.3145944      0.1294753      8.1547618E-02  6.4285710E-02  5.6371249E-02
  4.9999997E-02
  0.4964726      0.2147046      0.1451279      0.1244709      0.1157628    
  0.8694885      0.4089506      0.3128307      0.3042328    
   1.802249       1.000000      0.9627425    
   5.171957       4.232804    
   35.58201    
  1.0000000E+10
  5.3479780E-02  1.7628305E-02  9.3234833E-03  5.8281492E-03  3.9774496E-03
  2.8713061E-03  2.1559098E-03  1.6671850E-03
  5.9097979E-02  1.9595645E-02  1.0573483E-02  6.7768274E-03  4.7317259E-03
  3.4817262E-03  2.6555210E-03  2.0781492E-03
  6.7515545E-02  2.2803266E-02  1.2447512E-02  8.1318039E-03  5.7912129E-03
  4.3370915E-03  3.3553655E-03  2.6555210E-03
  7.9432346E-02  2.7663296E-02  1.5233281E-02  1.0106920E-02  7.3250388E-03
  5.5734836E-03  4.3720840E-03  0.0000000E+00
  9.6481338E-02  3.4836702E-02  1.9383747E-02  1.3054043E-02  9.6209180E-03
  7.4377912E-03  5.9059095E-03  0.0000000E+00
  0.1216563      4.5470450E-02  2.5660964E-02  1.7591368E-02  1.3201788E-02
  1.0375194E-02  8.3378693E-03  0.0000000E+00
  0.1600894      6.1741836E-02  3.5555989E-02  2.4922239E-02  1.9111585E-02
  1.5297434E-02  1.2385303E-02  0.0000000E+00
  0.2212286      8.7888800E-02  5.2041214E-02  3.7577759E-02  2.9665628E-02
  2.4183514E-02  1.9082425E-02
  0.3236780      0.1330871      8.2037322E-02  6.1858475E-02  5.0622083E-02
  4.1018661E-02
  0.5101088      0.2200622      0.1442068      0.1159020      9.7395025E-02
  0.8932737      0.4164074      0.3022939      0.2638025    
   1.850700       1.000000      0.8648911    
   5.276050       3.952177    
   35.30326    
