   100.0000    
  3.8326547E-02  1.3750000E-02  7.2638444E-03  4.7271987E-03  3.4299677E-03
  2.6551303E-03  2.1453584E-03  1.7874594E-03
  4.6376221E-02  1.6722314E-02  8.8965800E-03  5.8346908E-03  4.2671012E-03
  3.3318405E-03  2.7153909E-03  2.2837950E-03
  5.6962542E-02  2.0655539E-02  1.1087134E-02  7.3412056E-03  5.4193814E-03
  4.2752447E-03  3.5240231E-03  3.0000000E-03
  7.1131922E-02  2.5985343E-02  1.4092020E-02  9.4381105E-03  7.0602610E-03
  5.6433226E-03  4.7190553E-03  0.0000000E+00
  9.0635180E-02  3.3420198E-02  1.8363193E-02  1.2479641E-02  9.4828997E-03
  7.7117267E-03  6.5798047E-03  0.0000000E+00
  0.1183225      4.4177525E-02  2.4674268E-02  1.7088763E-02  1.3265473E-02
  1.1058632E-02  9.7068409E-03  0.0000000E+00
  0.1592834      6.0382739E-02  3.4482900E-02  2.4507331E-02  1.9600978E-02
  1.6942183E-02  1.5521173E-02  0.0000000E+00
  0.2228013      8.6319216E-02  5.0814334E-02  3.7459288E-02  3.1359937E-02
  2.8684853E-02  2.7557004E-02
  0.3278502      0.1310261      8.0578178E-02  6.2947884E-02  5.6799676E-02
  5.6351792E-02
  0.5175081      0.2168567      0.1431189      0.1235749      0.1265879    
  0.9043159      0.4112378      0.3092427      0.3235749    
   1.864821       1.000000       1.001222    
   5.293159       4.344462    
   36.26221    
   1000.000    
  3.8308255E-02  1.3749490E-02  7.2631147E-03  4.7254981E-03  3.4294426E-03
  2.6543310E-03  2.1443677E-03  1.7860917E-03
  4.6360306E-02  1.6722245E-02  8.8979257E-03  5.8357054E-03  4.2700283E-03
  3.3310289E-03  2.7141112E-03  2.2822283E-03
  5.6933708E-02  2.0654738E-02  1.1085806E-02  7.3403819E-03  5.4209027E-03
  4.2740949E-03  3.5217565E-03  2.9971532E-03
  7.1085803E-02  2.5982104E-02  1.4091094E-02  9.4387960E-03  7.0557133E-03
  5.6405040E-03  4.7132978E-03  0.0000000E+00
  9.0605937E-02  3.3411954E-02  1.8361121E-02  1.2480683E-02  9.4794622E-03
  7.7104508E-03  6.5758433E-03  0.0000000E+00
  0.1183001      4.4164293E-02  2.4672629E-02  1.7088247E-02  1.3261488E-02
  1.1049206E-02  9.6949972E-03  0.0000000E+00
  0.1592111      6.0349729E-02  3.4481492E-02  2.4501828E-02  1.9597396E-02
  1.6925579E-02  1.5485969E-02  0.0000000E+00
  0.2226921      8.6295240E-02  5.0793003E-02  3.7450179E-02  3.1342007E-02
  2.8637657E-02  2.7397314E-02
  0.3277348      0.1309882      8.0561198E-02  6.2911749E-02  5.6730375E-02
  5.6079704E-02
  0.5172834      0.2168361      0.1431070      0.1234648      0.1261082    
  0.9040260      0.4111427      0.3091500      0.3226108    
   1.864172       1.000000      0.9991866    
   5.294835       4.339162    
   36.22204    
   10000.00    
  3.8315743E-02  1.3758116E-02  7.2686686E-03  4.7280844E-03  3.4306003E-03
  2.6542207E-03  2.1424512E-03  1.7832792E-03
  4.6387985E-02  1.6728897E-02  8.9042205E-03  5.8400971E-03  4.2694802E-03
  3.3299511E-03  2.7118505E-03  2.2780031E-03
  5.6939933E-02  2.0665584E-02  1.1091720E-02  7.3417206E-03  5.4220781E-03
  4.2735389E-03  3.5178568E-03  2.9902596E-03
  7.1103893E-02  2.5994318E-02  1.4099025E-02  9.4439937E-03  7.0576300E-03
  5.6371749E-03  4.7077923E-03  0.0000000E+00
  9.0584412E-02  3.3433441E-02  1.8372566E-02  1.2483765E-02  9.4805192E-03
  7.7029215E-03  6.5624998E-03  0.0000000E+00
  0.1183036      4.4155844E-02  2.4683440E-02  1.7094156E-02  1.3258928E-02
  1.1038961E-02  9.6672075E-03  0.0000000E+00
  0.1592532      6.0389604E-02  3.4496751E-02  2.4508927E-02  1.9586040E-02
  1.6895292E-02  1.5397727E-02  0.0000000E+00
  0.2227273      8.6323045E-02  5.0811689E-02  3.7451297E-02  3.1310875E-02
  2.8522724E-02  2.7000809E-02
  0.3278003      0.1310471      8.0600642E-02  6.2905841E-02  5.6615259E-02
  5.5397723E-02
  0.5170454      0.2169237      0.1431412      0.1232954      0.1249188    
  0.9042207      0.4115259      0.3089691      0.3202516    
   1.864854       1.000000      0.9939122    
   5.296266       4.322240    
   36.14854    
   100000.0    
  3.8330637E-02  1.3771220E-02  7.2756666E-03  4.7332253E-03  3.4312853E-03
  2.6523846E-03  2.1386419E-03  1.7768794E-03
  4.6402585E-02  1.6750202E-02  8.9126918E-03  5.8407434E-03  4.2683911E-03
  3.3274051E-03  2.7057396E-03  2.2683912E-03
  5.6952298E-02  2.0687146E-02  1.1103476E-02  7.3484234E-03  5.4203719E-03
  4.2683911E-03  3.5084882E-03  2.9753435E-03
  7.1139850E-02  2.6022634E-02  1.4114793E-02  9.4462410E-03  7.0573967E-03
  5.6305574E-03  4.6928050E-03  0.0000000E+00
  9.0622470E-02  3.3464022E-02  1.8387226E-02  1.2489894E-02  9.4745345E-03
  7.6879547E-03  6.5319319E-03  0.0000000E+00
  0.1183508      4.4219885E-02  2.4704931E-02  1.7097816E-02  1.3249798E-02
  1.1010509E-02  9.6038794E-03  0.0000000E+00
  0.1592967      6.0468871E-02  3.4523040E-02  2.4510913E-02  1.9563459E-02
  1.6822958E-02  1.5230396E-02  0.0000000E+00
  0.2228375      8.6418755E-02  5.0848827E-02  3.7445430E-02  3.1236863E-02
  2.8294260E-02  2.6350040E-02
  0.3279305      0.1311641      8.0638640E-02  6.2853672E-02  5.6305572E-02
  5.4284558E-02
  0.5173808      0.2170978      0.1431285      0.1229184      0.1228779    
  0.9046078      0.4114794      0.3086095      0.3162085    
   1.865804       1.000000      0.9846402    
   5.299110       4.296685    
   36.01455    
   1000000.    
  3.8359407E-02  1.3798636E-02  7.2884080E-03  4.7372645E-03  3.4316087E-03
  2.6478141E-03  2.1299638E-03  1.7641397E-03
  4.6409950E-02  1.6782993E-02  8.9290021E-03  5.8483761E-03  4.2679505E-03
  3.3204975E-03  2.6931409E-03  2.2490975E-03
  5.6999605E-02  2.0726033E-02  1.1123145E-02  7.3525873E-03  5.4191742E-03
  4.2559165E-03  3.4889693E-03  2.9454473E-03
  7.1159251E-02  2.6068995E-02  1.4135580E-02  9.4544729E-03  7.0517450E-03
  5.6117130E-03  4.6610511E-03  0.0000000E+00
  9.0693951E-02  3.3521861E-02  1.8415565E-02  1.2498998E-02  9.4665065E-03
  7.6574413E-03  6.4741280E-03  0.0000000E+00
  0.1184116      4.4283997E-02  2.4741277E-02  1.7103892E-02  1.3225030E-02
  1.0946651E-02  9.4825514E-03  0.0000000E+00
  0.1594063      6.0569599E-02  3.4568794E-02  2.4512637E-02  1.9506620E-02
  1.6682712E-02  1.4921781E-02  0.0000000E+00
  0.2229844      8.6562380E-02  5.0902531E-02  3.7420779E-02  3.1083036E-02
  2.7870037E-02  2.5363017E-02
  0.3281589      0.1313678      8.0705978E-02  6.2695548E-02  5.5716004E-02
  5.2547134E-02
  0.5178500      0.2174088      0.1431608      0.1221821      0.1196550    
  0.9053349      0.4119535      0.3078219      0.3097072    
   1.868031       1.000000      0.9699158    
   5.302848       4.255917    
   35.79222    
  1.0000000E+07
  3.8460016E-02  1.3863817E-02  7.3198732E-03  4.7505940E-03  3.4323041E-03
  2.6389549E-03  2.1124308E-03  1.7383214E-03
  4.6516232E-02  1.6852731E-02  8.9627868E-03  5.8630244E-03  4.2676167E-03
  3.3068091E-03  2.6674585E-03  2.2117973E-03
  5.7125889E-02  2.0811560E-02  1.1163896E-02  7.3713381E-03  5.4156766E-03
  4.2359461E-03  3.4501187E-03  2.8879652E-03
  7.1338087E-02  2.6171813E-02  1.4184481E-02  9.4734766E-03  7.0427554E-03
  5.5740299E-03  4.5961994E-03  0.0000000E+00
  9.0855107E-02  3.3650041E-02  1.8475851E-02  1.2513855E-02  9.4457641E-03
  7.5969910E-03  6.3657956E-03  0.0000000E+00
  0.1186461      4.4457640E-02  2.4817893E-02  1.7117972E-02  1.3178939E-02
  1.0827395E-02  9.2636580E-03  0.0000000E+00
  0.1596991      6.0768008E-02  3.4663502E-02  2.4513064E-02  1.9398259E-02
  1.6413301E-02  1.4406175E-02  0.0000000E+00
  0.2234363      8.6856686E-02  5.1029295E-02  3.7371337E-02  3.0787807E-02
  2.7137768E-02  2.3907363E-02
  0.3288994      0.1317894      8.0839276E-02  6.2470306E-02  5.4711007E-02
  4.9920823E-02
  0.5190024      0.2180918      0.1431512      0.1208630      0.1146872    
  0.9077593      0.4133016      0.3064529      0.2995645    
   1.872922       1.000000      0.9465559    
   5.312747       4.188440    
   35.46318    
  1.0000000E+08
  3.8869534E-02  1.3999226E-02  7.3867594E-03  4.7812620E-03  3.4336045E-03
  2.6198220E-03  2.0770424E-03  1.6891211E-03
  4.6922185E-02  1.7007357E-02  9.0360045E-03  5.8923736E-03  4.2624855E-03
  3.2771972E-03  2.6159505E-03  2.1413087E-03
  5.7491291E-02  2.0991096E-02  1.1246612E-02  7.3983739E-03  5.4006972E-03
  4.1889278E-03  3.3728224E-03  2.7820366E-03
  7.1738288E-02  2.6387921E-02  1.4281843E-02  9.5005808E-03  7.0150993E-03
  5.5013550E-03  4.4754161E-03  0.0000000E+00
  9.1327913E-02  3.3914052E-02  1.8594658E-02  1.2539683E-02  9.3921795E-03
  7.4680606E-03  6.1556334E-03  0.0000000E+00
  0.1192412      4.4792876E-02  2.4959350E-02  1.7131243E-02  1.3073945E-02
  1.0592335E-02  8.8772746E-03  0.0000000E+00
  0.1604723      6.1207898E-02  3.4839336E-02  2.4490902E-02  1.9167634E-02
  1.5919475E-02  1.3573364E-02  0.0000000E+00
  0.2245451      8.7456450E-02  5.1219512E-02  3.7239645E-02  3.0209061E-02
  2.5907859E-02  2.1846691E-02
  0.3305459      0.1326752      8.1068531E-02  6.1943479E-02  5.2922960E-02
  4.6147890E-02
  0.5218738      0.2194348      0.1431282      0.1184669      0.1073558    
  0.9128920      0.4150213      0.3037941      0.2841657    
   1.883469       1.000000      0.9105691    
   5.334882       4.084398    
   34.98258    
  1.0000000E+09
  4.1439760E-02  1.4382693E-02  7.5867213E-03  4.8750467E-03  3.4576652E-03
  2.5934353E-03  2.0152929E-03  1.6038792E-03
  4.9086165E-02  1.7389035E-02  9.2241708E-03  5.9716525E-03  4.2670644E-03
  3.2241701E-03  2.5229394E-03  2.0201418E-03
  5.9343532E-02  2.1391273E-02  1.1432301E-02  7.4599031E-03  5.3785900E-03
  4.0992168E-03  3.2327489E-03  2.6042522E-03
  7.3330842E-02  2.6833270E-02  1.4479672E-02  9.5486762E-03  6.9563594E-03
  5.3524803E-03  4.2596050E-03  0.0000000E+00
  9.2838496E-02  3.4442373E-02  1.8810146E-02  1.2566207E-02  9.2726601E-03
  7.2249165E-03  5.8038048E-03  0.0000000E+00
  0.1207758      4.5430809E-02  2.5207013E-02  1.7120479E-02  1.2842223E-02
  1.0156658E-02  8.2543828E-03  0.0000000E+00
  0.1622902      6.2066395E-02  3.5128683E-02  2.4390154E-02  1.8698247E-02
  1.5076464E-02  1.2357330E-02  0.0000000E+00
  0.2269303      8.8586353E-02  5.1547933E-02  3.6904141E-02  2.9153300E-02
  2.4013428E-02  1.9198060E-02
  0.3340172      0.1343156      8.1312947E-02  6.0835510E-02  5.0055955E-02
  4.1141365E-02
  0.5274152      0.2218575      0.1427825      0.1143230      9.7277135E-02
  0.9231630      0.4185006      0.2989183      0.2624767    
   1.904886       1.000000      0.8586349    
   5.382320       3.935099    
   34.43118    
  1.0000000E+10
  5.3932589E-02  1.7113764E-02  8.8202246E-03  5.4143262E-03  3.6376405E-03
  2.5912921E-03  1.9206462E-03  1.4659411E-03
  6.0217697E-02  1.9459270E-02  1.0214185E-02  6.4009833E-03  4.3855337E-03
  3.1713482E-03  2.3788626E-03  1.8321630E-03
  6.9276683E-02  2.3002107E-02  1.2219101E-02  7.7844108E-03  5.4213484E-03
  3.9747194E-03  3.0150986E-03  2.3409410E-03
  8.1987366E-02  2.8188203E-02  1.5115872E-02  9.7647477E-03  6.8960674E-03
  5.1228935E-03  3.9255619E-03  0.0000000E+00
  0.1002107      3.5709273E-02  1.9357445E-02  1.2672051E-02  9.0800570E-03
  6.8293544E-03  5.2808989E-03  0.0000000E+00
  0.1271067      4.6804775E-02  2.5712781E-02  1.7096208E-02  1.2436799E-02
  9.4733145E-03  7.3841293E-03  0.0000000E+00
  0.1680478      6.3693821E-02  3.5639048E-02  2.4153791E-02  1.7889747E-02
  1.3820225E-02  1.0790029E-02  0.0000000E+00
  0.2329705      9.0695232E-02  5.2036520E-02  3.6200844E-02  2.7440310E-02
  2.1446630E-02  1.6158707E-02
  0.3416433      0.1372542      8.1601128E-02  5.8883429E-02  4.5891855E-02
  3.5182584E-02
  0.5389748      0.2260885      0.1418539      0.1079003      8.4901690E-02
  0.9431180      0.4245085      0.2908006      0.2348315    
   1.945576       1.000000      0.7903793    
   5.470506       3.739466    
   34.48034    
