   100.0000    
  3.5332773E-02  1.2843960E-02  6.9868569E-03  4.7497205E-03  3.6437362E-03
  3.0159396E-03  2.6342282E-03  2.3965326E-03
  4.2463645E-02  1.5534117E-02  8.5276850E-03  5.8585014E-03  4.5483783E-03
  3.8171143E-03  3.3850672E-03  3.1403804E-03
  5.1775727E-02  1.9071588E-02  1.0590046E-02  7.3699667E-03  5.8067674E-03
  4.9566557E-03  4.4896533E-03  4.2729308E-03
  6.4219803E-02  2.3867451E-02  1.3434005E-02  9.4980430E-03  7.6244408E-03
  6.6568796E-03  6.2038591E-03  0.0000000E+00
  8.1319913E-02  3.0564878E-02  1.7491611E-02  1.2616051E-02  1.0377517E-02
  9.3470355E-03  9.0771811E-03  0.0000000E+00
  0.1055509      4.0240493E-02  2.3517899E-02  1.7421700E-02  1.4821029E-02
  1.3976510E-02  1.4485459E-02  0.0000000E+00
  0.1413591      5.4893740E-02  3.2997765E-02  2.5349554E-02  2.2678971E-02
  2.3000559E-02  2.6635908E-02  0.0000000E+00
  0.1968680      7.8425616E-02  4.8993289E-02  3.9765105E-02  3.8632553E-02
  4.4686802E-02  6.2248323E-02
  0.2885906      0.1193372      7.9040833E-02  7.0288032E-02  7.9670019E-02
  0.1177992    
  0.4546980      0.1991051      0.1455537      0.1549217      0.2423099    
  0.7955817      0.3852069      0.3459173      0.5606824    
   1.652685       1.000000       1.552014    
   4.855985       5.915828    
   43.75000    
   1000.000    
  3.5290852E-02  1.2836318E-02  6.9873664E-03  4.7521866E-03  3.6470918E-03
  3.0195753E-03  2.6364017E-03  2.3976120E-03
  4.2399000E-02  1.5521311E-02  8.5270032E-03  5.8614467E-03  4.5522698E-03
  3.8206305E-03  3.3888656E-03  3.1417466E-03
  5.1700681E-02  1.9061502E-02  1.0591420E-02  7.3747053E-03  5.8128559E-03
  4.9632099E-03  4.4939611E-03  4.2746081E-03
  6.4126059E-02  2.3851175E-02  1.3436069E-02  9.5043732E-03  7.6315426E-03
  6.6638906E-03  6.2085246E-03  0.0000000E+00
  8.1202276E-02  3.0542832E-02  1.7492712E-02  1.2623907E-02  1.0388726E-02
  9.3572121E-03  9.0809390E-03  0.0000000E+00
  0.1054005      4.0219352E-02  2.3517979E-02  1.7437181E-02  1.4841039E-02
  1.3980287E-02  1.4466194E-02  0.0000000E+00
  0.1410524      5.4866031E-02  3.3000138E-02  2.5364432E-02  2.2698877E-02
  2.3004305E-02  2.6530612E-02  0.0000000E+00
  0.1965848      7.8397892E-02  4.9021244E-02  3.9802864E-02  3.8650561E-02
  4.4578649E-02  6.1196726E-02
  0.2882133      0.1192975      7.9064280E-02  7.0345692E-02  7.9591841E-02
  0.1161044    
  0.4541163      0.1989449      0.1456338      0.1549354      0.2394836    
  0.7946689      0.3852562      0.3459670      0.5554630    
   1.650701       1.000000       1.539636    
   4.853534       5.883660    
   43.56519    
   10000.00    
  3.5235357E-02  1.2835249E-02  6.9923373E-03  4.7577997E-03  3.6521622E-03
  3.0240831E-03  2.6382047E-03  2.3973726E-03
  4.2350851E-02  1.5517242E-02  8.5331146E-03  5.8675427E-03  4.5593875E-03
  3.8259441E-03  3.3908046E-03  3.1390258E-03
  5.1628351E-02  1.9061303E-02  1.0597975E-02  7.3823207E-03  5.8196499E-03
  4.9685277E-03  4.4950740E-03  4.2665573E-03
  6.4053096E-02  2.3850575E-02  1.3444171E-02  9.5142312E-03  7.6409415E-03
  6.6707716E-03  6.2055285E-03  0.0000000E+00
  8.1089221E-02  3.0541873E-02  1.7501369E-02  1.2638205E-02  1.0400930E-02
  9.3623428E-03  9.0667764E-03  0.0000000E+00
  0.1052682      4.0216204E-02  2.3535851E-02  1.7446633E-02  1.4860428E-02
  1.3984675E-02  1.4408868E-02  0.0000000E+00
  0.1409414      5.4871373E-02  3.3018608E-02  2.5396828E-02  2.2714833E-02
  2.2961140E-02  2.6231527E-02  0.0000000E+00
  0.1963602      7.8393541E-02  4.9055833E-02  3.9846741E-02  3.8642582E-02
  4.4239189E-02  5.8990147E-02
  0.2879037      0.1193076      7.9132460E-02  7.0374936E-02  7.9214565E-02
  0.1125205    
  0.4536125      0.1990969      0.1457307      0.1546251      0.2333060    
  0.7939245      0.3853312      0.3456486      0.5437877    
   1.650246       1.000000       1.514778    
   4.850849       5.810071    
   43.17187    
   100000.0    
  3.5194565E-02  1.2843817E-02  7.0042643E-03  4.7681239E-03  3.6607145E-03
  3.0290512E-03  2.6399253E-03  2.3920576E-03
  4.2297445E-02  1.5525053E-02  8.5474420E-03  5.8808634E-03  4.5695631E-03
  3.8312902E-03  3.3901921E-03  3.1276653E-03
  5.1572498E-02  1.9069830E-02  1.0615672E-02  7.3987208E-03  5.8328891E-03
  4.9733478E-03  4.4909380E-03  4.2430703E-03
  6.3965887E-02  2.3867272E-02  1.3472815E-02  9.5349150E-03  7.6572499E-03
  6.6751069E-03  6.1913645E-03  0.0000000E+00
  8.0996796E-02  3.0557036E-02  1.7537314E-02  1.2665245E-02  1.0418443E-02
  9.3616731E-03  9.0231877E-03  0.0000000E+00
  0.1051439      4.0245201E-02  2.3574095E-02  1.7484009E-02  1.4872069E-02
  1.3965885E-02  1.4272388E-02  0.0000000E+00
  0.1407250      5.4904051E-02  3.3075694E-02  2.5453093E-02  2.2734543E-02
  2.2841152E-02  2.5626333E-02  0.0000000E+00
  0.1960288      7.8451492E-02  4.9133796E-02  3.9912049E-02  3.8566098E-02
  4.3523453E-02  5.5650320E-02
  0.2877132      0.1194030      7.9277724E-02  7.0402451E-02  7.8438163E-02
  0.1070229    
  0.4532250      0.1992271      0.1459222      0.1537846      0.2237473    
  0.7934435      0.3857943      0.3451492      0.5254531    
   1.649787       1.000000       1.475213    
   4.850746       5.695629    
   42.55064    
   1000000.    
  3.5177413E-02  1.2870406E-02  7.0316670E-03  4.7895205E-03  3.6754420E-03
  3.0357370E-03  2.6351265E-03  2.3744118E-03
  4.2261221E-02  1.5566577E-02  8.5794227E-03  5.9061428E-03  4.5860359E-03
  3.8369577E-03  3.3816609E-03  3.0967824E-03
  5.1532496E-02  1.9114841E-02  1.0654966E-02  7.4297343E-03  5.8514564E-03
  4.9777441E-03  4.4703041E-03  4.1854256E-03
  6.3919626E-02  2.3922168E-02  1.3519013E-02  9.5739542E-03  7.6790033E-03
  6.6717537E-03  6.1465092E-03  0.0000000E+00
  8.0923311E-02  3.0624444E-02  1.7601425E-02  1.2713977E-02  1.0442579E-02
  9.3399463E-03  8.9164441E-03  0.0000000E+00
  0.1050617      4.0328119E-02  2.3667812E-02  1.7550552E-02  1.4892535E-02
  1.3887829E-02  1.3964136E-02  0.0000000E+00
  0.1406588      5.5017170E-02  3.3193436E-02  2.5524609E-02  2.2713978E-02
  2.2561364E-02  2.4583492E-02  0.0000000E+00
  0.1959812      7.8621395E-02  4.9306877E-02  3.9997458E-02  3.8356863E-02
  4.2248506E-02  5.1112805E-02
  0.2875493      0.1196871      7.9524353E-02  7.0367537E-02  7.6929927E-02
  9.9376827E-02
  0.4532621      0.1996693      0.1462546      0.1522320      0.2100979    
  0.7935902      0.3867480      0.3437619      0.4991733    
   1.650769       1.000000       1.416762    
   4.853109       5.528424    
   41.66349    
  1.0000000E+07
  3.5243016E-02  1.2949049E-02  7.0861699E-03  4.8262500E-03  3.6957029E-03
  3.0382718E-03  2.6168113E-03  2.3303591E-03
  4.2322140E-02  1.5649213E-02  8.6440472E-03  5.9497529E-03  4.6078889E-03
  3.8354071E-03  3.3493778E-03  3.0253578E-03
  5.1584877E-02  1.9218124E-02  1.0732566E-02  7.4818032E-03  5.8757924E-03
  4.9671279E-03  4.4130073E-03  4.0631602E-03
  6.3982151E-02  2.4054941E-02  1.3606479E-02  9.6360641E-03  7.7025117E-03
  6.6424040E-03  6.0366280E-03  0.0000000E+00
  8.1004925E-02  3.0793613E-02  1.7715426E-02  1.2796431E-02  1.0460202E-02
  9.2650857E-03  8.6839627E-03  0.0000000E+00
  0.1051538      4.0537685E-02  2.3820143E-02  1.7644987E-02  1.4886123E-02
  1.3688658E-02  1.3406903E-02  0.0000000E+00
  0.1408781      5.5318147E-02  3.3423338E-02  2.5639821E-02  2.2610940E-02
  2.1976989E-02  2.2951396E-02  0.0000000E+00
  0.1961728      7.9044372E-02  4.9624324E-02  4.0079828E-02  3.7849259E-02
  4.0126786E-02  4.5081005E-02
  0.2879784      0.1203334      7.9960078E-02  7.0133835E-02  7.4301474E-02
  8.9023240E-02
  0.4539798      0.2008687      0.1466306      0.1492134      0.1913595    
  0.7953745      0.3885888      0.3411599      0.4621977    
   1.655318       1.000000       1.333646    
   4.863818       5.292322    
   40.42028    
  1.0000000E+08
  3.5742890E-02  1.3143034E-02  7.2071063E-03  4.9009142E-03  3.7293357E-03
  3.0311120E-03  2.5690524E-03  2.2373963E-03
  4.2776469E-02  1.5864052E-02  8.7781092E-03  6.0283397E-03  4.6370267E-03
  3.8125063E-03  3.2683027E-03  2.8811994E-03
  5.2017663E-02  1.9468119E-02  1.0884074E-02  7.5675123E-03  5.8979364E-03
  4.9163159E-03  4.2776470E-03  3.8279085E-03
  6.4421400E-02  2.4345417E-02  1.3800185E-02  9.7340597E-03  7.7102371E-03
  6.5427665E-03  5.8003902E-03  0.0000000E+00
  8.1507348E-02  3.1163365E-02  1.7948454E-02  1.2906870E-02  1.0432283E-02
  9.0635596E-03  8.2369857E-03  0.0000000E+00
  0.1057603      4.1020639E-02  2.4119521E-02  1.7763631E-02  1.4785913E-02
  1.3245714E-02  1.2455078E-02  0.0000000E+00
  0.1415957      5.5960577E-02  3.3802237E-02  2.5741864E-02  2.2281550E-02
  2.0885102E-02  2.0535991E-02  0.0000000E+00
  0.1973509      7.9956874E-02  5.0138623E-02  4.0055446E-02  3.6769692E-02
  3.6821030E-02  3.7632205E-02
  0.2897628      0.1216757      8.0624297E-02  6.9401376E-02  6.9935314E-02
  7.5870216E-02
  0.4571311      0.2029983      0.1470377      0.1439573      0.1668549    
  0.8013144      0.3922374      0.3360715      0.4129787    
   1.668549       1.000000       1.221891    
   4.893726       4.972790    
   38.79249    
  1.0000000E+09
  3.8861386E-02  1.3721122E-02  7.5932336E-03  5.1452145E-03  3.8523101E-03
  3.0503301E-03  2.4991748E-03  2.0932341E-03
  4.5470294E-02  1.6435644E-02  9.1336630E-03  6.2384484E-03  4.7186469E-03
  3.7780525E-03  3.1311880E-03  2.6526402E-03
  5.4356437E-02  2.0066006E-02  1.1245875E-02  7.7541252E-03  5.9348186E-03
  4.8127063E-03  4.0396038E-03  3.4628711E-03
  6.6518150E-02  2.5024753E-02  1.4174918E-02  9.9009899E-03  7.6897689E-03
  6.3308580E-03  5.3935642E-03  0.0000000E+00
  8.3498344E-02  3.1963695E-02  1.8374586E-02  1.3052804E-02  1.0321782E-02
  8.6633656E-03  7.5148516E-03  0.0000000E+00
  0.1079208      4.2029701E-02  2.4628714E-02  1.7887790E-02  1.4488448E-02
  1.2458745E-02  1.1056106E-02  0.0000000E+00
  0.1442244      5.7285480E-02  3.4438942E-02  2.5767326E-02  2.1559404E-02
  1.9158415E-02  1.7466996E-02  0.0000000E+00
  0.2008251      8.1798680E-02  5.0924089E-02  3.9744221E-02  3.4826733E-02
  3.2343235E-02  2.9752474E-02
  0.2948020      0.1244224      8.1509896E-02  6.7755774E-02  6.3605607E-02
  6.1485145E-02
  0.4652640      0.2071782      0.1471947      0.1356436      0.1391089    
  0.8160891      0.3985973      0.3273102      0.3556106    
   1.699670       1.000000       1.089109    
   4.961221       4.591584    
   37.13696    
  1.0000000E+10
  5.2100692E-02  1.8298611E-02  1.0040509E-02  6.3946755E-03  4.4178241E-03
  3.2222220E-03  2.4432871E-03  1.9074073E-03
  5.7146989E-02  1.9739581E-02  1.1064814E-02  7.2627310E-03  5.1603005E-03
  3.8524303E-03  2.9774306E-03  2.3605323E-03
  6.5046288E-02  2.2517359E-02  1.2737268E-02  8.5474532E-03  6.2210644E-03
  4.7459491E-03  3.7361111E-03  3.0063656E-03
  7.6273143E-02  2.7008099E-02  1.5358796E-02  1.0480324E-02  7.7835643E-03
  6.0590277E-03  4.8547452E-03  0.0000000E+00
  9.2245363E-02  3.3807870E-02  1.9380787E-02  1.3437499E-02  1.0173610E-02
  8.0729164E-03  6.5740738E-03  0.0000000E+00
  0.1157407      4.3998837E-02  2.5572915E-02  1.8061342E-02  1.3964119E-02
  1.1307869E-02  9.3634250E-03  0.0000000E+00
  0.1516782      5.9664350E-02  3.5399303E-02  2.5624998E-02  2.0324072E-02
  1.6840277E-02  1.4143517E-02  0.0000000E+00
  0.2089699      8.4953696E-02  5.1944442E-02  3.8894676E-02  3.1909723E-02
  2.7135415E-02  2.2459490E-02
  0.3053819      0.1288194      8.2349539E-02  6.4756937E-02  5.5613425E-02
  4.7650460E-02
  0.4812500      0.2138310      0.1464120      0.1241319      0.1113426    
  0.8443286      0.4081597      0.3138310      0.2956597    
   1.757523       1.000000      0.9456018    
   5.084490       4.180555    
   36.34838    
