   100.0000    
  3.5811167E-02  1.2996301E-02  7.0459750E-03  4.7630793E-03  3.6269154E-03
  2.9734015E-03  2.5629734E-03  2.2969879E-03
  4.3068524E-02  1.5728377E-02  8.6031351E-03  5.8745821E-03  4.5252778E-03
  3.7555045E-03  3.2869473E-03  2.9963010E-03
  5.2580591E-02  1.9341202E-02  1.0690506E-02  7.3912279E-03  5.7724151E-03
  4.8687686E-03  4.3403204E-03  4.0479125E-03
  6.5280959E-02  2.4220539E-02  1.3567025E-02  9.5226346E-03  7.5673773E-03
  6.5175267E-03  5.9626568E-03  0.0000000E+00
  8.2737356E-02  3.1019906E-02  1.7667783E-02  1.2640480E-02  1.0280077E-02
  9.1086840E-03  8.6436495E-03  0.0000000E+00
  0.1074687      4.0866654E-02  2.3744935E-02  1.7431742E-02  1.4632729E-02
  1.3512419E-02  1.3563503E-02  0.0000000E+00
  0.1439845      5.5768896E-02  3.3292230E-02  2.5312666E-02  2.2247666E-02
  2.1930598E-02  2.4185307E-02  0.0000000E+00
  0.2006341      7.9672359E-02  4.9392287E-02  3.9527919E-02  3.7466973E-02
  4.1342258E-02  5.2932885E-02
  0.2943456      0.1211908      7.9460986E-02  6.9261931E-02  7.5215779E-02
  0.1017439    
  0.4638013      0.2018672      0.1454994      0.1492690      0.2129646    
  0.8113440      0.3896424      0.3396160      0.5023780    
   1.683812       1.000000       1.419059    
   4.919852       5.536375    
   41.85309    
   1000.000    
  3.5770647E-02  1.2993162E-02  7.0471684E-03  4.7659129E-03  3.6296686E-03
  2.9756268E-03  2.5653166E-03  2.2987900E-03
  4.3029986E-02  1.5723305E-02  8.6059971E-03  5.8793621E-03  4.5274417E-03
  3.7594251E-03  3.2877435E-03  2.9966687E-03
  5.2533757E-02  1.9323165E-02  1.0692619E-02  7.3961071E-03  5.7759075E-03
  4.8728739E-03  4.3433281E-03  4.0487465E-03
  6.5228827E-02  2.4215324E-02  1.3570052E-02  9.5283184E-03  7.5732074E-03
  6.5228827E-03  5.9652817E-03  0.0000000E+00
  8.2658254E-02  3.1018764E-02  1.7674908E-02  1.2647730E-02  1.0287568E-02
  9.1145020E-03  8.6428197E-03  0.0000000E+00
  0.1073821      4.0855691E-02  2.3759427E-02  1.7443450E-02  1.4643170E-02
  1.3517447E-02  1.3550763E-02  0.0000000E+00
  0.1438541      5.5760127E-02  3.3315800E-02  2.5320007E-02  2.2268983E-02
  2.1918289E-02  2.4092585E-02  0.0000000E+00
  0.2004208      7.9659835E-02  4.9412590E-02  3.9558128E-02  3.7471507E-02
  4.1258987E-02  5.2218135E-02
  0.2940558      0.1211818      7.9502024E-02  6.9296867E-02  7.5135894E-02
  0.1005962    
  0.4634403      0.2019989      0.1455550      0.1492197      0.2111170    
  0.8108014      0.3896195      0.3396458      0.4986849    
   1.682799       1.000000       1.411187    
   4.918464       5.514642    
   41.73242    
   10000.00    
  3.5741579E-02  1.2995832E-02  7.0527960E-03  4.7690170E-03  3.6332060E-03
  2.9767281E-03  2.5651266E-03  2.2959362E-03
  4.3001041E-02  1.5727684E-02  8.6106285E-03  5.8839871E-03  4.5328238E-03
  3.7617229E-03  3.2875997E-03  2.9923585E-03
  5.2483499E-02  1.9329628E-02  1.0699896E-02  7.4036121E-03  5.7815216E-03
  4.8749568E-03  4.3417853E-03  4.0395972E-03
  6.5178886E-02  2.4209796E-02  1.3579368E-02  9.5380340E-03  7.5807576E-03
  6.5248352E-03  5.9586661E-03  0.0000000E+00
  8.2598127E-02  3.1017715E-02  1.7679749E-02  1.2660646E-02  1.0295242E-02
  9.1142757E-03  8.6262589E-03  0.0000000E+00
  0.1072942      4.0864881E-02  2.3775615E-02  1.7453978E-02  1.4650919E-02
  1.3509899E-02  1.3494269E-02  0.0000000E+00
  0.1437652      5.5765890E-02  3.3327546E-02  2.5338659E-02  2.2264676E-02
  2.1882599E-02  2.3862453E-02  0.0000000E+00
  0.2002431      7.9680443E-02  4.9444251E-02  3.9597083E-02  3.7443556E-02
  4.0969089E-02  5.0659951E-02
  0.2940257      0.1212226      7.9558872E-02  6.9312260E-02  7.4817643E-02
  9.8072253E-02
  0.4631816      0.2019798      0.1456409      0.1489059      0.2066690    
  0.8105245      0.3897187      0.3395276      0.4902744    
   1.682355       1.000000       1.393018    
   4.918375       5.461966    
   41.43800    
   100000.0    
  3.5721596E-02  1.3007507E-02  7.0624361E-03  4.7782329E-03  3.6386899E-03
  2.9802115E-03  2.5639713E-03  2.2893210E-03
  4.2971682E-02  1.5740361E-02  8.6233374E-03  5.8938931E-03  4.5394064E-03
  3.7632207E-03  3.2838623E-03  2.9785058E-03
  5.2456502E-02  1.9344933E-02  1.0716479E-02  7.4155577E-03  5.7898327E-03
  4.8754695E-03  4.3329922E-03  4.0156944E-03
  6.5131359E-02  2.4240876E-02  1.3597748E-02  9.5530543E-03  7.5895600E-03
  6.5233712E-03  5.9399526E-03  0.0000000E+00
  8.2531564E-02  3.1047424E-02  1.7707268E-02  1.2679973E-02  1.0305357E-02
  9.1061071E-03  8.5806893E-03  0.0000000E+00
  0.1072160      4.0907543E-02  2.3814397E-02  1.7485501E-02  1.4658820E-02
  1.3476630E-02  1.3367452E-02  0.0000000E+00
  0.1436540      5.5817127E-02  3.3384509E-02  2.5383826E-02  2.2262027E-02
  2.1750256E-02  2.3387924E-02  0.0000000E+00
  0.2002729      7.9750940E-02  4.9522348E-02  3.9628115E-02  3.7359264E-02
  4.0395770E-02  4.8277039E-02
  0.2937564      0.1213238      7.9665646E-02  6.9293760E-02  7.4138522E-02
  9.4080515E-02
  0.4629819      0.2021494      0.1457694      0.1482088      0.1995906    
  0.8103036      0.3901399      0.3389628      0.4767998    
   1.682361       1.000000       1.363187    
   4.918117       5.377005    
   40.99284    
   1000000.    
  3.5713106E-02  1.3040820E-02  7.0880847E-03  4.7959015E-03  3.6489838E-03
  2.9829780E-03  2.5582549E-03  2.2706990E-03
  4.2968106E-02  1.5777558E-02  8.6531155E-03  5.9147249E-03  4.5513138E-03
  3.7646671E-03  3.2721865E-03  2.9499256E-03
  5.2437615E-02  1.9401751E-02  1.0751942E-02  7.4400925E-03  5.8023473E-03
  4.8752273E-03  4.3100314E-03  3.9629815E-03
  6.5113202E-02  2.4293507E-02  1.3642373E-02  9.5835403E-03  7.6037021E-03
  6.5146256E-03  5.8948933E-03  0.0000000E+00
  8.2515292E-02  3.1118823E-02  1.7765660E-02  1.2718559E-02  1.0317303E-02
  9.0778386E-03  8.4812427E-03  0.0000000E+00
  0.1072054      4.0984962E-02  2.3880351E-02  1.7534293E-02  1.4663693E-02
  1.3397785E-02  1.3111883E-02  0.0000000E+00
  0.1436457      5.5941168E-02  3.3482071E-02  2.5433812E-02  2.2227731E-02
  2.1500578E-02  2.2558255E-02  0.0000000E+00
  0.2001322      7.9920679E-02  4.9661212E-02  3.9679393E-02  3.7150886E-02
  3.9365396E-02  4.4901673E-02
  0.2938357      0.1215997      7.9871096E-02  6.9228232E-02  7.2897047E-02
  8.8365562E-02
  0.4632292      0.2026111      0.1460089      0.1468187      0.1893902    
  0.8107751      0.3910098      0.3377954      0.4569493    
   1.684019       1.000000       1.318790    
   4.921501       5.250372    
   40.30739    
  1.0000000E+07
  3.5800345E-02  1.3116883E-02  7.1381629E-03  4.8271003E-03  3.6645283E-03
  2.9807542E-03  2.5379439E-03  2.2296980E-03
  4.3044906E-02  1.5866062E-02  8.7122517E-03  5.9521203E-03  4.5673600E-03
  3.7584102E-03  3.2404945E-03  2.8837426E-03
  5.2526992E-02  1.9496165E-02  1.0821468E-02  7.4823969E-03  5.8175558E-03
  4.8583942E-03  4.2544203E-03  3.8522922E-03
  6.5201059E-02  2.4409326E-02  1.3728680E-02  9.6354242E-03  7.6169609E-03
  6.4794240E-03  5.7925205E-03  0.0000000E+00
  8.2631826E-02  3.1278361E-02  1.7868878E-02  1.2778907E-02  1.0322328E-02
  9.0001561E-03  8.2741352E-03  0.0000000E+00
  0.1073541      4.1198559E-02  2.4018150E-02  1.7602878E-02  1.4639337E-02
  1.3210765E-02  1.2633391E-02  0.0000000E+00
  0.1438586      5.6219686E-02  3.3672351E-02  2.5520263E-02  2.2109214E-02
  2.0982631E-02  2.1217337E-02  0.0000000E+00
  0.2005946      8.0331713E-02  4.9929589E-02  3.9712094E-02  3.6676574E-02
  3.7599750E-02  4.0275387E-02
  0.2943201      0.1222031      8.0222189E-02  6.8956338E-02  7.0661865E-02
  8.0347367E-02
  0.4640901      0.2037240      0.1462995      0.1442184      0.1747770    
  0.8127053      0.3927398      0.3353153      0.4277891    
   1.688312       1.000000       1.253481    
   4.933500       5.063370    
   39.33657    
  1.0000000E+08
  3.6311734E-02  1.3298601E-02  7.2480724E-03  4.8915213E-03  3.6896945E-03
  2.9703111E-03  2.4907221E-03  2.1453041E-03
  4.3505568E-02  1.6071938E-02  8.8338563E-03  6.0191262E-03  4.5874962E-03
  3.7325148E-03  3.1644306E-03  2.7547816E-03
  5.2968882E-02  1.9740222E-02  1.0962033E-02  7.5563802E-03  5.8307163E-03
  4.8073079E-03  4.1307448E-03  3.6454468E-03
  6.5672278E-02  2.4707394E-02  1.3895233E-02  9.7173844E-03  7.6149013E-03
  6.3816728E-03  5.5795028E-03  0.0000000E+00
  8.3143018E-02  3.1630032E-02  1.8070225E-02  1.2870396E-02  1.0288324E-02
  8.8110184E-03  7.8803878E-03  0.0000000E+00
  0.1079931      4.1650012E-02  2.4279188E-02  1.7699115E-02  1.4530402E-02
  1.2814729E-02  1.1812732E-02  0.0000000E+00
  0.1447331      5.6822725E-02  3.4013703E-02  2.5592349E-02  2.1795603E-02
  2.0039964E-02  1.9212104E-02  0.0000000E+00
  0.2016843      8.1187554E-02  5.0371107E-02  3.9666001E-02  3.5697974E-02
  3.4813017E-02  3.4356266E-02
  0.2961747      0.1234941      8.0787897E-02  6.8255782E-02  6.6928342E-02
  6.9825865E-02
  0.4673137      0.2056808      0.1465886      0.1396089      0.1550100    
  0.8187268      0.3959463      0.3308592      0.3879532    
   1.701399       1.000000       1.162575    
   4.962889       4.803026    
   38.02455    
  1.0000000E+09
  3.9339632E-02  1.3845587E-02  7.5966613E-03  5.1024915E-03  3.7891250E-03
  2.9753284E-03  2.4180680E-03  2.0105559E-03
  4.6115134E-02  1.6607340E-02  9.1567440E-03  6.1998279E-03  4.6483371E-03
  3.6897017E-03  3.0317910E-03  2.5457223E-03
  5.5210508E-02  2.0289676E-02  1.1281454E-02  7.7144960E-03  5.8512338E-03
  4.7011171E-03  3.9081872E-03  3.3190132E-03
  6.7669079E-02  2.5334479E-02  1.4238370E-02  9.8576164E-03  7.5807045E-03
  6.1789616E-03  5.2092792E-03  0.0000000E+00
  8.5061982E-02  3.2367744E-02  1.8460784E-02  1.2986375E-02  1.0166933E-02
  8.4350072E-03  7.2321100E-03  0.0000000E+00
  0.1100037      4.2580090E-02  2.4733031E-02  1.7785689E-02  1.4238370E-02
  1.2087885E-02  1.0584264E-02  0.0000000E+00
  0.1470480      5.8045905E-02  3.4564871E-02  2.5579968E-02  2.1112066E-02
  1.8485332E-02  1.6570518E-02  0.0000000E+00
  0.2048607      8.2864866E-02  5.1049467E-02  3.9327357E-02  3.3926599E-02
  3.0919356E-02  2.7789371E-02
  0.3008469      0.1259359      8.1514671E-02  6.6687122E-02  6.1335459E-02
  5.7751320E-02
  0.4747760      0.2094022      0.1465570      0.1321959      0.1315822    
  0.8323309      0.4017430      0.3226955      0.3391432    
   1.730698       1.000000       1.048484    
   5.025163       4.476495    
   36.62698    
  1.0000000E+10
  5.2785780E-02  1.8107587E-02  9.7982707E-03  6.2026894E-03  4.2708931E-03
  3.1066281E-03  2.3496635E-03  1.8299712E-03
  5.7953887E-02  1.9721420E-02  1.0902978E-02  7.1008643E-03  5.0192121E-03
  3.7329488E-03  2.8751199E-03  2.2708932E-03
  6.5994240E-02  2.2632083E-02  1.2651296E-02  8.4130643E-03  6.0826126E-03
  4.6157539E-03  3.6167146E-03  2.8972141E-03
  7.7406339E-02  2.7243035E-02  1.5321806E-02  1.0365034E-02  7.6416908E-03
  5.9097018E-03  4.7050910E-03  0.0000000E+00
  9.3688756E-02  3.4149855E-02  1.9385207E-02  1.3323727E-02  1.0009605E-02
  7.8789620E-03  6.3717575E-03  0.0000000E+00
  0.1176753      4.4486072E-02  2.5609989E-02  1.7925071E-02  1.3736791E-02
  1.1027858E-02  9.0509122E-03  0.0000000E+00
  0.1543708      6.0326606E-02  3.5456292E-02  2.5417866E-02  1.9961575E-02
  1.6378481E-02  1.3602304E-02  0.0000000E+00
  0.2128722      8.5859746E-02  5.1978868E-02  3.8501438E-02  3.1229585E-02
  2.6243996E-02  2.1412103E-02
  0.3110471      0.1301633      8.2276650E-02  6.3909695E-02  5.4101821E-02
  4.5609988E-02
  0.4902017      0.2157541      0.1457253      0.1216138      0.1071085    
  0.8594621      0.4106628      0.3103746      0.2858790    
   1.786744       1.000000      0.9207492    
   5.144092       4.111431    
   36.02305    
