   100.0000    
  3.6191467E-02  1.3121748E-02  7.0905304E-03  4.7679502E-03  3.6066598E-03
  2.9302810E-03  2.5015608E-03  2.2122790E-03
  4.3579604E-02  1.5891779E-02  8.6618112E-03  5.8834548E-03  4.4973986E-03
  3.6982307E-03  3.1987512E-03  2.8740896E-03
  5.3257022E-02  1.9552549E-02  1.0767950E-02  7.4006245E-03  5.7336111E-03
  4.7845994E-03  4.2101978E-03  3.8626431E-03
  6.6181056E-02  2.4495319E-02  1.3669094E-02  9.5338188E-03  7.5088451E-03
  6.3912589E-03  5.7565034E-03  0.0000000E+00
  8.3933398E-02  3.1404786E-02  1.7800208E-02  1.2647242E-02  1.0181061E-02
  8.8969823E-03  8.2830386E-03  0.0000000E+00
  0.1091155      4.1394379E-02  2.3933403E-02  1.7421436E-02  1.4447450E-02
  1.3115505E-02  1.2840791E-02  0.0000000E+00
  0.1462851      5.6503639E-02  3.3527575E-02  2.5244538E-02  2.1873049E-02
  2.1061394E-02  2.2372529E-02  0.0000000E+00
  0.2039334      8.0728412E-02  4.9698230E-02  3.9292406E-02  3.6462016E-02
  3.8834546E-02  4.6763785E-02
  0.2992716      0.1227680      7.9771072E-02  6.8345472E-02  7.1737774E-02
  9.0988554E-02
  0.4718002      0.2043496      0.1453278      0.1447034      0.1930697    
  0.8251821      0.3931322      0.3346514      0.4620187    
   1.710718       1.000000       1.326743    
   4.976067       5.273673    
   40.56192    
   1000.000    
  3.6175068E-02  1.3119685E-02  7.0918901E-03  4.7707949E-03  3.6092098E-03
  2.9330016E-03  2.5015557E-03  2.2132338E-03
  4.3559428E-02  1.5890894E-02  8.6641777E-03  5.8867456E-03  4.5011407E-03
  3.7004773E-03  3.1985068E-03  2.8749222E-03
  5.3225473E-02  1.9549886E-02  1.0771625E-02  7.4051027E-03  5.7373988E-03
  4.7873887E-03  4.2128190E-03  3.8622695E-03
  6.6148102E-02  2.4496993E-02  1.3673512E-02  9.5395148E-03  7.5129643E-03
  6.3928650E-03  5.7560676E-03  0.0000000E+00
  8.3883017E-02  3.1404275E-02  1.7805435E-02  1.2652976E-02  1.0186683E-02
  8.8985693E-03  8.2804393E-03  0.0000000E+00
  0.1090438      4.1402198E-02  2.3936944E-02  1.7432069E-02  1.4455508E-02
  1.3117611E-02  1.2827215E-02  0.0000000E+00
  0.1461937      5.6502804E-02  3.3540759E-02  2.5264468E-02  2.1883428E-02
  2.1053724E-02  2.2298278E-02  0.0000000E+00
  0.2038166      8.0730140E-02  4.9719974E-02  3.9307196E-02  3.6465466E-02
  3.8747150E-02  4.6235222E-02
  0.2991081      0.1227754      7.9796724E-02  6.8367563E-02  7.1665630E-02
  9.0126537E-02
  0.4714790      0.2043559      0.1453848      0.1446380      0.1915785    
  0.8247252      0.3932794      0.3345779      0.4592409    
   1.710226       1.000000       1.320680    
   4.976146       5.256171    
   40.46878    
   10000.00    
  3.6161449E-02  1.3123970E-02  7.0963758E-03  4.7734762E-03  3.6099670E-03
  2.9324547E-03  2.4999999E-03  2.2096375E-03
  4.3533772E-02  1.5893739E-02  8.6696865E-03  5.8916803E-03  4.5037065E-03
  3.7005767E-03  3.1981054E-03  2.8686160E-03
  5.3191930E-02  1.9553129E-02  1.0778418E-02  7.4114497E-03  5.7392917E-03
  4.7878912E-03  4.2092255E-03  3.8509059E-03
  6.6103786E-02  2.4505766E-02  1.3682043E-02  9.5448932E-03  7.5164740E-03
  6.3941511E-03  5.7495884E-03  0.0000000E+00
  8.3834432E-02  3.1425040E-02  1.7815074E-02  1.2662685E-02  1.0189456E-02
  8.8962102E-03  8.2619432E-03  0.0000000E+00
  0.1089992      4.1412685E-02  2.3949752E-02  1.7442340E-02  1.4458402E-02
  1.3103378E-02  1.2773887E-02  0.0000000E+00
  0.1461285      5.6507412E-02  3.3566721E-02  2.5267711E-02  2.1869851E-02
  2.0984350E-02  2.2096375E-02  0.0000000E+00
  0.2037273      8.0745466E-02  4.9732290E-02  3.9332785E-02  3.6429159E-02
  3.8509060E-02  4.5037065E-02
  0.2990115      0.1227965      7.9839371E-02  6.8348438E-02  7.1375616E-02
  8.8158980E-02
  0.4713756      0.2044069      0.1454489      0.1443369      0.1881384    
  0.8245469      0.3933278      0.3344316      0.4526359    
   1.709844       1.000000       1.306425    
   4.975288       5.214168    
   40.23888    
   100000.0    
  3.6151186E-02  1.3137573E-02  7.1062786E-03  4.7815479E-03  3.6151188E-03
  2.9343630E-03  2.4974598E-03  2.2028042E-03
  4.3527737E-02  1.5911398E-02  8.6831944E-03  5.9012393E-03  4.5092460E-03
  3.7024994E-03  3.1924406E-03  2.8571428E-03
  5.3180248E-02  1.9573258E-02  1.0794554E-02  7.4212556E-03  5.7467995E-03
  4.7876444E-03  4.1983337E-03  3.8284902E-03
  6.6084124E-02  2.4527535E-02  1.3700467E-02  9.5590325E-03  7.5248927E-03
  6.3889450E-03  5.7305424E-03  0.0000000E+00
  8.3804101E-02  3.1457022E-02  1.7841902E-02  1.2680349E-02  1.0197114E-02
  8.8843731E-03  8.2198735E-03  0.0000000E+00
  0.1089616      4.1434668E-02  2.3978865E-02  1.7463930E-02  1.4462506E-02
  1.3070513E-02  1.2660027E-02  0.0000000E+00
  0.1460882      5.6573864E-02  3.3611052E-02  2.5299735E-02  2.1865472E-02
  2.0890063E-02  2.1702904E-02  0.0000000E+00
  0.2036171      8.0837227E-02  4.9806949E-02  3.9361916E-02  3.6334075E-02
  3.8020726E-02  4.3182280E-02
  0.2989230      0.1229222      7.9943098E-02  6.8319440E-02  7.0798621E-02
  8.5064009E-02
  0.4712456      0.2046332      0.1455598      0.1437106      0.1826458    
  0.8246291      0.3938224      0.3338752      0.4419833    
   1.710221       1.000000       1.282869    
   4.976631       5.147327    
   39.86995    
   1000000.    
  3.6150794E-02  1.3172619E-02  7.1309530E-03  4.7976193E-03  3.6230159E-03
  2.9345239E-03  2.4900795E-03  2.1845237E-03
  4.3531749E-02  1.5950397E-02  8.7103173E-03  5.9186509E-03  4.5178575E-03
  3.7003967E-03  3.1805555E-03  2.8273810E-03
  5.3194445E-02  1.9621033E-02  1.0827382E-02  7.4424609E-03  5.7559530E-03
  4.7837300E-03  4.1765873E-03  3.7817461E-03
  6.6091269E-02  2.4583334E-02  1.3742064E-02  9.5853182E-03  7.5337309E-03
  6.3769845E-03  5.6865080E-03  0.0000000E+00
  8.3829366E-02  3.1507939E-02  1.7892858E-02  1.2710318E-02  1.0204365E-02
  8.8551594E-03  8.1289690E-03  0.0000000E+00
  0.1089881      4.1527782E-02  2.4047621E-02  1.7501986E-02  1.4458334E-02
  1.2992064E-02  1.2436508E-02  0.0000000E+00
  0.1461309      5.6686509E-02  3.3710320E-02  2.5337303E-02  2.1805556E-02
  2.0654764E-02  2.1011906E-02  0.0000000E+00
  0.2037699      8.1011914E-02  4.9940478E-02  3.9384920E-02  3.6130954E-02
  3.7142862E-02  4.0515877E-02
  0.2992064      0.1231944      8.0119051E-02  6.8234131E-02  6.9722228E-02
  8.0476195E-02
  0.4716270      0.2051587      0.1457341      0.1424802      0.1744048    
  0.8251984      0.3946429      0.3327381      0.4259921    
   1.712103       1.000000       1.246825    
   4.980159       5.043651    
   39.32540    
  1.0000000E+07
  3.6245957E-02  1.3247670E-02  7.1768519E-03  4.8239101E-03  3.6360179E-03
  2.9316582E-03  2.4709692E-03  2.1454408E-03
  4.3632213E-02  1.6038455E-02  8.7645156E-03  5.9489822E-03  4.5288410E-03
  3.6912241E-03  3.1467734E-03  2.7679424E-03
  5.3283840E-02  1.9722065E-02  1.0890920E-02  7.4795354E-03  5.7662292E-03
  4.7648964E-03  4.1214544E-03  3.6817058E-03
  6.6209786E-02  2.4709690E-02  1.3820674E-02  9.6287839E-03  7.5404532E-03
  6.3392348E-03  5.5910908E-03  0.0000000E+00
  8.3971068E-02  3.1677138E-02  1.7991625E-02  1.2762232E-02  1.0199887E-02
  8.7759383E-03  7.9402244E-03  0.0000000E+00
  0.1091567      4.1747574E-02  2.4176663E-02  1.7561395E-02  1.4426042E-02
  1.2815535E-02  1.2015991E-02  0.0000000E+00
  0.1463735      5.6976970E-02  3.3866365E-02  2.5395015E-02  2.1701885E-02
  2.0178946E-02  1.9893395E-02  0.0000000E+00
  0.2040739      8.1401110E-02  5.0161816E-02  3.9406057E-02  3.5693891E-02
  3.5617743E-02  3.6759950E-02
  0.2998287      0.1237769      8.0430232E-02  6.7961171E-02  6.7770801E-02
  7.3938705E-02
  0.4726823      0.2059775      0.1459547      0.1401866      0.1623644    
  0.8273368      0.3961546      0.3306682      0.4020560    
   1.717305       1.000000       1.192652    
   4.991434       4.890539    
   38.53036    
  1.0000000E+08
  3.6741212E-02  1.3418531E-02  7.2772452E-03  4.8793042E-03  3.6545969E-03
  2.9162227E-03  2.4245651E-03  2.0678027E-03
  4.4071704E-02  1.6230032E-02  8.8746892E-03  6.0063894E-03  4.5420662E-03
  3.6616968E-03  3.0741922E-03  2.6499822E-03
  5.3709619E-02  1.9950302E-02  1.1018815E-02  7.5417110E-03  5.7703229E-03
  4.7106850E-03  4.0060347E-03  3.4948525E-03
  6.6648915E-02  2.4991125E-02  1.3970536E-02  9.6947104E-03  7.5292867E-03
  6.2442315E-03  5.3940360E-03  0.0000000E+00
  8.4469289E-02  3.2002129E-02  1.8175364E-02  1.2834575E-02  1.0157970E-02
  8.5960245E-03  7.5825346E-03  0.0000000E+00
  0.1097799      4.2172521E-02  2.4405396E-02  1.7632233E-02  1.4309549E-02
  1.2445864E-02  1.1288605E-02  0.0000000E+00
  0.1471778      5.7543483E-02  3.4167554E-02  2.5434861E-02  2.1388002E-02
  1.9329073E-02  1.8157614E-02  0.0000000E+00
  0.2051828      8.2197368E-02  5.0550226E-02  3.9314874E-02  3.4788780E-02
  3.3191338E-02  3.1842384E-02
  0.3015620      0.1249556      8.0901667E-02  6.7270145E-02  6.4465739E-02
  6.5140218E-02
  0.4756834      0.2078452      0.1461306      0.1360135      0.1457402    
  0.8329783      0.3990060      0.3264111      0.3681221    
   1.729677       1.000000       1.115193    
   5.019524       4.668087    
   37.41569    
  1.0000000E+09
  3.9705649E-02  1.3938914E-02  7.5977212E-03  5.0672577E-03  3.7363507E-03
  2.9134357E-03  2.3516379E-03  1.9417629E-03
  4.6605479E-02  1.6743155E-02  9.1739194E-03  6.1671152E-03  4.5909164E-03
  3.6160783E-03  2.9498339E-03  2.4576674E-03
  5.5894922E-02  2.0477924E-02  1.1313499E-02  7.6800128E-03  5.7809777E-03
  4.6067415E-03  3.7996517E-03  3.1982907E-03
  6.8586804E-02  2.5573667E-02  1.4282323E-02  9.8180091E-03  7.4885264E-03
  6.0500074E-03  5.0530145E-03  0.0000000E+00
  8.6311124E-02  3.2710873E-02  1.8515589E-02  1.2937174E-02  1.0033233E-02
  8.2433932E-03  6.9963606E-03  0.0000000E+00
  0.1117265      4.3044787E-02  2.4829878E-02  1.7692674E-02  1.4029119E-02
  1.1778762E-02  1.0189903E-02  0.0000000E+00
  0.1494857      5.8680169E-02  3.4673207E-02  2.5415413E-02  2.0746954E-02
  1.7930051E-02  1.5841115E-02  0.0000000E+00
  0.2082608      8.3779082E-02  5.1163159E-02  3.8977686E-02  3.3153981E-02
  2.9735716E-02  2.6206678E-02
  0.3059028      0.1272511      8.1531890E-02  6.5801553E-02  5.9455607E-02
  5.4723848E-02
  0.4828295      0.2114259      0.1460358      0.1292451      0.1254312    
  0.8461782      0.4043361      0.3190378      0.3255262    
   1.756607       1.000000       1.015509    
   5.078335       4.382022    
   36.20826    
  1.0000000E+10
  5.3130332E-02  1.7928863E-02  9.6088722E-03  6.0519753E-03  4.1554011E-03
  3.0148316E-03  2.2745768E-03  1.7679486E-03
  5.8445990E-02  1.9674499E-02  1.0771754E-02  6.9720438E-03  4.9074683E-03
  3.6356479E-03  2.7903926E-03  2.1971387E-03
  6.6609792E-02  2.2706393E-02  1.2567266E-02  8.3029270E-03  5.9706001E-03
  4.5097782E-03  3.5175220E-03  2.8048300E-03
  7.8199245E-02  2.7405171E-02  1.5290720E-02  1.0265127E-02  7.5206724E-03
  5.7829111E-03  4.5793410E-03  0.0000000E+00
  9.4763100E-02  3.4413964E-02  1.9385748E-02  1.3216958E-02  9.8608742E-03
  7.7122985E-03  6.1963513E-03  0.0000000E+00
  0.1191889      4.4861529E-02  2.5633285E-02  1.7797612E-02  1.3531961E-02
  1.0782256E-02  8.7833051E-03  0.0000000E+00
  0.1565822      6.0847878E-02  3.5490222E-02  2.5226407E-02  1.9648248E-02
  1.5973225E-02  1.3151333E-02  0.0000000E+00
  0.2159076      8.6612418E-02  5.2001577E-02  3.8167741E-02  3.0647067E-02
  2.5475785E-02  2.0527629E-02
  0.3157895      0.1312377      8.2189262E-02  6.3144773E-02  5.2802205E-02
  4.3864027E-02
  0.4975719      0.2173514      0.1451634      0.1195039      0.1034125    
  0.8718992      0.4127839      0.3073894      0.2775955    
   1.809949       1.000000      0.8997244    
   5.192283       4.051713    
   35.73960    
