   100.0000    
  3.6553528E-02  1.3230477E-02  7.1255639E-03  4.7685737E-03  3.5841444E-03
  2.8886779E-03  2.4424403E-03  2.1388561E-03
  4.4030383E-02  1.6033705E-02  8.7111322E-03  5.8865417E-03  4.4694990E-03
  3.6434846E-03  3.1189176E-03  2.7699978E-03
  5.3857110E-02  1.9738903E-02  1.0833136E-02  7.4056489E-03  5.6919064E-03
  4.7068601E-03  4.0944694E-03  3.7051984E-03
  6.6983148E-02  2.4756707E-02  1.3755044E-02  9.5347734E-03  7.4483743E-03
  6.2734396E-03  5.5755996E-03  0.0000000E+00
  8.4998816E-02  3.1758845E-02  1.7913600E-02  1.2641823E-02  1.0083076E-02
  8.7040123E-03  7.9753147E-03  0.0000000E+00
  0.1105863      4.1870400E-02  2.4092097E-02  1.7398529E-02  1.4274864E-02
  1.2765251E-02  1.2243058E-02  0.0000000E+00
  0.1483503      5.7156421E-02  3.3728939E-02  2.5160218E-02  2.1507239E-02
  2.0306196E-02  2.0954190E-02  0.0000000E+00
  0.2069072      8.1675768E-02  4.9940661E-02  3.9045811E-02  3.5580348E-02
  3.6814623E-02  4.2273916E-02
  0.3038215      0.1241396      8.0014244E-02  6.7481607E-02  6.8905771E-02
  8.3076194E-02
  0.4787562      0.2064562      0.1451222      0.1408735      0.1782103    
  0.8374081      0.3963921      0.3301685      0.4317589    
   1.734868       1.000000       1.256824    
   5.027297       5.072395    
   39.59174    
   1000.000    
  3.6529355E-02  1.3229166E-02  7.1283146E-03  4.7727269E-03  3.5866476E-03
  2.8906250E-03  2.4431818E-03  2.1387308E-03
  4.4010416E-02  1.6034566E-02  8.7121204E-03  5.8877841E-03  4.4720643E-03
  3.6458331E-03  3.1202652E-03  2.7698865E-03
  5.3835224E-02  1.9739583E-02  1.0835701E-02  7.4076704E-03  5.6960224E-03
  4.7088065E-03  4.0956438E-03  3.7026515E-03
  6.6950761E-02  2.4763256E-02  1.3759470E-02  9.5407199E-03  7.4526514E-03
  6.2760417E-03  5.5752844E-03  0.0000000E+00
  8.4966853E-02  3.1747159E-02  1.7919034E-02  1.2646780E-02  1.0087594E-02
  8.7050190E-03  7.9734847E-03  0.0000000E+00
  0.1105350      4.1856058E-02  2.4100378E-02  1.7405303E-02  1.4280303E-02
  1.2765151E-02  1.2227747E-02  0.0000000E+00
  0.1482718      5.7149623E-02  3.3735797E-02  2.5165720E-02  2.1512784E-02
  2.0295929E-02  2.0890152E-02  0.0000000E+00
  0.2068182      8.1676133E-02  4.9952652E-02  3.9062496E-02  3.5582386E-02
  3.6742426E-02  4.1856058E-02
  0.3037405      0.1241477      8.0018945E-02  6.7518942E-02  6.8821028E-02
  8.2386360E-02
  0.4786932      0.2064631      0.1451705      0.1407907      0.1770360    
  0.8371212      0.3963068      0.3302557      0.4294508    
   1.734612       1.000000       1.251894    
   5.026042       5.059186    
   39.51231    
   10000.00    
  3.6511298E-02  1.3234463E-02  7.1327682E-03  4.7740112E-03  3.5875705E-03
  2.8907720E-03  2.4435029E-03  2.1353578E-03
  4.3997176E-02  1.6040489E-02  8.7170424E-03  5.8921846E-03  4.4726930E-03
  3.6464217E-03  3.1167606E-03  2.7636534E-03
  5.3813558E-02  1.9745762E-02  1.0842749E-02  7.4129002E-03  5.6991521E-03
  4.7104517E-03  4.0913369E-03  3.6935026E-03
  6.6925615E-02  2.4764594E-02  1.3766478E-02  9.5456680E-03  7.4552731E-03
  6.2735402E-03  5.5673257E-03  0.0000000E+00
  8.4934086E-02  3.1756118E-02  1.7928436E-02  1.2655367E-02  1.0089453E-02
  8.7005645E-03  7.9543311E-03  0.0000000E+00
  0.1104991      4.1878529E-02  2.4105461E-02  1.7415253E-02  1.4282014E-02
  1.2749529E-02  1.2179849E-02  0.0000000E+00
  0.1482345      5.7179850E-02  3.3757061E-02  2.5188323E-02  2.1508945E-02
  2.0247174E-02  2.0715630E-02  0.0000000E+00
  0.2067561      8.1685498E-02  4.9976457E-02  3.9077211E-02  3.5546139E-02
  3.6511298E-02  4.0889829E-02
  0.3036723      0.1241996      8.0061205E-02  6.7490585E-02  6.8573445E-02
  8.0790959E-02
  0.4785781      0.2065443      0.1452213      0.1405367      0.1742232    
  0.8370998      0.3966572      0.3300377      0.4241996    
   1.734463       1.000000       1.240113    
   5.025895       5.025895    
   39.33616    
   100000.0    
  3.6501277E-02  1.3249475E-02  7.1441880E-03  4.7822036E-03  3.5918937E-03
  2.8930816E-03  2.4388537E-03  2.1278826E-03
  4.4001862E-02  1.6058698E-02  8.7304907E-03  5.9003024E-03  4.4770557E-03
  3.6454692E-03  3.1120428E-03  2.7509900E-03
  5.3808521E-02  1.9767061E-02  1.0857209E-02  7.4237129E-03  5.7023061E-03
  4.7076633E-03  4.0810616E-03  3.6734217E-03
  6.6922888E-02  2.4784531E-02  1.3785232E-02  9.5574185E-03  7.4609825E-03
  6.2683434E-03  5.5485670E-03  0.0000000E+00
  8.4928945E-02  3.1795945E-02  1.7952479E-02  1.2671791E-02  1.0093174E-02
  8.6885616E-03  7.9152100E-03  0.0000000E+00
  0.1105055      4.1928716E-02  2.4132308E-02  1.7435359E-02  1.4281387E-02
  1.2716048E-02  1.2077801E-02  0.0000000E+00
  0.1482413      5.7232704E-02  3.3799205E-02  2.5203818E-02  2.1493128E-02
  2.0144420E-02  2.0382017E-02  0.0000000E+00
  0.2067785      8.1784293E-02  5.0034937E-02  3.9086886E-02  3.5476353E-02
  3.6105286E-02  3.9389703E-02
  0.3037503      0.1243187      8.0153733E-02  6.7458645E-02  6.8064287E-02
  7.8243650E-02
  0.4786862      0.2067552      0.1453063      0.1399487      0.1696948    
  0.8374097      0.3969252      0.3296063      0.4153273    
   1.735150       1.000000       1.220592    
   5.026787       4.970882    
   39.04030    
   1000000.    
  3.6540221E-02  1.3283821E-02  7.1640769E-03  4.7943327E-03  3.5968921E-03
  2.8907678E-03  2.4314444E-03  2.1108319E-03
  4.4012796E-02  1.6096892E-02  8.7568555E-03  5.9163622E-03  4.4835466E-03
  3.6425958E-03  3.0987205E-03  2.7239488E-03
  5.3816270E-02  1.9812616E-02  1.0888940E-02  7.4405847E-03  5.7084095E-03
  4.7006398E-03  4.0585008E-03  3.6288847E-03
  6.6933274E-02  2.4840036E-02  1.3823126E-02  9.5795253E-03  7.4657220E-03
  6.2545706E-03  5.5073127E-03  0.0000000E+00
  8.4963433E-02  3.1855576E-02  1.8000457E-02  1.2696526E-02  1.0095978E-02
  8.6563071E-03  7.8290673E-03  0.0000000E+00
  0.1105347      4.2001829E-02  2.4200182E-02  1.7465724E-02  1.4271024E-02
  1.2639397E-02  1.1876143E-02  0.0000000E+00
  0.1482861      5.7358317E-02  3.3889394E-02  2.5251370E-02  2.1444241E-02
  1.9929159E-02  1.9787477E-02  0.0000000E+00
  0.2068556      8.1946984E-02  5.0159961E-02  3.9099634E-02  3.5260510E-02
  3.5329066E-02  3.7180074E-02
  0.3039306      0.1245887      8.0301650E-02  6.7344606E-02  6.7093231E-02
  7.4451551E-02
  0.4789762      0.2071755      0.1454296      0.1388483      0.1627971    
  0.8379799      0.3976234      0.3283821      0.4017367    
   1.737203       1.000000       1.190128    
   5.031993       4.883455    
   38.57404    
  1.0000000E+07
  3.6626879E-02  1.3355438E-02  7.2060125E-03  4.8187445E-03  3.6074270E-03
  2.8846154E-03  2.4093722E-03  2.0740496E-03
  4.4120248E-02  1.6180372E-02  8.8063665E-03  5.9438553E-03  4.4916002E-03
  3.6317417E-03  3.0658711E-03  2.6679928E-03
  5.3934570E-02  1.9911584E-02  1.0946066E-02  7.4712643E-03  5.7161804E-03
  4.6794871E-03  4.0075155E-03  3.5366933E-03
  6.7064546E-02  2.4955790E-02  1.3894783E-02  9.6153850E-03  7.4668434E-03
  6.2157386E-03  5.4155616E-03  0.0000000E+00
  8.5101679E-02  3.2007072E-02  1.8087976E-02  1.2738727E-02  1.0086207E-02
  8.5786916E-03  7.6547302E-03  0.0000000E+00
  0.1107206      4.2197172E-02  2.4314767E-02  1.7511053E-02  1.4230769E-02
  1.2471264E-02  1.1500884E-02  0.0000000E+00
  0.1485632      5.7603892E-02  3.4040675E-02  2.5287356E-02  2.1319630E-02
  1.9507075E-02  1.8804157E-02  0.0000000E+00
  0.2072502      8.2316533E-02  5.0353669E-02  3.9102565E-02  3.4858532E-02
  3.3996463E-02  3.4018569E-02
  0.3043767      0.1251326      8.0570295E-02  6.7064546E-02  6.5340407E-02
  6.8921305E-02
  0.4801061      0.2080681      0.1456012      0.1367374      0.1525641    
  0.8401857      0.3989832      0.3264810      0.3812997    
   1.742263       1.000000       1.143678    
   5.044209       4.750221    
   37.88683    
  1.0000000E+08
  3.7095089E-02  1.3521421E-02  7.3019848E-03  4.8693838E-03  3.6217347E-03
  2.8693834E-03  2.3657263E-03  2.0016718E-03
  4.4555902E-02  1.6367817E-02  8.9090904E-03  5.9958203E-03  4.5015677E-03
  3.6008360E-03  2.9968652E-03  2.5600835E-03
  5.4357365E-02  2.0129573E-02  1.1065830E-02  7.5276908E-03  5.7157786E-03
  4.6269596E-03  3.8975964E-03  3.3667712E-03
  6.7502618E-02  2.5224661E-02  1.4033438E-02  9.6739810E-03  7.4524553E-03
  6.1212117E-03  5.2351095E-03  0.0000000E+00
  8.5621729E-02  3.2330196E-02  1.8259143E-02  1.2800418E-02  1.0039708E-02
  8.4075239E-03  7.3291534E-03  0.0000000E+00
  0.1113480      4.2612329E-02  2.4514107E-02  1.7569488E-02  1.4114942E-02
  1.2129571E-02  1.0848485E-02  0.0000000E+00
  0.1493626      5.8160920E-02  3.4315567E-02  2.5308255E-02  2.1024033E-02
  1.8725183E-02  1.7285267E-02  0.0000000E+00
  0.2084222      8.3072104E-02  5.0700106E-02  3.8996864E-02  3.4002092E-02
  3.1849530E-02  2.9822361E-02
  0.3061651      0.1262487      8.0982238E-02  6.6394985E-02  6.2382448E-02
  6.1358407E-02
  0.4831766      0.2098224      0.1457262      0.1329571      0.1382236    
  0.8457680      0.4018809      0.3224660      0.3519331    
   1.754441       1.000000       1.076280    
   5.070010       4.555904    
   36.94880    
  1.0000000E+09
  4.0007617E-02  1.4017908E-02  7.5976374E-03  5.0371499E-03  3.6902267E-03
  2.8595922E-03  2.2937702E-03  1.8832157E-03
  4.7037531E-02  1.6850829E-02  9.1865109E-03  6.1383117E-03  4.5380071E-03
  3.5511525E-03  2.8767383E-03  2.3814058E-03
  5.6467898E-02  2.0632500E-02  1.1339302E-02  7.6490757E-03  5.7172794E-03
  4.5246715E-03  3.7035623E-03  3.0939225E-03
  6.9384642E-02  2.5795391E-02  1.4322727E-02  9.7809099E-03  7.4052201E-03
  5.9344633E-03  4.9190321E-03  0.0000000E+00
  8.7388068E-02  3.2996759E-02  1.8580681E-02  1.2884359E-02  9.9142687E-03
  8.0758240E-03  6.7898640E-03  0.0000000E+00
  0.1132025      4.3436844E-02  2.4899980E-02  1.7614782E-02  1.3838826E-02
  1.1506953E-02  9.8494943E-03  0.0000000E+00
  0.1515717      5.9249375E-02  3.4768526E-02  2.5261952E-02  2.0403886E-02
  1.7433796E-02  1.5204799E-02  0.0000000E+00
  0.2112783      8.4568486E-02  5.1247854E-02  3.8654979E-02  3.2482374E-02
  2.8710229E-02  2.4880929E-02
  0.3105353      0.1284245      8.1539333E-02  6.5002859E-02  5.7820536E-02
  5.2181363E-02
  0.4899981      0.2131834      0.1455706      0.1267098      0.1202324    
  0.8582587      0.4067441      0.3156792      0.3141551    
   1.780720       1.000000      0.9872356    
   5.126691       4.301772    
   35.87350    
  1.0000000E+10
  5.3334426E-02  1.7761758E-02  9.4527286E-03  5.9298705E-03  4.0586595E-03
  2.9378994E-03  2.2120269E-03  1.7139112E-03
  5.8790758E-02  1.9629691E-02  1.0663608E-02  6.8654758E-03  4.8123873E-03
  3.5539900E-03  2.7183350E-03  2.1333771E-03
  6.7098148E-02  2.2742912E-02  1.2500409E-02  8.2090776E-03  5.8741602E-03
  4.4174995E-03  3.4310992E-03  2.7248894E-03
  7.8846470E-02  2.7527446E-02  1.5258069E-02  1.0180239E-02  7.4160248E-03
  5.6726201E-03  4.4682943E-03  0.0000000E+00
  9.5657870E-02  3.4622319E-02  1.9383909E-02  1.3131247E-02  9.7329179E-03
  7.5667705E-03  6.0429298E-03  0.0000000E+00
  0.1204817      4.5174506E-02  2.5643127E-02  1.7696215E-02  1.3359003E-02
  1.0566934E-02  8.5482551E-03  0.0000000E+00
  0.1583811      6.1314106E-02  3.5523515E-02  2.5069637E-02  1.9367523E-02
  1.5615270E-02  1.2742913E-02  0.0000000E+00
  0.2185810      8.7268554E-02  5.2023597E-02  3.7850235E-02  3.0132720E-02
  2.4791086E-02  1.9760773E-02
  0.3198427      0.1321973      8.2107164E-02  6.2461082E-02  5.1646732E-02
  4.2356219E-02
  0.5040144      0.2187449      0.1446666      0.1175979      0.1002130    
  0.8830084      0.4145502      0.3047681      0.2703588    
   1.830247       1.000000      0.8812059    
   5.235130       3.998034    
   35.50713    
