   100.0000    
  3.7413247E-02  1.3488959E-02  7.2018923E-03  4.7570979E-03  3.5173499E-03
  2.7798107E-03  2.2974764E-03  1.9608834E-03
  4.5173500E-02  1.6378548E-02  8.8138795E-03  5.8738170E-03  4.3817032E-03
  3.4952681E-03  2.9201892E-03  2.5214511E-03
  5.5362776E-02  2.0195583E-02  1.0971610E-02  7.3880125E-03  5.5741323E-03
  4.5015770E-03  3.8107254E-03  3.3406939E-03
  6.8990536E-02  2.5369084E-02  1.3940062E-02  9.5078861E-03  7.2744479E-03
  5.9684543E-03  5.1419558E-03  0.0000000E+00
  8.7728709E-02  3.2586750E-02  1.8160883E-02  1.2589905E-02  9.8075708E-03
  8.2176654E-03  7.2586751E-03  0.0000000E+00
  0.1143218      4.2996846E-02  2.4406940E-02  1.7283911E-02  1.3801262E-02
  1.1911672E-02  1.0905363E-02  0.0000000E+00
  0.1535962      5.8738168E-02  3.4164038E-02  2.4892744E-02  2.0589905E-02
  1.8574132E-02  1.7984226E-02  0.0000000E+00
  0.2145110      8.3943218E-02  5.0441641E-02  3.8328074E-02  3.3470031E-02
  3.2460567E-02  3.3785488E-02
  0.3153312      0.1275394      8.0410093E-02  6.5299682E-02  6.2555209E-02
  6.7823343E-02
  0.4971609      0.2116088      0.1443218      0.1319874      0.1490852    
  0.8694006      0.4037855      0.3198738      0.3712934    
   1.797161       1.000000       1.115457    
   5.154574       4.668770    
   37.69716    
   1000.000    
  3.7385829E-02  1.3489763E-02  7.2031496E-03  4.7590551E-03  3.5181101E-03
  2.7801574E-03  2.2973230E-03  1.9599998E-03
  4.5165356E-02  1.6377952E-02  8.8157477E-03  5.8740154E-03  4.3811025E-03
  3.4960629E-03  2.9196851E-03  2.5199999E-03
  5.5338584E-02  2.0195276E-02  1.0973228E-02  7.3921261E-03  5.5748029E-03
  4.5007872E-03  3.8110237E-03  3.3385826E-03
  6.8944879E-02  2.5366928E-02  1.3943306E-02  9.5118107E-03  7.2755907E-03
  5.9685041E-03  5.1401574E-03  0.0000000E+00
  8.7685034E-02  3.2566927E-02  1.8163780E-02  1.2592126E-02  9.8110233E-03
  8.2173226E-03  7.2535430E-03  0.0000000E+00
  0.1142992      4.2992122E-02  2.4412598E-02  1.7288188E-02  1.3801575E-02
  1.1908662E-02  1.0894489E-02  0.0000000E+00
  0.1535433      5.8740158E-02  3.4141734E-02  2.4897637E-02  2.0588975E-02
  1.8560629E-02  1.7940158E-02  0.0000000E+00
  0.2144567      8.3968498E-02  5.0425194E-02  3.8330708E-02  3.3480316E-02
  3.2377951E-02  3.3543307E-02
  0.3152756      0.1275591      8.0409445E-02  6.5322831E-02  6.2488187E-02
  6.7401573E-02
  0.4970079      0.2116220      0.1443465      0.1319055      0.1483780    
  0.8692913      0.4037795      0.3196850      0.3700787    
   1.796850       1.000000       1.112441    
   5.155906       4.661417    
   37.66929    
   10000.00    
  3.7382301E-02  1.3496548E-02  7.2065284E-03  4.7614565E-03  3.5185188E-03
  2.7796610E-03  2.2953546E-03  1.9566854E-03
  4.5166355E-02  1.6384181E-02  8.8198371E-03  5.8788448E-03  4.3816702E-03
  3.4965475E-03  2.9168238E-03  2.5147521E-03
  5.5335846E-02  2.0204019E-02  1.0979285E-02  7.3948526E-03  5.5743880E-03
  4.5009418E-03  3.8041431E-03  3.3301946E-03
  6.8957940E-02  2.5376648E-02  1.3948525E-02  9.5166350E-03  7.2755804E-03
  5.9667295E-03  5.1318267E-03  0.0000000E+00
  8.7696165E-02  3.2580037E-02  1.8170120E-02  1.2598870E-02  9.8085376E-03
  8.2109226E-03  7.2379159E-03  0.0000000E+00
  0.1142812      4.3032017E-02  2.4422472E-02  1.7294414E-02  1.3797866E-02
  1.1892655E-02  1.0853736E-02  0.0000000E+00
  0.1535468      5.8757067E-02  3.4180790E-02  2.4902700E-02  2.0577528E-02
  1.8518519E-02  1.7815443E-02  0.0000000E+00
  0.2144382      8.3992474E-02  5.0470810E-02  3.8355306E-02  3.3427496E-02
  3.2234780E-02  3.2956686E-02
  0.3151287      0.1275894      8.0445699E-02  6.5285623E-02  6.2272444E-02
  6.6384181E-02
  0.4971752      0.2117075      0.1443503      0.1316698      0.1465474    
  0.8691149      0.4039548      0.3195229      0.3666039    
   1.796924       1.000000       1.104520    
   5.153798       4.639046    
   37.53923    
   100000.0    
  3.7386965E-02  1.3507951E-02  7.2154659E-03  4.7676954E-03  3.5204240E-03
  2.7782973E-03  2.2909259E-03  1.9491736E-03
  4.5151230E-02  1.6401621E-02  8.8306824E-03  5.8840038E-03  4.3841596E-03
  3.4923602E-03  2.9101963E-03  2.5032740E-03
  5.5316497E-02  2.0221390E-02  1.0991581E-02  7.3994384E-03  5.5753039E-03
  4.4964137E-03  3.7948238E-03  3.3115058E-03
  6.8942934E-02  2.5400687E-02  1.3963206E-02  9.5229186E-03  7.2747110E-03
  5.9557222E-03  5.1138136E-03  0.0000000E+00
  8.7683193E-02  3.2616150E-02  1.8188339E-02  1.2606798E-02  9.8066730E-03
  8.1945742E-03  7.1998751E-03  0.0000000E+00
  0.1142813      4.3062050E-02  2.4443405E-02  1.7302774E-02  1.3791705E-02
  1.1858434E-02  1.0773309E-02  0.0000000E+00
  0.1535391      5.8808856E-02  3.4206424E-02  2.4911132E-02  2.0551918E-02
  1.8428437E-02  1.7574057E-02  0.0000000E+00
  0.2144683      8.4066100E-02  5.0483320E-02  3.8322419E-02  3.3333331E-02
  3.1930152E-02  3.1961337E-02
  0.3152479      0.1276894      8.0480196E-02  6.5232299E-02  6.1864670E-02
  6.4733393E-02
  0.4970377      0.2118491      0.1443717      0.1312130      0.1435610    
  0.8693483      0.4041160      0.3189897      0.3604615    
   1.797630       1.000000       1.091363    
   5.157468       4.599314    
   37.32460    
   1000000.    
  3.7422933E-02  1.3545006E-02  7.2348951E-03  4.7780517E-03  3.5234278E-03
  2.7758940E-03  2.2826756E-03  1.9346485E-03
  4.5191124E-02  1.6442664E-02  8.8532679E-03  5.8939583E-03  4.3865596E-03
  3.4895192E-03  2.8973487E-03  2.4811961E-03
  5.5394575E-02  2.0271270E-02  1.1017262E-02  7.4136867E-03  5.5795312E-03
  4.4882861E-03  3.7731198E-03  3.2737360E-03
  6.9019727E-02  2.5459308E-02  1.3998151E-02  9.5376084E-03  7.2780517E-03
  5.9432797E-03  5.0770654E-03  0.0000000E+00
  8.7762021E-02  3.2706536E-02  1.8230580E-02  1.2626387E-02  9.8027131E-03
  8.1658447E-03  7.1331691E-03  0.0000000E+00
  0.1143958      4.3156594E-02  2.4497533E-02  1.7324291E-02  1.3776202E-02
  1.1790998E-02  1.0619606E-02  0.0000000E+00
  0.1536991      5.8939584E-02  3.4278668E-02  2.4932181E-02  2.0502465E-02
  1.8258324E-02  1.7157828E-02  0.0000000E+00
  0.2146732      8.4247842E-02  5.0585695E-02  3.8347717E-02  3.3168927E-02
  3.1350184E-02  3.0527128E-02
  0.3156597      0.1279593      8.0610357E-02  6.5104805E-02  6.1159063E-02
  6.2237978E-02
  0.4978422      0.2122996      0.1444821      0.1303329      0.1389642    
  0.8705302      0.4050555      0.3181258      0.3514180    
   1.800247       1.000000       1.070900    
   5.163379       4.540690    
   37.02219    
  1.0000000E+07
  3.7530191E-02  1.3608092E-02  7.2705313E-03  4.7946856E-03  3.5265698E-03
  2.7672101E-03  2.2626813E-03  1.9030797E-03
  4.5289855E-02  1.6518719E-02  8.8919075E-03  5.9148548E-03  4.3900968E-03
  3.4752416E-03  2.8674516E-03  2.4341787E-03
  5.5495169E-02  2.0362319E-02  1.1065821E-02  7.4335746E-03  5.5766911E-03
  4.4655795E-03  3.7258454E-03  3.2004830E-03
  6.9142506E-02  2.5567632E-02  1.4054951E-02  9.5621981E-03  7.2705313E-03
  5.9027779E-03  5.0000004E-03  0.0000000E+00
  8.7922700E-02  3.2820046E-02  1.8300122E-02  1.2647947E-02  9.7826086E-03
  8.0917869E-03  6.9927536E-03  0.0000000E+00
  0.1145833      4.3327294E-02  2.4586352E-02  1.7346013E-02  1.3725845E-02
  1.1642511E-02  1.0329106E-02  0.0000000E+00
  0.1539553      5.9178744E-02  3.4390096E-02  2.4939613E-02  2.0377416E-02
  1.7916666E-02  1.6446257E-02  0.0000000E+00
  0.2150664      8.4541060E-02  5.0724637E-02  3.8285024E-02  3.2820046E-02
  3.0374395E-02  2.8405797E-02
  0.3161232      0.1284118      8.0797106E-02  6.4824879E-02  5.9812799E-02
  5.8454107E-02
  0.4987922      0.2130133      0.1445350      0.1286534      0.1319143    
  0.8725845      0.4060990      0.3164251      0.3372585    
   1.804952       1.000000       1.038043    
   5.172101       4.447464    
   36.56401    
  1.0000000E+08
  3.7970256E-02  1.3762030E-02  7.3490818E-03  4.8323125E-03  3.5345582E-03
  2.7486149E-03  2.2222223E-03  1.8431030E-03
  4.5727622E-02  1.6687080E-02  8.9792944E-03  5.9521729E-03  4.3890346E-03
  3.4441529E-03  2.8072326E-03  2.3464567E-03
  5.5905513E-02  2.0559931E-02  1.1163605E-02  7.4744825E-03  5.5701374E-03
  4.4123651E-03  3.6337124E-03  3.0679498E-03
  6.9582976E-02  2.5803443E-02  1.4170313E-02  9.6004670E-03  7.2470112E-03
  5.8180229E-03  4.8498106E-03  0.0000000E+00
  8.8393115E-02  3.3129193E-02  1.8439779E-02  1.2688831E-02  9.7317006E-03
  7.9410905E-03  6.7308252E-03  0.0000000E+00
  0.1151939      4.3686207E-02  2.4759406E-02  1.7378245E-02  1.3613299E-02
  1.1356081E-02  9.8279389E-03  0.0000000E+00
  0.1547390      5.9667546E-02  3.4616508E-02  2.4937300E-02  2.0113736E-02
  1.7293673E-02  1.5325168E-02  0.0000000E+00
  0.2161855      8.5243516E-02  5.1006123E-02  3.8174395E-02  3.2108486E-02
  2.8745990E-02  2.5485566E-02
  0.3178770      0.1294255      8.1073202E-02  6.4216971E-02  5.7538643E-02
  5.3164188E-02
  0.5016040      0.2145524      0.1445319      0.1256343      0.1216973    
  0.8778070      0.4085740      0.3132109      0.3161272    
   1.816273       1.000000      0.9889181    
   5.196851       4.307379    
   35.87052    
  1.0000000E+09
  4.0721364E-02  1.4198788E-02  7.5963656E-03  4.9614543E-03  3.5765420E-03
  2.7282489E-03  2.1550111E-03  1.7420155E-03
  4.8017621E-02  1.7117292E-02  9.2098024E-03  6.0600224E-03  4.4080396E-03
  3.3920705E-03  2.7004406E-03  2.1987886E-03
  5.7874452E-02  2.1010464E-02  1.1393172E-02  7.5633260E-03  5.5561676E-03
  4.3171807E-03  3.4691631E-03  2.8469164E-03
  7.1310572E-02  2.6310572E-02  1.4408040E-02  9.6751098E-03  7.1888771E-03
  5.6497799E-03  4.5870049E-03  0.0000000E+00
  9.0033047E-02  3.3727974E-02  1.8705947E-02  1.2742291E-02  9.6062776E-03
  7.6569384E-03  6.2940530E-03  0.0000000E+00
  0.1168778      4.4438325E-02  2.5066080E-02  1.7389867E-02  1.3359031E-02
  1.0837005E-02  9.0390975E-03  0.0000000E+00
  0.1567456      6.0627755E-02  3.4966961E-02  2.4856830E-02  1.9575993E-02
  1.6250001E-02  1.3736234E-02  0.0000000E+00
  0.2188326      8.6536348E-02  5.1431719E-02  3.7830397E-02  3.0837005E-02
  2.6316078E-02  2.1877754E-02
  0.3218612      0.1313051      8.1497796E-02  6.2968068E-02  5.3882159E-02
  4.6393171E-02
  0.5079846      0.2173734      0.1442731      0.1205397      0.1082875    
  0.8893172      0.4124449      0.3075441      0.2874449    
   1.840033       1.000000      0.9212555    
   5.247797       4.113436    
   35.10463    
  1.0000000E+10
  5.3660981E-02  1.7409729E-02  9.1148447E-03  5.6594783E-03  3.8415245E-03
  2.7607821E-03  2.0636909E-03  1.5880140E-03
  5.9528586E-02  1.9531094E-02  1.0426278E-02  6.6273818E-03  4.5962888E-03
  3.3600801E-03  2.5476429E-03  1.9816949E-03
  6.8204612E-02  2.2871112E-02  1.2354563E-02  7.9964893E-03  5.6469408E-03
  4.1975924E-03  3.2246739E-03  2.5325979E-03
  8.0416247E-02  2.7858574E-02  1.5190572E-02  9.9774320E-03  7.1614841E-03
  5.4012039E-03  4.2001000E-03  0.0000000E+00
  9.7893678E-02  3.5180543E-02  1.9378135E-02  1.2913741E-02  9.4182538E-03
  7.2066197E-03  5.6670005E-03  0.0000000E+00
  0.1236961      4.5987964E-02  2.5702106E-02  1.7412236E-02  1.2916248E-02
  1.0032597E-02  7.9714144E-03  0.0000000E+00
  0.1630642      6.2487461E-02  3.5581745E-02  2.4638917E-02  1.8655967E-02
  1.4734202E-02  1.1765296E-02  0.0000000E+00
  0.2255516      8.8941827E-02  5.2056167E-02  3.7086256E-02  2.8811432E-02
  2.3129387E-02  1.7926278E-02
  0.3302407      0.1346540      8.1895687E-02  6.0757272E-02  4.8821464E-02
  3.8716149E-02
  0.5208124      0.2222919      0.1433801      0.1128887      9.2527583E-02
  0.9117352      0.4195085      0.2981444      0.2525075    
   1.885657       1.000000      0.8360080    
   5.348545       3.871615    
   34.97994    
