   100.0000    
  3.9805934E-02  1.4138128E-02  7.3230597E-03  4.6478310E-03  3.2773975E-03
  2.4606164E-03  1.9263698E-03  1.5542237E-03
  4.8316211E-02  1.7231736E-02  8.9840181E-03  5.7363017E-03  4.0724888E-03
  3.0776255E-03  2.4257991E-03  1.9708904E-03
  5.9474885E-02  2.1329910E-02  1.1204339E-02  7.2146119E-03  5.1609585E-03
  3.9320774E-03  3.1250000E-03  2.5616437E-03
  7.4543379E-02  2.6889270E-02  1.4252283E-02  9.2694070E-03  6.6952053E-03
  5.1546805E-03  4.1421233E-03  0.0000000E+00
  9.5262557E-02  3.4651827E-02  1.8578768E-02  1.2226027E-02  8.9497715E-03
  6.9863014E-03  5.6946347E-03  0.0000000E+00
  0.1247146      4.5861874E-02  2.4948630E-02  1.6683791E-02  1.2420092E-02
  9.8744296E-03  8.2191778E-03  0.0000000E+00
  0.1683219      6.2785387E-02  3.4805939E-02  2.3778539E-02  1.8127853E-02
  1.4805936E-02  1.2671232E-02  0.0000000E+00
  0.2359589      8.9783102E-02  5.1073063E-02  3.5970319E-02  2.8407535E-02
  2.4143836E-02  2.1095891E-02
  0.3479452      0.1361301      8.0422372E-02  5.9303656E-02  4.9543377E-02
  4.4143837E-02
  0.5496005      0.2244863      0.1407534      0.1122717      0.1020548    
  0.9600457      0.4218607      0.2942352      0.2697489    
   1.973173       1.000000      0.8698630    
   5.519977       3.969749    
   34.74886    
   1000.000    
  3.9800342E-02  1.4135768E-02  7.3245862E-03  4.6486026E-03  3.2772389E-03
  2.4597831E-03  1.9252709E-03  1.5533371E-03
  4.8311464E-02  1.7233314E-02  8.9845983E-03  5.7387333E-03  4.0724473E-03
  3.0770109E-03  2.4244152E-03  1.9697661E-03
  5.9498005E-02  2.1329150E-02  1.1203650E-02  7.2162007E-03  5.1602968E-03
  3.9309752E-03  3.1237877E-03  2.5601825E-03
  7.4500859E-02  2.6891043E-02  1.4255561E-02  9.2698233E-03  6.6970903E-03
  5.1534511E-03  4.1403309E-03  0.0000000E+00
  9.5208213E-02  3.4649171E-02  1.8579578E-02  1.2224757E-02  8.9503704E-03
  6.9823163E-03  5.6908159E-03  0.0000000E+00
  0.1247005      4.5864232E-02  2.4951510E-02  1.6679976E-02  1.2418711E-02
  9.8687960E-03  8.2087852E-03  0.0000000E+00
  0.1682829      6.2806614E-02  3.4808900E-02  2.3776382E-02  1.8123217E-02
  1.4791786E-02  1.2652596E-02  0.0000000E+00
  0.2359384      8.9788929E-02  5.1078148E-02  3.5966914E-02  2.8397033E-02
  2.4112949E-02  2.1015402E-02
  0.3479179      0.1361095      8.0433547E-02  5.9326869E-02  4.9503706E-02
  4.4004563E-02
  0.5495722      0.2244723      0.1407872      0.1122076      0.1017684    
  0.9600685      0.4218482      0.2941814      0.2692527    
   1.973189       1.000000      0.8687963    
   5.519681       3.966343    
   34.72903    
   10000.00    
  3.9806265E-02  1.4142449E-02  7.3276348E-03  4.6495725E-03  3.2769230E-03
  2.4592592E-03  1.9236467E-03  1.5509971E-03
  4.8313387E-02  1.7242165E-02  8.9857550E-03  5.7378914E-03  4.0723644E-03
  3.0757834E-03  2.4222219E-03  1.9663817E-03
  5.9487175E-02  2.1339031E-02  1.1207977E-02  7.2136750E-03  5.1601138E-03
  3.9287745E-03  3.1202277E-03  2.5549855E-03
  7.4529916E-02  2.6900284E-02  1.4262108E-02  9.2706550E-03  6.6951565E-03
  5.1504271E-03  4.1344725E-03  0.0000000E+00
  9.5213674E-02  3.4666665E-02  1.8586894E-02  1.2227920E-02  8.9458693E-03
  6.9743590E-03  5.6803417E-03  0.0000000E+00
  0.1247293      4.5880344E-02  2.4957264E-02  1.6683761E-02  1.2415955E-02
  9.8575493E-03  8.1880335E-03  0.0000000E+00
  0.1683191      6.2792026E-02  3.4814812E-02  2.3777777E-02  1.8113960E-02
  1.4769230E-02  1.2598290E-02  0.0000000E+00
  0.2360114      8.9800566E-02  5.1088315E-02  3.5960112E-02  2.8364671E-02
  2.4039885E-02  2.0780625E-02
  0.3479202      0.1361823      8.0455832E-02  5.9316240E-02  4.9401708E-02
  4.3606836E-02
  0.5496866      0.2245584      0.1407977      0.1120798      0.1010256    
  0.9606837      0.4219373      0.2940741      0.2678063    
   1.973789       1.000000      0.8655270    
   5.520798       3.957265    
   34.68376    
   100000.0    
  3.9818078E-02  1.4155770E-02  7.3337122E-03  4.6515064E-03  3.2768617E-03
  2.4570776E-03  1.9204093E-03  1.5463332E-03
  4.8328597E-02  1.7254122E-02  8.9937467E-03  5.7418989E-03  4.0710634E-03
  3.0727684E-03  2.4172827E-03  1.9590678E-03
  5.9522457E-02  2.1358727E-02  1.1216600E-02  7.2200112E-03  5.1580444E-03
  3.9238203E-03  3.1119953E-03  2.5434906E-03
  7.4530981E-02  2.6924387E-02  1.4269471E-02  9.2723137E-03  6.6913017E-03
  5.1426948E-03  4.1216598E-03  0.0000000E+00
  9.5281407E-02  3.4690164E-02  1.8595792E-02  1.2228539E-02  8.9425808E-03
  6.9641843E-03  5.6588966E-03  0.0000000E+00
  0.1247300      4.5912448E-02  2.4968732E-02  1.6685616E-02  1.2399090E-02
  9.8351333E-03  8.1466734E-03  0.0000000E+00
  0.1683343      6.2819779E-02  3.4832291E-02  2.3774873E-02  1.8089823E-02
  1.4712905E-02  1.2484366E-02  0.0000000E+00
  0.2360432      8.9823768E-02  5.1108584E-02  3.5946559E-02  2.8305857E-02
  2.3882886E-02  2.0386582E-02
  0.3480955      0.1362137      8.0443434E-02  5.9238203E-02  4.9187038E-02
  4.2922113E-02
  0.5498579      0.2246731      0.1407618      0.1117680      9.9772595E-02
  0.9607731      0.4221717      0.2937464      0.2652643    
   1.974417       1.000000      0.8595793    
   5.523025       3.940307    
   34.59352    
   1000000.    
  3.9858438E-02  1.4184598E-02  7.3442808E-03  4.6557188E-03  3.2763304E-03
  2.4530010E-03  1.9133635E-03  1.5368063E-03
  4.8374858E-02  1.7287655E-02  9.0090595E-03  5.7474519E-03  4.0702149E-03
  3.0668175E-03  2.4071345E-03  1.9450735E-03
  5.9569646E-02  2.1398639E-02  1.1234428E-02  7.2253677E-03  5.1557189E-03
  3.9150622E-03  3.0973952E-03  2.5226499E-03
  7.4631937E-02  2.6970554E-02  1.4292184E-02  9.2751980E-03  6.6874293E-03
  5.1285387E-03  4.0985276E-03  0.0000000E+00
  9.5356733E-02  3.4750845E-02  1.8618347E-02  1.2236693E-02  8.9297844E-03
  6.9365795E-03  5.6177801E-03  0.0000000E+00
  0.1248584      4.5990936E-02  2.5000000E-02  1.6687429E-02  1.2383917E-02
  9.7904876E-03  8.0634197E-03  0.0000000E+00
  0.1685164      6.2967159E-02  3.4869760E-02  2.3771232E-02  1.8046431E-02
  1.4614949E-02  1.2287655E-02  0.0000000E+00
  0.2362967      8.9977346E-02  5.1155154E-02  3.5922989E-02  2.8193658E-02
  2.3607021E-02  1.9796148E-02
  0.3484145      0.1364666      8.0520950E-02  5.9116643E-02  4.8805211E-02
  4.1874290E-02
  0.5504529      0.2249717      0.1407701      0.1112684      9.7791620E-02
  0.9620611      0.4225934      0.2932050      0.2612684    
   1.976784       1.000000      0.8505096    
   5.528312       3.913929    
   34.46772    
  1.0000000E+07
  3.9943788E-02  1.4232715E-02  7.3693083E-03  4.6627317E-03  3.2737493E-03
  2.4435075E-03  1.8988196E-03  1.5171445E-03
  4.8465427E-02  1.7346824E-02  9.0331649E-03  5.7560429E-03  4.0657674E-03
  3.0534009E-03  2.3861721E-03  1.9179314E-03
  5.9696458E-02  2.1467116E-02  1.1264755E-02  7.2287801E-03  5.1478357E-03
  3.8954469E-03  3.0668916E-03  2.4817314E-03
  7.4761100E-02  2.7060146E-02  1.4322653E-02  9.2861159E-03  6.6722878E-03
  5.0978079E-03  4.0505901E-03  0.0000000E+00
  9.5503092E-02  3.4856662E-02  1.8662170E-02  1.2242833E-02  8.9038787E-03
  6.8858908E-03  5.5373805E-03  0.0000000E+00
  0.1250703      4.6121415E-02  2.5053401E-02  1.6683530E-02  1.2338392E-02
  9.6964585E-03  7.9089375E-03  0.0000000E+00
  0.1688027      6.3125350E-02  3.4935359E-02  2.3754919E-02  1.7948285E-02
  1.4418213E-02  1.1950535E-02  0.0000000E+00
  0.2367060      9.0219222E-02  5.1231030E-02  3.5857223E-02  2.7959527E-02
  2.3114109E-02  1.8909499E-02
  0.3490725      0.1367622      8.0607086E-02  5.8909498E-02  4.8088815E-02
  4.0258575E-02
  0.5515459      0.2255200      0.1406970      0.1102867      9.4716132E-02
  0.9640247      0.4233839      0.2920742      0.2548061    
   1.981450       1.000000      0.8353007    
   5.537381       3.870714    
   34.25520    
  1.0000000E+08
  4.0294118E-02  1.4339623E-02  7.4139847E-03  4.6770251E-03  3.2680356E-03
  2.4239735E-03  1.8690344E-03  1.4800221E-03
  4.8784681E-02  1.7469477E-02  9.0843504E-03  5.7658157E-03  4.0543838E-03
  3.0249720E-03  2.3451720E-03  1.8657048E-03
  5.9988901E-02  2.1609323E-02  1.1320755E-02  7.2419532E-03  5.1287455E-03
  3.8534959E-03  3.0066594E-03  2.4051054E-03
  7.5027749E-02  2.7225306E-02  1.4389567E-02  9.2896773E-03  6.6426191E-03
  5.0332965E-03  3.9583794E-03  0.0000000E+00
  9.5837958E-02  3.5061043E-02  1.8734740E-02  1.2241953E-02  8.8512767E-03
  6.7813541E-03  5.3856825E-03  0.0000000E+00
  0.1255272      4.6381798E-02  2.5138734E-02  1.6670367E-02  1.2236403E-02
  9.5116543E-03  7.6415092E-03  0.0000000E+00
  0.1693674      6.3429520E-02  3.5038847E-02  2.3701442E-02  1.7752497E-02
  1.4056603E-02  1.1398446E-02  0.0000000E+00
  0.2375139      9.0677023E-02  5.1342949E-02  3.5710320E-02  2.7508324E-02
  2.2264149E-02  1.7613763E-02
  0.3503330      0.1374584      8.0688126E-02  5.8435071E-02  4.6820197E-02
  3.7846837E-02
  0.5536626      0.2264706      0.1405105      0.1084906      8.9955606E-02
  0.9678136      0.4246948      0.2899001      0.2446171    
   1.989456       1.000000      0.8107659    
   5.554939       3.800777    
   33.94007    
  1.0000000E+09
  4.2637300E-02  1.4660141E-02  7.5638937E-03  4.7384449E-03  3.2740619E-03
  2.3947798E-03  1.8172921E-03  1.4148994E-03
  5.0739534E-02  1.7781403E-02  9.2224041E-03  5.8183796E-03  4.0445896E-03
  2.9766178E-03  2.2713430E-03  1.7759652E-03
  6.1609570E-02  2.1941273E-02  1.1457314E-02  7.2756931E-03  5.0984235E-03
  3.7781403E-03  2.8994018E-03  2.2767810E-03
  7.6454595E-02  2.7601957E-02  1.4535073E-02  9.3148453E-03  6.5796631E-03
  4.9157152E-03  3.7971726E-03  0.0000000E+00
  9.7172379E-02  3.5508428E-02  1.8901577E-02  1.2245786E-02  8.7438822E-03
  6.5959757E-03  5.1305057E-03  0.0000000E+00
  0.1268624      4.6933115E-02  2.5323546E-02  1.6639479E-02  1.2044589E-02
  9.1897771E-03  7.1995649E-03  0.0000000E+00
  0.1709625      6.4165309E-02  3.5247415E-02  2.3594346E-02  1.7384449E-02
  1.3447526E-02  1.0570963E-02  0.0000000E+00
  0.2396411      9.1625884E-02  5.1571507E-02  3.5410549E-02  2.6710168E-02
  2.0951604E-02  1.5899945E-02
  0.3533986      0.1388254      8.0804788E-02  5.7585645E-02  4.4758022E-02
  3.4556825E-02
  0.5584557      0.2284938      0.1401849      0.1054377      8.3251767E-02
  0.9766178      0.4275149      0.2861882      0.2299619    
   2.008157       1.000000      0.7754214    
   5.595432       3.699293    
   33.61066    
  1.0000000E+10
  5.4392423E-02  1.6801683E-02  8.4534455E-03  5.0904788E-03  3.3661230E-03
  2.3613889E-03  1.7259336E-03  1.3008943E-03
  6.1283533E-02  1.9426616E-02  9.9421358E-03  6.0915304E-03  4.0915306E-03
  2.9063649E-03  2.1446608E-03  1.6270385E-03
  7.1015261E-02  2.3235139E-02  1.2030510E-02  7.4750129E-03  5.0889007E-03
  3.6554444E-03  2.7206731E-03  2.0752235E-03
  8.4534459E-02  2.8700683E-02  1.4997369E-02  9.4371382E-03  6.5018409E-03
  4.7164648E-03  3.5370856E-03  0.0000000E+00
  0.1039453      3.6554445E-02  1.9300368E-02  1.2283009E-02  8.5586533E-03
  6.2703840E-03  4.7348761E-03  0.0000000E+00
  0.1325092      4.8064176E-02  2.5691740E-02  1.6575485E-02  1.1699106E-02
  8.6586010E-03  6.5649659E-03  0.0000000E+00
  0.1760126      6.5544449E-02  3.5597056E-02  2.3356127E-02  1.6728038E-02
  1.2503945E-02  9.4529195E-03  0.0000000E+00
  0.2448711      9.3371905E-02  5.1883221E-02  3.4797475E-02  2.5381377E-02
  1.9084692E-02  1.3824303E-02
  0.3598632      0.1411889      8.0957383E-02  5.5970538E-02  4.1657023E-02
  3.0441873E-02
  0.5681221      0.2319306      0.1392951      0.1005260      7.4539721E-02
  0.9936875      0.4321936      0.2796949      0.2102578    
   2.042609       1.000000      0.7259337    
   5.670700       3.559179    
   33.86639    
