   100.0000    
  4.2600561E-02  1.4761458E-02  7.3498590E-03  4.4546300E-03  2.9953225E-03
  2.1459309E-03  1.6061739E-03  1.2413469E-03
  5.1908322E-02  1.8044900E-02  9.0280632E-03  5.4985965E-03  3.7137510E-03
  2.6725910E-03  2.0084190E-03  1.5594013E-03
  6.4181477E-02  2.2404116E-02  1.1272216E-02  6.9055189E-03  4.6903645E-03
  3.3938258E-03  2.5640784E-03  2.0009354E-03
  8.0720298E-02  2.8325537E-02  1.4349859E-02  8.8550039E-03  6.0561271E-03
  4.4115991E-03  3.3564076E-03  0.0000000E+00
  0.1036483      3.6594946E-02  1.8709073E-02  1.1646398E-02  8.0346111E-03
  5.9055188E-03  4.5322729E-03  0.0000000E+00
  0.1362956      4.8540689E-02  2.5088867E-02  1.5799811E-02  1.1028999E-02
  8.2029924E-03  6.3676327E-03  0.0000000E+00
  0.1846585      6.6548169E-02  3.4901775E-02  2.2319924E-02  1.5837230E-02
  1.1964452E-02  9.4106635E-03  0.0000000E+00
  0.2599626      9.5229179E-02  5.0926097E-02  3.3274084E-02  2.4144059E-02
  1.8652946E-02  1.4565013E-02
  0.3845650      0.1440599      7.9307765E-02  5.3507950E-02  4.0168379E-02
  3.1393826E-02
  0.6087933      0.2362956      0.1359214      9.6538812E-02  7.5322732E-02
   1.063611      0.4377923      0.2713751      0.2087933    
   2.171188       1.000000      0.7149673    
   5.932647       3.531337    
   33.30215    
   1000.000    
  4.2560752E-02  1.4747664E-02  7.3448601E-03  4.4523366E-03  2.9925234E-03
  2.1439255E-03  1.6046730E-03  1.2401870E-03
  5.1859815E-02  1.8028038E-02  9.0224305E-03  5.4943929E-03  3.7112152E-03
  2.6700937E-03  2.0065422E-03  1.5570094E-03
  6.4130843E-02  2.2383180E-02  1.1261683E-02  6.9009350E-03  4.6869158E-03
  3.3906542E-03  2.5616824E-03  1.9981309E-03
  8.0654211E-02  2.8308414E-02  1.4345795E-02  8.8485992E-03  6.0514021E-03
  4.4074766E-03  3.3523366E-03  0.0000000E+00
  0.1035514      3.6570098E-02  1.8691590E-02  1.1635515E-02  8.0280378E-03
  5.8990656E-03  4.5261686E-03  0.0000000E+00
  0.1361682      4.8514023E-02  2.5074767E-02  1.5785046E-02  1.1018692E-02
  8.1943925E-03  6.3588787E-03  0.0000000E+00
  0.1844860      6.6504680E-02  3.4878507E-02  2.2308413E-02  1.5822431E-02
  1.1953272E-02  9.3925241E-03  0.0000000E+00
  0.2598131      9.5140189E-02  5.0887853E-02  3.3252340E-02  2.4121497E-02
  1.8626170E-02  1.4514020E-02
  0.3842991      0.1440187      7.9252340E-02  5.3467292E-02  4.0121496E-02
  3.1308413E-02
  0.6083178      0.2361682      0.1357944      9.6355148E-02  7.5158879E-02
   1.062617      0.4374767      0.2711215      0.2084112    
   2.170094       1.000000      0.7139253    
   5.928038       3.528038    
   33.27103    
   10000.00    
  4.2588789E-02  1.4757009E-02  7.3495330E-03  4.4542057E-03  2.9934582E-03
  2.1439255E-03  1.6037384E-03  1.2392524E-03
  5.1887851E-02  1.8046729E-02  9.0280380E-03  5.4981313E-03  3.7121496E-03
  2.6700937E-03  2.0056076E-03  1.5560748E-03
  6.4158879E-02  2.2401871E-02  1.1271029E-02  6.9046733E-03  4.6878508E-03
  3.3906542E-03  2.5607478E-03  1.9962618E-03
  8.0700941E-02  2.8327104E-02  1.4355142E-02  8.8523366E-03  6.0523367E-03
  4.4065421E-03  3.3504674E-03  0.0000000E+00
  0.1035514      3.6598135E-02  1.8700935E-02  1.1644860E-02  8.0289720E-03
  5.8981311E-03  4.5224302E-03  0.0000000E+00
  0.1362617      4.8542056E-02  2.5093459E-02  1.5794393E-02  1.1018692E-02
  8.1906551E-03  6.3495329E-03  0.0000000E+00
  0.1846729      6.6551402E-02  3.4897201E-02  2.2308413E-02  1.5813084E-02
  1.1943926E-02  9.3738316E-03  0.0000000E+00
  0.2599066      9.5233649E-02  5.0915889E-02  3.3261683E-02  2.4112150E-02
  1.8588785E-02  1.4411216E-02
  0.3844860      0.1441122      7.9289727E-02  5.3467292E-02  4.0074769E-02
  3.1130841E-02
  0.6086916      0.2362617      0.1357944      9.6355148E-02  7.4841127E-02
   1.063551      0.4377570      0.2711215      0.2078505    
   2.171028       1.000000      0.7126169    
   5.931776       3.524299    
   33.26168    
   100000.0    
  4.2595707E-02  1.4771243E-02  7.3529417E-03  4.4547156E-03  2.9925306E-03
  2.1419236E-03  1.6013072E-03  1.2362278E-03
  5.1904760E-02  1.8057890E-02  9.0317456E-03  5.4976661E-03  3.7105510E-03
  2.6676005E-03  2.0018674E-03  1.5518208E-03
  6.4173676E-02  2.2418300E-02  1.1279178E-02  6.9047622E-03  4.6853409E-03
  3.3865548E-03  2.5546220E-03  1.9897292E-03
  8.0718949E-02  2.8338002E-02  1.4360411E-02  8.8524744E-03  6.0485532E-03
  4.4014943E-03  3.3426704E-03  0.0000000E+00
  0.1036415      3.6610644E-02  1.8711485E-02  1.1643324E-02  8.0233430E-03
  5.8888891E-03  4.5088707E-03  0.0000000E+00
  0.1362278      4.8571430E-02  2.5098039E-02  1.5788984E-02  1.1008403E-02
  8.1746038E-03  6.3249301E-03  0.0000000E+00
  0.1846872      6.6582635E-02  3.4911297E-02  2.2306256E-02  1.5798319E-02
  1.1914099E-02  9.3127927E-03  0.0000000E+00
  0.2599440      9.5238097E-02  5.0924372E-02  3.3239961E-02  2.4070961E-02
  1.8506069E-02  1.4220355E-02
  0.3845938      0.1441643      7.9299726E-02  5.3426705E-02  3.9953317E-02
  3.0793652E-02
  0.6088702      0.2364146      0.1358543      9.6171804E-02  7.4192345E-02
   1.063492      0.4379085      0.2709617      0.2065360    
   2.171802       1.000000      0.7095238    
   5.933707       3.515406    
   33.22129    
   1000000.    
  4.2609505E-02  1.4790307E-02  7.3588071E-03  4.4547995E-03  2.9906803E-03
  2.1379311E-03  1.5955265E-03  1.2292637E-03
  5.1919851E-02  1.8070828E-02  9.0382099E-03  5.4976698E-03  3.7073623E-03
  2.6616959E-03  1.9944082E-03  1.5424044E-03
  6.4193845E-02  2.2441752E-02  1.1286113E-02  6.9040074E-03  4.6803355E-03
  3.3783782E-03  2.5442685E-03  1.9767007E-03
  8.0745570E-02  2.8369058E-02  1.4361603E-02  8.8508846E-03  6.0410067E-03
  4.3895617E-03  3.3261883E-03  0.0000000E+00
  0.1036347      3.6644921E-02  1.8723205E-02  1.1640261E-02  8.0121160E-03
  5.8695246E-03  4.4827587E-03  0.0000000E+00
  0.1363467      4.8611369E-02  2.5107175E-02  1.5787510E-02  1.0987883E-02
  8.1425915E-03  6.2767938E-03  0.0000000E+00
  0.1847157      6.6635601E-02  3.4920782E-02  2.2292636E-02  1.5759554E-02
  1.1845293E-02  9.2059644E-03  0.0000000E+00
  0.2601118      9.5340170E-02  5.0931964E-02  3.3205964E-02  2.3988817E-02
  1.8350419E-02  1.3923579E-02
  0.3848089      0.1442684      7.9291701E-02  5.3327117E-02  3.9720409E-02
  3.0251630E-02
  0.6091332      0.2365331      0.1357875      9.5806144E-02  7.3168688E-02
   1.064306      0.4380242      0.2704566      0.2042871    
   2.173346       1.000000      0.7043802    
   5.935694       3.500466    
   33.15004    
  1.0000000E+07
  4.2676579E-02  1.4823421E-02  7.3726769E-03  4.4581788E-03  2.9869890E-03
  2.1310409E-03  1.5864313E-03  1.2174723E-03
  5.1988851E-02  1.8122679E-02  9.0548331E-03  5.5009294E-03  3.7016729E-03
  2.6514870E-03  1.9814125E-03  1.5260224E-03
  6.4284384E-02  2.2500001E-02  1.1301115E-02  6.9061341E-03  4.6728626E-03
  3.3643125E-03  2.5250930E-03  1.9526024E-03
  8.0845729E-02  2.8438661E-02  1.4386618E-02  8.8522313E-03  6.0297400E-03
  4.3680300E-03  3.2973979E-03  0.0000000E+00
  0.1038104      3.6728624E-02  1.8745353E-02  1.1635688E-02  7.9925656E-03
  5.8364314E-03  4.4358736E-03  0.0000000E+00
  0.1365242      4.8717473E-02  2.5139404E-02  1.5780671E-02  1.0957249E-02
  8.0845729E-03  6.1914497E-03  0.0000000E+00
  0.1850372      6.6784389E-02  3.4953535E-02  2.2267658E-02  1.5697027E-02
  1.1728625E-02  9.0269521E-03  0.0000000E+00
  0.2605019      9.5539033E-02  5.0975837E-02  3.3150557E-02  2.3847586E-02
  1.8076209E-02  1.3485131E-02
  0.3853160      0.1445167      7.9321563E-02  5.3169146E-02  3.9312270E-02
  2.9442379E-02
  0.6101301      0.2368959      0.1356877      9.5260225E-02  7.1570635E-02
   1.065985      0.4385688      0.2697955      0.2009294    
   2.177509       1.000000      0.6963755    
   5.944238       3.477695    
   33.04833    
  1.0000000E+08
  4.2969473E-02  1.4912119E-02  7.4042557E-03  4.4653099E-03  2.9805738E-03
  2.1165588E-03  1.5670676E-03  1.1951897E-03
  5.2266423E-02  1.8223869E-02  9.0897325E-03  5.5069379E-03  3.6919520E-03
  2.6318226E-03  1.9555967E-03  1.4958374E-03
  6.4542092E-02  2.2608696E-02  1.1341351E-02  6.9102687E-03  4.6577244E-03
  3.3358005E-03  2.4884366E-03  1.9093433E-03
  8.1128590E-02  2.8575394E-02  1.4431083E-02  8.8529140E-03  6.0055507E-03
  4.3265498E-03  3.2423683E-03  0.0000000E+00
  0.1040703      3.6901016E-02  1.8797411E-02  1.1628122E-02  7.9528224E-03
  5.7705832E-03  4.3487516E-03  0.0000000E+00
  0.1369103      4.8936170E-02  2.5198892E-02  1.5763182E-02  1.0888067E-02
  7.9731727E-03  6.0397782E-03  0.0000000E+00
  0.1855689      6.7058280E-02  3.5032380E-02  2.2229418E-02  1.5568919E-02
  1.1526365E-02  8.7308055E-03  0.0000000E+00
  0.2612396      9.5929697E-02  5.1054578E-02  3.3043481E-02  2.3570769E-02
  1.7613322E-02  1.2830713E-02
  0.3865865      0.1450509      7.9380207E-02  5.2867714E-02  3.8593899E-02
  2.8214617E-02
  0.6121184      0.2377428      0.1355227      9.4172068E-02  6.9102682E-02
   1.069380      0.4397780      0.2684551      0.1955597    
   2.185014       1.000000      0.6834413    
   5.962072       3.441258    
   32.90472    
  1.0000000E+09
  4.4963300E-02  1.5119266E-02  7.4853208E-03  4.4862381E-03  2.9697246E-03
  2.0880734E-03  1.5293577E-03  1.1532110E-03
  5.3889904E-02  1.8431192E-02  9.1669727E-03  5.5201836E-03  3.6706422E-03
  2.5917429E-03  1.9045870E-03  1.4394495E-03
  6.5871552E-02  2.2844035E-02  1.1422018E-02  6.9155958E-03  4.6229353E-03
  3.2788988E-03  2.4183486E-03  1.8311926E-03
  8.2229353E-02  2.8834861E-02  1.4513761E-02  8.8477060E-03  5.9513757E-03
  4.2431192E-03  3.1403669E-03  0.0000000E+00
  0.1050459      3.7211008E-02  1.8889908E-02  1.1605504E-02  7.8669721E-03
  5.6431191E-03  4.1926601E-03  0.0000000E+00
  0.1378899      4.9311925E-02  2.5293577E-02  1.5706422E-02  1.0743119E-02
  7.7642202E-03  5.7825688E-03  0.0000000E+00
  0.1866055      6.7550451E-02  3.5128437E-02  2.2119265E-02  1.5311926E-02
  1.1146788E-02  8.2660550E-03  0.0000000E+00
  0.2626605      9.6513756E-02  5.1146787E-02  3.2798164E-02  2.3045870E-02
  1.6853211E-02  1.1926604E-02
  0.3887156      0.1459633      7.9385318E-02  5.2229356E-02  3.7339449E-02
  2.6440365E-02
  0.6156880      0.2389908      0.1351376      9.2201836E-02  6.5412842E-02
   1.076147      0.4414679      0.2658716      0.1873395    
   2.198165       1.000000      0.6628440    
   5.991743       3.382569    
   32.76147    
  1.0000000E+10
  5.5661235E-02  1.6539855E-02  7.9846019E-03  4.6394928E-03  2.9764494E-03
  2.0335144E-03  1.4528986E-03  1.0724638E-03
  6.3550726E-02  1.9519927E-02  9.5652174E-03  5.6304350E-03  3.6521740E-03
  2.5163044E-03  1.8079710E-03  1.3396740E-03
  7.4356884E-02  2.3704709E-02  1.1730072E-02  6.9827903E-03  4.5715580E-03
  3.1739131E-03  2.2916666E-03  1.7019928E-03
  8.9393117E-02  2.9583333E-02  1.4764493E-02  8.8695660E-03  5.8568842E-03
  4.0923916E-03  2.9673914E-03  0.0000000E+00
  0.1108696      3.7934780E-02  1.9103261E-02  1.1576087E-02  7.7092387E-03
  5.4193842E-03  3.9411229E-03  0.0000000E+00
  0.1425725      5.0117757E-02  2.5489131E-02  1.5615943E-02  1.0480072E-02
  7.4130436E-03  5.3931163E-03  0.0000000E+00
  0.1906703      6.8514496E-02  3.5307970E-02  2.1893116E-02  1.4855073E-02
  1.0552537E-02  7.6123192E-03  0.0000000E+00
  0.2666667      9.7826086E-02  5.1277176E-02  3.2318842E-02  2.2173913E-02
  1.5733695E-02  1.0778986E-02
  0.3935688      0.1477355      7.9338774E-02  5.1096015E-02  3.5416670E-02
  2.4121378E-02
  0.6229166      0.2414855      0.1343297      8.9012682E-02  6.0416672E-02
   1.088768      0.4446558      0.2614130      0.1757246    
   2.224638       1.000000      0.6332428    
   6.049819       3.298007    
   33.20652    
