   100.0000    
  0.0000000E+00  1.4214749E-02  6.1030546E-03  3.7488430E-03  2.6621413E-03
  2.0404195E-03  1.6399260E-03  1.3625424E-03
  0.0000000E+00  1.7297130E-02  7.4730022E-03  4.6251155E-03  3.3107065E-03
  2.5587780E-03  2.0749767E-03  1.7402036E-03
  0.0000000E+00  2.1373034E-02  9.2995986E-03  5.8099348E-03  4.2024064E-03
  3.2798520E-03  2.6908361E-03  2.2847885E-03
  0.0000000E+00  2.6896019E-02  1.1811169E-02  7.4637453E-03  5.4643629E-03
  4.3258253E-03  3.6007403E-03  0.0000000E+00
  0.0000000E+00  3.4588087E-02  1.5365628E-02  9.8518971E-03  7.3310705E-03
  5.9086704E-03  5.0169700E-03  0.0000000E+00
  0.0000000E+00  4.5726627E-02  2.0601666E-02  1.3464979E-02  1.0234496E-02
  8.4572658E-03  7.3927795E-03  0.0000000E+00
  0.0000000E+00  6.2542424E-02  2.8710274E-02  1.9256402E-02  1.5094106E-02
  1.2937365E-02  1.1808084E-02  0.0000000E+00
  0.0000000E+00  8.9355133E-02  4.2116627E-02  2.9324282E-02  2.4078988E-02
  2.1860538E-02  2.0968836E-02
  0.0000000E+00  0.1354520      6.6430114E-02  4.9028076E-02  4.3474235E-02
  4.2887997E-02
  0.0000000E+00  0.2234804      0.1168775      9.5556930E-02  9.6513420E-02
  0.0000000E+00  0.4205492      0.2485344      0.2479173    
  0.0000000E+00   1.000000      0.7837088    
  0.0000000E+00   4.063560    
   28.34002    
   1000.000    
  0.0000000E+00  1.4215716E-02  6.1047766E-03  3.7503853E-03  2.6622498E-03
  2.0400616E-03  1.6394453E-03  1.3614793E-03
  0.0000000E+00  1.7294299E-02  7.4730357E-03  4.6255779E-03  3.3097074E-03
  2.5580893E-03  2.0739601E-03  1.7389831E-03
  0.0000000E+00  2.1371342E-02  9.3004629E-03  5.8120186E-03  4.2003081E-03
  3.2788906E-03  2.6893681E-03  2.2825887E-03
  0.0000000E+00  2.6893685E-02  1.1808936E-02  7.4637905E-03  5.4637906E-03
  4.3235747E-03  3.5963021E-03  0.0000000E+00
  0.0000000E+00  3.4607090E-02  1.5365178E-02  9.8520806E-03  7.3281978E-03
  5.9044682E-03  5.0138677E-03  0.0000000E+00
  0.0000000E+00  4.5731895E-02  2.0600924E-02  1.3463791E-02  1.0234206E-02
  8.4530050E-03  7.3836674E-03  0.0000000E+00
  0.0000000E+00  6.2526964E-02  2.8708784E-02  1.9254237E-02  1.5090910E-02
  1.2924499E-02  1.1784284E-02  0.0000000E+00
  0.0000000E+00  8.9337446E-02  4.2126350E-02  2.9322034E-02  2.4067797E-02
  2.1824347E-02  2.0850539E-02
  0.0000000E+00  0.1354391      6.6409864E-02  4.8998460E-02  4.3420646E-02
  4.2681046E-02
  0.0000000E+00  0.2234515      0.1168567      9.5500775E-02  9.6178740E-02
  0.0000000E+00  0.4203390      0.2484746      0.2472111    
  0.0000000E+00   1.000000      0.7821264    
  0.0000000E+00   4.058552    
   28.31433    
   10000.00    
  0.0000000E+00  1.4220718E-02  6.1082076E-03  3.7503841E-03  2.6624652E-03
  2.0396556E-03  1.6381801E-03  1.3593606E-03
  0.0000000E+00  1.7300952E-02  7.4761757E-03  4.6264986E-03  3.3107901E-03
  2.5573315E-03  2.0722409E-03  1.7356286E-03
  0.0000000E+00  2.1380264E-02  9.3052564E-03  5.8130953E-03  4.2022746E-03
  3.2800492E-03  2.6864433E-03  2.2775899E-03
  0.0000000E+00  2.6904395E-02  1.1816785E-02  7.4669532E-03  5.4626493E-03
  4.3221642E-03  3.5936057E-03  0.0000000E+00
  0.0000000E+00  3.4614202E-02  1.5370427E-02  9.8555172E-03  7.3286192E-03
  5.8991699E-03  5.0046109E-03  0.0000000E+00
  0.0000000E+00  4.5742389E-02  2.0608669E-02  1.3467569E-02  1.0230555E-02
  8.4414380E-03  7.3624346E-03  0.0000000E+00
  0.0000000E+00  6.2557638E-02  2.8718106E-02  1.9256070E-02  1.5081463E-02
  1.2901936E-02  1.1721487E-02  0.0000000E+00
  0.0000000E+00  8.9363664E-02  4.2145710E-02  2.9320626E-02  2.4042420E-02
  2.1743007E-02  2.0565633E-02
  0.0000000E+00  0.1354749      6.6430986E-02  4.9000919E-02  4.3313861E-02
  4.2207189E-02
  0.0000000E+00  0.2235475      0.1168767      9.5358126E-02  9.5296644E-02
  0.0000000E+00  0.4205349      0.2483553      0.2455272    
  0.0000000E+00   1.000000      0.7783584    
  0.0000000E+00   4.048570    
   28.25699    
   100000.0    
  0.0000000E+00  1.4233710E-02  6.1119613E-03  3.7534414E-03  2.6628939E-03
  2.0379322E-03  1.6350566E-03  1.3548486E-03
  0.0000000E+00  1.7317222E-02  7.4824104E-03  4.6313857E-03  3.3098808E-03
  2.5552155E-03  2.0676048E-03  1.7289692E-03
  0.0000000E+00  2.1394921E-02  9.3117161E-03  5.8152340E-03  4.2000613E-03
  3.2762312E-03  2.6794127E-03  2.2664424E-03
  0.0000000E+00  2.6925666E-02  1.1823188E-02  7.4701742E-03  5.4603852E-03
  4.3163048E-03  3.5821353E-03  0.0000000E+00
  0.0000000E+00  3.4628328E-02  1.5380850E-02  9.8592844E-03  7.3233405E-03
  5.8886511E-03  4.9831755E-03  0.0000000E+00
  0.0000000E+00  4.5763228E-02  2.0620987E-02  1.3468951E-02  1.0223310E-02
  8.4215356E-03  7.3172227E-03  0.0000000E+00
  0.0000000E+00  6.2587947E-02  2.8736617E-02  1.9256653E-02  1.5062710E-02
  1.2847966E-02  1.1596819E-02  0.0000000E+00
  0.0000000E+00  8.9415729E-02  4.2153567E-02  2.9311717E-02  2.3988988E-02
  2.1578465E-02  2.0097889E-02
  0.0000000E+00  0.1355766      6.6442341E-02  4.8944633E-02  4.3101866E-02
  4.1419398E-02
  0.0000000E+00  0.2236770      0.1168553      9.5074944E-02  9.3820743E-02
  0.0000000E+00  0.4206179      0.2480575      0.2426124    
  0.0000000E+00   1.000000      0.7717957    
  0.0000000E+00   4.028755    
   28.15846    
   1000000.    
  0.0000000E+00  1.4255836E-02  6.1230678E-03  3.7587150E-03  2.6626249E-03
  2.0345559E-03  1.6283722E-03  1.3452561E-03
  0.0000000E+00  1.7341619E-02  7.4931798E-03  4.6347380E-03  3.3100941E-03
  2.5498634E-03  2.0581996E-03  1.7147621E-03
  0.0000000E+00  2.1427706E-02  9.3270689E-03  5.8199461E-03  4.1982420E-03
  3.2676570E-03  2.6647469E-03  2.2446197E-03
  0.0000000E+00  2.6959684E-02  1.1839951E-02  7.4749929E-03  5.4561989E-03
  4.3013035E-03  3.5586541E-03  0.0000000E+00
  0.0000000E+00  3.4677178E-02  1.5401637E-02  9.8635955E-03  7.3143383E-03
  5.8654142E-03  4.9378602E-03  0.0000000E+00
  0.0000000E+00  4.5832075E-02  2.0645650E-02  1.3470749E-02  1.0203092E-02
  8.3752656E-03  7.2294637E-03  0.0000000E+00
  0.0000000E+00  6.2655352E-02  2.8763264E-02  1.9254319E-02  1.5019703E-02
  1.2743256E-02  1.1376174E-02  0.0000000E+00
  0.0000000E+00  8.9511983E-02  4.2194605E-02  2.9287664E-02  2.3870870E-02
  2.1270081E-02  1.9378601E-02
  0.0000000E+00  0.1357078      6.6474691E-02  4.8832983E-02  4.2679600E-02
  4.0133376E-02
  0.0000000E+00  0.2238860      0.1168536      9.4543807E-02  9.1482274E-02
  0.0000000E+00  0.4210367      0.2474386      0.2378600    
  0.0000000E+00   1.000000      0.7608366    
  0.0000000E+00   3.998181    
   27.99636    
  1.0000000E+07
  0.0000000E+00  1.4306592E-02  6.1437520E-03  3.7637935E-03  2.6614971E-03
  2.0265435E-03  1.6146735E-03  1.3256785E-03
  0.0000000E+00  1.7399345E-02  7.5156577E-03  4.6406207E-03  3.3074860E-03
  2.5380256E-03  2.0381748E-03  1.6865495E-03
  0.0000000E+00  2.1491202E-02  9.3528191E-03  5.8276174E-03  4.1932599E-03
  3.2478378E-03  2.6346555E-03  2.2013125E-03
  0.0000000E+00  2.7038474E-02  1.1869968E-02  7.4798693E-03  5.4458696E-03
  4.2737848E-03  3.5102894E-03  0.0000000E+00
  0.0000000E+00  3.4774829E-02  1.5436922E-02  9.8687746E-03  7.2949599E-03
  5.8156881E-03  4.8553534E-03  0.0000000E+00
  0.0000000E+00  4.5958847E-02  2.0688936E-02  1.3471519E-02  1.0164032E-02
  8.2821362E-03  7.0653148E-03  0.0000000E+00
  0.0000000E+00  6.2809430E-02  2.8818971E-02  1.9239487E-02  1.4929914E-02
  1.2541009E-02  1.0990159E-02  0.0000000E+00
  0.0000000E+00  8.9740537E-02  4.2260665E-02  2.9230542E-02  2.3638533E-02
  2.0721741E-02  1.8297048E-02
  0.0000000E+00  0.1360274      6.6537432E-02  4.8613183E-02  4.1902773E-02
  3.8204595E-02
  0.0000000E+00  0.2243662      0.1167909      9.3498364E-02  8.7801971E-02
  0.0000000E+00  0.4217119      0.2462869      0.2303012    
  0.0000000E+00   1.000000      0.7435133    
  0.0000000E+00   3.948703    
   27.73934    
  1.0000000E+08
  0.0000000E+00  1.4431555E-02  6.1919955E-03  3.7819026E-03  2.6598028E-03
  2.0107310E-03  1.5870071E-03  1.2885731E-03
  0.0000000E+00  1.7531903E-02  7.5667058E-03  4.6577728E-03  3.3004640E-03
  2.5136310E-03  1.9982599E-03  1.6331207E-03
  0.0000000E+00  2.1638632E-02  9.4083529E-03  5.8410671E-03  4.1792342E-03
  3.2105569E-03  2.5754061E-03  2.1215198E-03
  0.0000000E+00  2.7207077E-02  1.1931554E-02  7.4912994E-03  5.4205339E-03
  4.2140372E-03  3.4164733E-03  0.0000000E+00
  0.0000000E+00  3.4976799E-02  1.5507542E-02  9.8752910E-03  7.2476799E-03
  5.7163574E-03  4.6983762E-03  0.0000000E+00
  0.0000000E+00  4.6200696E-02  2.0774363E-02  1.3465777E-02  1.0072506E-02
  8.0974484E-03  6.7749419E-03  0.0000000E+00
  0.0000000E+00  6.3138053E-02  2.8918214E-02  1.9199537E-02  1.4741880E-02
  1.2163573E-02  1.0368329E-02  0.0000000E+00
  0.0000000E+00  9.0197213E-02  4.2372391E-02  2.9089328E-02  2.3187356E-02
  1.9794082E-02  1.6748840E-02
  0.0000000E+00  0.1366879      6.6647328E-02  4.8172854E-02  4.0545247E-02
  3.5353828E-02
  0.0000000E+00  0.2253770      0.1166183      9.1618337E-02  8.2250580E-02
  0.0000000E+00  0.4234339      0.2440835      0.2186485    
  0.0000000E+00   1.000000      0.7160673    
  0.0000000E+00   3.871810    
   27.38109    
  1.0000000E+09
  0.0000000E+00  1.4901799E-02  6.3706776E-03  3.8589214E-03  2.6774551E-03
  1.9897649E-03  1.5399723E-03  1.2240664E-03
  0.0000000E+00  1.7961273E-02  7.7261417E-03  4.7164592E-03  3.3001383E-03
  2.4713692E-03  1.9269710E-03  1.5410788E-03
  0.0000000E+00  2.2049794E-02  9.5518678E-03  5.8838176E-03  4.1549103E-03
  3.1396956E-03  2.4677734E-03  1.9869986E-03
  0.0000000E+00  2.7623791E-02  1.2074689E-02  7.5186724E-03  5.3665289E-03
  4.0968186E-03  3.2503461E-03  0.0000000E+00
  0.0000000E+00  3.5435684E-02  1.5651453E-02  9.8755183E-03  7.1424618E-03
  5.5242050E-03  4.4287690E-03  0.0000000E+00
  0.0000000E+00  4.6721991E-02  2.0926695E-02  1.3427386E-02  9.8810513E-03
  7.7621024E-03  6.3015213E-03  0.0000000E+00
  0.0000000E+00  6.3817434E-02  2.9073307E-02  1.9084370E-02  1.4365145E-02
  1.1518672E-02  9.4439834E-03  0.0000000E+00
  0.0000000E+00  9.1065004E-02  4.2517290E-02  2.8796682E-02  2.2356847E-02
  1.8354081E-02  1.4733057E-02
  0.0000000E+00  0.1379253      6.6721991E-02  4.7275241E-02  3.8340252E-02
  3.1535272E-02
  0.0000000E+00  0.2272199      0.1161549      8.8354081E-02  7.4578151E-02
  0.0000000E+00  0.4260028      0.2400000      0.2020470    
  0.0000000E+00   1.000000      0.6757953    
  0.0000000E+00   3.756570    
   27.13140    
  1.0000000E+10
  0.0000000E+00  1.7795397E-02  7.4731456E-03  4.3145777E-03  2.8337596E-03
  1.9974425E-03  1.4734014E-03  1.1225065E-03
  0.0000000E+00  2.0283887E-02  8.6112525E-03  5.0767264E-03  3.4015344E-03
  2.4360614E-03  1.8202045E-03  1.4002557E-03
  0.0000000E+00  2.3943733E-02  1.0253198E-02  6.1483374E-03  4.1892580E-03
  3.0460358E-03  2.3025577E-03  1.7867007E-03
  0.0000000E+00  2.9207161E-02  1.2626599E-02  7.6854220E-03  5.3171352E-03
  3.9181584E-03  2.9948850E-03  0.0000000E+00
  0.0000000E+00  3.6854222E-02  1.6097186E-02  9.9437339E-03  6.9820974E-03
  5.2148337E-03  4.0255752E-03  0.0000000E+00
  0.0000000E+00  4.8081841E-02  2.1296676E-02  1.3375958E-02  9.5473137E-03
  7.2276210E-03  5.6317132E-03  0.0000000E+00
  0.0000000E+00  6.5242961E-02  2.9386189E-02  1.8841432E-02  1.3710997E-02
  1.0539642E-02  8.2378518E-03  0.0000000E+00
  0.0000000E+00  9.2787720E-02  4.2762149E-02  2.8158568E-02  2.0997440E-02
  1.6365727E-02  1.2386190E-02
  0.0000000E+00  0.1401790      6.6675194E-02  4.5626596E-02  3.5063937E-02
  2.6930947E-02
  0.0000000E+00  0.2304348      0.1150639      8.3222508E-02  6.5012783E-02
  0.0000000E+00  0.4304348      0.2330690      0.1805115    
  0.0000000E+00   1.000000      0.6222506    
  0.0000000E+00   3.606138    
   28.43990    
  9.9999998E+10
  0.0000000E+00  3.2493249E-02  1.1480648E-02  5.5805580E-03  3.2020700E-03
  2.0335284E-03  1.3836634E-03  9.8897389E-04
  0.0000000E+00  3.3640862E-02  1.2445995E-02  6.2848786E-03  3.7106210E-03
  2.4099909E-03  1.6678667E-03  1.2079207E-03
  0.0000000E+00  3.5373539E-02  1.3730873E-02  7.2367233E-03  4.4126911E-03
  2.9342934E-03  2.0672816E-03  1.5166516E-03
  0.0000000E+00  3.8478848E-02  1.5589559E-02  8.5823582E-03  5.4095406E-03
  3.6858683E-03  2.6417640E-03  0.0000000E+00
  0.0000000E+00  4.4081908E-02  1.8451845E-02  1.0573807E-02  6.8789381E-03
  4.7974796E-03  3.4945994E-03  0.0000000E+00
  0.0000000E+00  5.3780377E-02  2.3019802E-02  1.3649865E-02  9.1381632E-03
  6.5076505E-03  4.7952295E-03  0.0000000E+00
  0.0000000E+00  6.9936991E-02  3.0558057E-02  1.8640865E-02  1.2797030E-02
  9.2686769E-03  6.8496848E-03  0.0000000E+00
  0.0000000E+00  9.7052209E-02  4.3361839E-02  2.7205221E-02  1.9111162E-02
  1.3973896E-02  9.9437442E-03
  0.0000000E+00  0.1446895      6.6539153E-02  4.3091808E-02  3.0895587E-02
  2.2011701E-02
  0.0000000E+00  0.2358236      0.1129613      7.6125115E-02  5.4342933E-02
  0.0000000E+00  0.4372187      0.2226598      0.1555355    
  0.0000000E+00   1.000000      0.5578308    
  0.0000000E+00   3.427093    
   31.70567    
  1.0000000E+12
  0.0000000E+00  5.3801272E-02  1.6887877E-02  7.4184141E-03  3.9179581E-03
  2.3245213E-03  1.4949864E-03  1.0187784E-03
  0.0000000E+00  5.7739291E-02  1.8340928E-02  8.1440285E-03  4.3427530E-03
  2.5979944E-03  1.6825888E-03  1.1531449E-03
  0.0000000E+00  6.2333640E-02  2.0164084E-02  9.1103008E-03  4.9279854E-03
  2.9845031E-03  1.9525979E-03  1.3491340E-03
  0.0000000E+00  6.7383774E-02  2.2461258E-02  1.0404740E-02  5.7484047E-03
  3.5423881E-03  2.3482223E-03  0.0000000E+00
  0.0000000E+00  7.2962619E-02  2.5396535E-02  1.2207839E-02  6.9443933E-03
  4.3773926E-03  2.9516865E-03  0.0000000E+00
  0.0000000E+00  8.0072924E-02  2.9498631E-02  1.4887876E-02  8.7839561E-03
  5.6845942E-03  3.8979033E-03  0.0000000E+00
  0.0000000E+00  9.1686413E-02  3.5897903E-02  1.9161349E-02  1.1770283E-02
  7.8176847E-03  5.4111211E-03  0.0000000E+00
  0.0000000E+00  0.1138924      4.6946216E-02  2.6472196E-02  1.6898815E-02
  1.1416591E-02  7.6353685E-03
  0.0000000E+00  0.1578669      6.7730173E-02  4.0036462E-02  2.6253417E-02
  1.7285323E-02
  0.0000000E+00  0.2474020      0.1102644      6.7675479E-02  4.3810390E-02
  0.0000000E+00  0.4479490      0.2089334      0.1296809    
  0.0000000E+00   1.000000      0.4878760    
  0.0000000E+00   3.232452    
   32.67092    
  9.9999998E+12
  0.0000000E+00  9.7718529E-02  3.0043578E-02  1.2945399E-02  6.7123813E-03
  3.9182263E-03  2.4814149E-03  1.6675211E-03
  0.0000000E+00  9.7782619E-02  3.0120483E-02  1.2996667E-02  6.7482698E-03
  3.9438605E-03  2.4993592E-03  1.6803383E-03
  0.0000000E+00  9.8756731E-02  3.0504998E-02  1.3188927E-02  6.8700332E-03
  4.0233275E-03  2.5531915E-03  1.7175083E-03
  0.0000000E+00  0.1027044      3.1876441E-02  1.3855422E-02  7.2417329E-03
  4.2553190E-03  2.7069983E-03  0.0000000E+00
  0.0000000E+00  0.1107408      3.4657780E-02  1.5188414E-02  7.9941042E-03
  4.7244295E-03  3.0171750E-03  0.0000000E+00
  0.0000000E+00  0.1232761      3.9169446E-02  1.7405795E-02  9.2783906E-03
  5.5357600E-03  3.5542168E-03  0.0000000E+00
  0.0000000E+00  0.1407331      4.5962576E-02  2.0943347E-02  1.1395795E-02
  6.8982313E-03  4.4424506E-03  0.0000000E+00
  0.0000000E+00  0.1649577      5.6421433E-02  2.6800821E-02  1.5034607E-02
  9.2489105E-03  5.7818508E-03
  0.0000000E+00  0.2037939      7.4429639E-02  3.7451938E-02  2.1763651E-02
  1.3150474E-02
  0.0000000E+00  0.2824917      0.1103691      5.8959242E-02  3.4221996E-02
  0.0000000E+00  0.4711612      0.1937965      0.1052807    
  0.0000000E+00   1.000000      0.4178416    
  0.0000000E+00   3.029992    
   32.44040    
  1.0000000E+14
  0.0000000E+00  0.1359244      4.1645661E-02  1.7871149E-02  9.2366943E-03
  5.3732493E-03  3.3914566E-03  2.2717086E-03
  0.0000000E+00  0.1602241      4.9103644E-02  2.1071430E-02  1.0889355E-02
  6.3319327E-03  3.9943978E-03  2.6722688E-03
  0.0000000E+00  0.1816527      5.5672269E-02  2.3886554E-02  1.2345938E-02
  7.1778712E-03  4.5231092E-03  3.0210083E-03
  0.0000000E+00  0.1943978      5.9607841E-02  2.5588235E-02  1.3221289E-02
  7.6820729E-03  4.8375349E-03  0.0000000E+00
  0.0000000E+00  0.1961485      6.0210086E-02  2.5868347E-02  1.3375350E-02
  7.7661062E-03  4.8823529E-03  0.0000000E+00
  0.0000000E+00  0.1939076      5.9642855E-02  2.5672270E-02  1.3284313E-02
  7.7170869E-03  4.8305322E-03  0.0000000E+00
  0.0000000E+00  0.1997899      6.1715685E-02  2.6666667E-02  1.3830532E-02
  8.0252104E-03  4.9726893E-03  0.0000000E+00
  0.0000000E+00  0.2223389      6.9271713E-02  3.0168068E-02  1.5721289E-02
  9.0756305E-03  5.3648460E-03
  0.0000000E+00  0.2679272      8.5014008E-02  3.7619047E-02  1.9726889E-02
  1.0980393E-02
  0.0000000E+00  0.3511905      0.1153361      5.2535016E-02  2.7100841E-02
  0.0000000E+00  0.5251400      0.1810224      8.3753496E-02
  0.0000000E+00   1.000000      0.3492297    
  0.0000000E+00   2.783613    
   31.39356    
