   100.0000    
  0.0000000E+00  1.4047734E-02  6.0969139E-03  3.8018322E-03  2.7507234E-03
  2.1526038E-03  1.7702506E-03  1.5067502E-03
  0.0000000E+00  1.7063646E-02  7.4541951E-03  4.6890071E-03  3.4233367E-03
  2.7049182E-03  2.2487945E-03  1.9365960E-03
  0.0000000E+00  2.1046288E-02  9.2695272E-03  5.8919960E-03  4.3514944E-03
  3.4811958E-03  2.9339441E-03  2.5650917E-03
  0.0000000E+00  2.6446480E-02  1.1762296E-02  7.5723240E-03  5.6726132E-03
  4.6118610E-03  3.9561233E-03  0.0000000E+00
  0.0000000E+00  3.3968177E-02  1.5296528E-02  1.0009644E-02  7.6374155E-03
  6.3428157E-03  5.5785920E-03  0.0000000E+00
  0.0000000E+00  4.4840887E-02  2.0511089E-02  1.3712632E-02  1.0728061E-02
  9.1803279E-03  8.3727101E-03  0.0000000E+00
  0.0000000E+00  6.1234333E-02  2.8616201E-02  1.9693829E-02  1.5971553E-02
  1.4291225E-02  1.3792189E-02  0.0000000E+00
  0.0000000E+00  8.7439731E-02  4.2068463E-02  3.0207328E-02  2.5891995E-02
  2.4927676E-02  2.5940211E-02
  0.0000000E+00  0.1325940      6.6658631E-02  5.1205397E-02  4.8216008E-02
  5.2049179E-02
  0.0000000E+00  0.2191418      0.1184667      0.1027483      0.1145612    
  0.0000000E+00  0.4141755      0.2581967      0.2866442    
  0.0000000E+00   1.000000      0.8770492    
  0.0000000E+00   4.327386    
   29.65284    
   1000.000    
  0.0000000E+00  1.4048135E-02  6.0962695E-03  3.8026473E-03  2.7509024E-03
  2.1528280E-03  1.7699157E-03  1.5061372E-03
  0.0000000E+00  1.7063778E-02  7.4560768E-03  4.6907337E-03  3.4247893E-03
  2.7051745E-03  2.2483754E-03  1.9354994E-03
  0.0000000E+00  2.1046931E-02  9.2707574E-03  5.8941031E-03  4.3513835E-03
  3.4825511E-03  2.9314079E-03  2.5631769E-03
  0.0000000E+00  2.6450060E-02  1.1764139E-02  7.5740074E-03  5.6726835E-03
  4.6113115E-03  3.9542718E-03  0.0000000E+00
  0.0000000E+00  3.3959083E-02  1.5297231E-02  1.0012033E-02  7.6389890E-03
  6.3417568E-03  5.5740071E-03  0.0000000E+00
  0.0000000E+00  4.4837542E-02  2.0515043E-02  1.3716005E-02  1.0729242E-02
  9.1768950E-03  8.3634173E-03  0.0000000E+00
  0.0000000E+00  6.1227437E-02  2.8616125E-02  1.9699156E-02  1.5971119E-02
  1.4281588E-02  1.3759326E-02  0.0000000E+00
  0.0000000E+00  8.7436825E-02  4.2069793E-02  3.0228641E-02  2.5896508E-02
  2.4885679E-02  2.5752105E-02
  0.0000000E+00  0.1326113      6.6666663E-02  5.1215403E-02  4.8158843E-02
  5.1744886E-02
  0.0000000E+00  0.2191576      0.1184838      0.1026955      0.1140072    
  0.0000000E+00  0.4141998      0.2582431      0.2854392    
  0.0000000E+00   1.000000      0.8748496    
  0.0000000E+00   4.320096    
   29.62696    
   10000.00    
  0.0000000E+00  1.4056581E-02  6.1016544E-03  3.8048429E-03  2.7523376E-03
  2.1527212E-03  1.7688804E-03  1.5037161E-03
  0.0000000E+00  1.7070247E-02  7.4586431E-03  4.6919207E-03  3.4260370E-03
  2.7067850E-03  2.2464637E-03  1.9319109E-03
  0.0000000E+00  2.1054905E-02  9.2759533E-03  5.8954689E-03  4.3514743E-03
  3.4811795E-03  2.9297532E-03  2.5557419E-03
  0.0000000E+00  2.6444498E-02  1.1769361E-02  7.5785182E-03  5.6725005E-03
  4.6080076E-03  3.9486932E-03  0.0000000E+00
  0.0000000E+00  3.3972669E-02  1.5305682E-02  1.0016782E-02  7.6384558E-03
  6.3366098E-03  5.5622156E-03  0.0000000E+00
  0.0000000E+00  4.4857349E-02  2.0525055E-02  1.3720931E-02  1.0728843E-02
  9.1656670E-03  8.3337333E-03  0.0000000E+00
  0.0000000E+00  6.1256293E-02  2.8626230E-02  1.9702710E-02  1.5962599E-02
  1.4253178E-02  1.3670582E-02  0.0000000E+00
  0.0000000E+00  8.7485023E-02  4.2100217E-02  3.0232558E-02  2.5869098E-02
  2.4766244E-02  2.5293695E-02
  0.0000000E+00  0.1326540      6.6698633E-02  5.1186766E-02  4.8022058E-02
  5.0994966E-02
  0.0000000E+00  0.2192280      0.1185087      0.1025414      0.1127068    
  0.0000000E+00  0.4142891      0.2579717      0.2829058    
  0.0000000E+00   1.000000      0.8690961    
  0.0000000E+00   4.303524    
   29.53728    
   100000.0    
  0.0000000E+00  1.4069491E-02  6.1089955E-03  3.8100905E-03  2.7534508E-03
  2.1518325E-03  1.7658258E-03  1.4985721E-03
  0.0000000E+00  1.7087100E-02  7.4678725E-03  4.6977629E-03  3.4269395E-03
  2.7034746E-03  2.2420275E-03  1.9236078E-03
  0.0000000E+00  2.1073299E-02  9.2860544E-03  5.9019513E-03  4.3526893E-03
  3.4769156E-03  2.9224178E-03  2.5440266E-03
  0.0000000E+00  2.6463589E-02  1.1782484E-02  7.5844838E-03  5.6734886E-03
  4.6025701E-03  3.9338409E-03  0.0000000E+00
  0.0000000E+00  3.4007616E-02  1.5321275E-02  1.0023799E-02  7.6368395E-03
  6.3255592E-03  5.5378391E-03  0.0000000E+00
  0.0000000E+00  4.4883389E-02  2.0542599E-02  1.3726796E-02  1.0721086E-02
  9.1408854E-03  8.2770111E-03  0.0000000E+00
  0.0000000E+00  6.1304141E-02  2.8653022E-02  1.9709662E-02  1.5944788E-02
  1.4188481E-02  1.3495954E-02  0.0000000E+00
  0.0000000E+00  8.7553546E-02  4.2122800E-02  3.0223703E-02  2.5797240E-02
  2.4535935E-02  2.4583532E-02
  0.0000000E+00  0.1327463      6.6730134E-02  5.1142313E-02  4.7739174E-02
  4.9785815E-02
  0.0000000E+00  0.2193955      0.1185388      0.1021894      0.1105188    
  0.0000000E+00  0.4145645      0.2577344      0.2786768    
  0.0000000E+00   1.000000      0.8595906    
  0.0000000E+00   4.276535    
   29.39077    
   1000000.    
  0.0000000E+00  1.4096245E-02  6.1197183E-03  3.8145541E-03  2.7535211E-03
  2.1490611E-03  1.7589203E-03  1.4870892E-03
  0.0000000E+00  1.7115025E-02  7.4812211E-03  4.7042253E-03  3.4272301E-03
  2.6995307E-03  2.2314554E-03  1.9065728E-03
  0.0000000E+00  2.1107981E-02  9.3028173E-03  5.9084506E-03  4.3521128E-03
  3.4694837E-03  2.9037560E-03  2.5164322E-03
  0.0000000E+00  2.6525823E-02  1.1800470E-02  7.5915493E-03  5.6713615E-03
  4.5892023E-03  3.9061033E-03  0.0000000E+00
  0.0000000E+00  3.4061033E-02  1.5345071E-02  1.0032864E-02  7.6314555E-03
  6.3004699E-03  5.4835682E-03  0.0000000E+00
  0.0000000E+00  4.4953052E-02  2.0575119E-02  1.3737090E-02  1.0706574E-02
  9.0892017E-03  8.1596244E-03  0.0000000E+00
  0.0000000E+00  6.1384980E-02  2.8685447E-02  1.9713616E-02  1.5901409E-02
  1.4056339E-02  1.3185447E-02  0.0000000E+00
  0.0000000E+00  8.7652586E-02  4.2183101E-02  3.0211268E-02  2.5657278E-02
  2.4131456E-02  2.3521127E-02
  0.0000000E+00  0.1329343      6.6784039E-02  5.1056340E-02  4.7183104E-02
  4.7934275E-02
  0.0000000E+00  0.2196714      0.1185446      0.1015024      0.1070892    
  0.0000000E+00  0.4150235      0.2570423      0.2718310    
  0.0000000E+00   1.000000      0.8438967    
  0.0000000E+00   4.232395    
   29.15493    
  1.0000000E+07
  0.0000000E+00  1.4148912E-02  6.1443304E-03  3.8258878E-03  2.7560138E-03
  2.1413516E-03  1.7429553E-03  1.4630012E-03
  0.0000000E+00  1.7177548E-02  7.5097368E-03  4.7147768E-03  3.4249714E-03
  2.6872852E-03  2.2080184E-03  1.8710195E-03
  0.0000000E+00  2.1179840E-02  9.3333339E-03  5.9198169E-03  4.3482245E-03
  3.4501718E-03  2.8682703E-03  2.4604811E-03
  0.0000000E+00  2.6597938E-02  1.1839634E-02  7.6059569E-03  5.6632305E-03
  4.5567011E-03  3.8465061E-03  0.0000000E+00
  0.0000000E+00  3.4158077E-02  1.5390608E-02  1.0043528E-02  7.6105390E-03
  6.2428410E-03  5.3768614E-03  0.0000000E+00
  0.0000000E+00  4.5085911E-02  2.0630013E-02  1.3745705E-02  1.0662085E-02
  8.9759454E-03  7.9427259E-03  0.0000000E+00
  0.0000000E+00  6.1557848E-02  2.8774343E-02  1.9709049E-02  1.5798397E-02
  1.3796106E-02  1.2648339E-02  0.0000000E+00
  0.0000000E+00  8.7903783E-02  4.2268042E-02  3.0148912E-02  2.5383735E-02
  2.3367697E-02  2.1917526E-02
  0.0000000E+00  0.1332875      6.6895761E-02  5.0813287E-02  4.6162661E-02
  4.5085911E-02
  0.0000000E+00  0.2202062      0.1185109      0.1001833      0.1017640    
  0.0000000E+00  0.4160367      0.2554410      0.2609393    
  0.0000000E+00   1.000000      0.8190149    
  0.0000000E+00   4.162658    
   28.79725    
  1.0000000E+08
  0.0000000E+00  1.4292309E-02  6.2043960E-03  3.8505495E-03  2.7582420E-03
  2.1252749E-03  1.7112088E-03  1.4167033E-03
  0.0000000E+00  1.7327473E-02  7.5714295E-03  4.7384617E-03  3.4219783E-03
  2.6615385E-03  2.1606593E-03  1.8035165E-03
  0.0000000E+00  2.1345057E-02  9.4021987E-03  5.9428574E-03  4.3384619E-03
  3.4087915E-03  2.7956048E-03  2.3560442E-03
  0.0000000E+00  2.6791211E-02  1.1916484E-02  7.6263738E-03  5.6373631E-03
  4.4879122E-03  3.7318685E-03  0.0000000E+00
  0.0000000E+00  3.4395605E-02  1.5481320E-02  1.0061539E-02  7.5626373E-03
  6.1252750E-03  5.1758247E-03  0.0000000E+00
  0.0000000E+00  4.5362640E-02  2.0740662E-02  1.3749451E-02  1.0562639E-02
  8.7516485E-03  7.5582424E-03  0.0000000E+00
  0.0000000E+00  6.1934065E-02  2.8901100E-02  1.9681320E-02  1.5582419E-02
  1.3316484E-02  1.1797803E-02  0.0000000E+00
  0.0000000E+00  8.8417590E-02  4.2417582E-02  3.0021980E-02  2.4835167E-02
  2.2131870E-02  1.9692307E-02
  0.0000000E+00  0.1340440      6.7032970E-02  5.0285716E-02  4.4395607E-02
  4.1032966E-02
  0.0000000E+00  0.2213187      0.1183956      9.7802207E-02  9.3978025E-02
  0.0000000E+00  0.4178022      0.2527473      0.2448352    
  0.0000000E+00   1.000000      0.7813187    
  0.0000000E+00   4.054945    
   28.28572    
  1.0000000E+09
  0.0000000E+00  1.4818611E-02  6.4172987E-03  3.9516292E-03  2.7895062E-03
  2.1069893E-03  1.6585366E-03  1.3390039E-03
  0.0000000E+00  1.7808978E-02  7.7618370E-03  4.8186104E-03  3.4310308E-03
  2.6173398E-03  2.0762451E-03  1.6896905E-03
  0.0000000E+00  2.1807747E-02  9.5798327E-03  6.0053291E-03  4.3205577E-03
  3.3285511E-03  2.6665300E-03  2.1869238E-03
  0.0000000E+00  2.7259683E-02  1.2090593E-02  7.6675550E-03  5.5851610E-03
  4.3533510E-03  3.5253125E-03  0.0000000E+00
  0.0000000E+00  3.4904696E-02  1.5660996E-02  1.0077885E-02  7.4502975E-03
  5.8946507E-03  4.8370571E-03  0.0000000E+00
  0.0000000E+00  4.5972534E-02  2.0926420E-02  1.3726174E-02  1.0346382E-02
  8.3398242E-03  6.9481451E-03  0.0000000E+00
  0.0000000E+00  6.2697276E-02  2.9124822E-02  1.9571634E-02  1.5140397E-02
  1.2500512E-02  1.0571839E-02  0.0000000E+00
  0.0000000E+00  8.9444563E-02  4.2652182E-02  2.9678212E-02  2.3816356E-02
  2.0252101E-02  1.6907154E-02
  0.0000000E+00  0.1354991      6.7185901E-02  4.9231403E-02  4.1565895E-02
  3.5806518E-02
  0.0000000E+00  0.2236114      0.1179340      9.3748726E-02  8.3603196E-02
  0.0000000E+00  0.4209879      0.2480016      0.2225866    
  0.0000000E+00   1.000000      0.7284279    
  0.0000000E+00   3.904489    
   27.87456    
  1.0000000E+10
  0.0000000E+00  1.8122373E-02  7.7497717E-03  4.5333332E-03  3.0082189E-03
  2.1406391E-03  1.5923287E-03  1.2230136E-03
  0.0000000E+00  2.0420091E-02  8.8292239E-03  5.2840183E-03  3.5835616E-03
  2.5972601E-03  1.9598173E-03  1.5232876E-03
  0.0000000E+00  2.3926940E-02  1.0418264E-02  6.3506844E-03  4.3908674E-03
  3.2347031E-03  2.4767122E-03  1.9452054E-03
  0.0000000E+00  2.9041095E-02  1.2752511E-02  7.8958906E-03  5.5525112E-03
  4.1552507E-03  3.2219179E-03  0.0000000E+00
  0.0000000E+00  3.6493149E-02  1.6199086E-02  1.0188128E-02  7.2840177E-03
  5.5342466E-03  4.3452051E-03  0.0000000E+00
  0.0000000E+00  4.7506846E-02  2.1388128E-02  1.3694976E-02  9.9707758E-03
  7.6986304E-03  6.1114156E-03  0.0000000E+00
  0.0000000E+00  6.4347029E-02  2.9515982E-02  1.9324200E-02  1.4376256E-02
  1.1300457E-02  9.0337899E-03  0.0000000E+00
  0.0000000E+00  9.1415524E-02  4.2958904E-02  2.8986301E-02  2.2173515E-02
  1.7749771E-02  1.3813698E-02
  0.0000000E+00  0.1381187      6.7232877E-02  4.7305934E-02  3.7515983E-02
  2.9808220E-02
  0.0000000E+00  0.2273972      0.1167489      8.7525114E-02  7.1214609E-02
  0.0000000E+00  0.4263014      0.2398174      0.1950685    
  0.0000000E+00   1.000000      0.6606392    
  0.0000000E+00   3.713242    
   29.13242    
  9.9999998E+10
  0.0000000E+00  3.5186309E-02  1.2456832E-02  6.0572559E-03  3.4777340E-03
  2.2099365E-03  1.5062103E-03  1.0786125E-03
  0.0000000E+00  3.5867918E-02  1.3333838E-02  6.7464407E-03  3.9912146E-03
  2.5976978E-03  1.8024842E-03  1.3086944E-03
  0.0000000E+00  3.7034232E-02  1.4509240E-02  7.6825209E-03  4.7031203E-03
  3.1384430E-03  2.2205391E-03  1.6358679E-03
  0.0000000E+00  3.9533474E-02  1.6237503E-02  9.0139350E-03  5.7179644E-03
  3.9185095E-03  2.8249014E-03  0.0000000E+00
  0.0000000E+00  4.4577401E-02  1.8979097E-02  1.0996668E-02  7.2205393E-03
  5.0772498E-03  3.7276584E-03  0.0000000E+00
  0.0000000E+00  5.3786732E-02  2.3432292E-02  1.4092700E-02  9.5501365E-03
  6.8751895E-03  5.1211752E-03  0.0000000E+00
  0.0000000E+00  6.9509245E-02  3.0899728E-02  1.9160861E-02  1.3355044E-02
  9.8091494E-03  7.3492881E-03  0.0000000E+00
  0.0000000E+00  9.6152686E-02  4.3744318E-02  2.7961224E-02  1.9993942E-02
  1.4874281E-02  1.0774008E-02
  0.0000000E+00  0.1431839      6.7176618E-02  4.4441078E-02  3.2565888E-02
  2.3720086E-02
  0.0000000E+00  0.2335656      0.1144805      7.9203270E-02  5.8133904E-02
  0.0000000E+00  0.4341109      0.2278098      0.1647985    
  0.0000000E+00   1.000000      0.5828537    
  0.0000000E+00   3.494396    
   32.08119    
  1.0000000E+12
  0.0000000E+00  6.0011145E-02  1.8840579E-02  8.2742479E-03  4.3712375E-03
  2.5953176E-03  1.6688963E-03  1.1382385E-03
  0.0000000E+00  6.3400216E-02  2.0133778E-02  8.9420285E-03  4.7692307E-03
  2.8550725E-03  1.8494981E-03  1.2686733E-03
  0.0000000E+00  6.7491636E-02  2.1850612E-02  9.8662209E-03  5.3389072E-03
  3.2352284E-03  2.1181717E-03  1.4648829E-03
  0.0000000E+00  7.1995534E-02  2.4013378E-02  1.1130434E-02  6.1527309E-03
  3.7948715E-03  2.5195093E-03  0.0000000E+00
  0.0000000E+00  7.6889634E-02  2.6822742E-02  1.2909698E-02  7.3534003E-03
  4.6421401E-03  3.1371235E-03  0.0000000E+00
  0.0000000E+00  8.3054624E-02  3.0780377E-02  1.5585285E-02  9.2173908E-03
  5.9821624E-03  4.1181715E-03  0.0000000E+00
  0.0000000E+00  9.3500555E-02  3.7001114E-02  1.9866221E-02  1.2263099E-02
  8.1906356E-03  5.7012262E-03  0.0000000E+00
  0.0000000E+00  0.1144928      4.7892973E-02  2.7279820E-02  1.7547378E-02
  1.1950946E-02  8.0657741E-03
  0.0000000E+00  0.1574136      6.8639912E-02  4.1137122E-02  2.7290968E-02
  1.8182831E-02
  0.0000000E+00  0.2460424      0.1115942      6.9687851E-02  4.5852840E-02
  0.0000000E+00  0.4459309      0.2124861      0.1347826    
  0.0000000E+00   1.000000      0.5023412    
  0.0000000E+00   3.270903    
   32.73133    
  9.9999998E+12
  0.0000000E+00  0.1164310      3.5804715E-02  1.5420875E-02  7.9999994E-03
  4.6734004E-03  2.9609427E-03  1.9905723E-03
  0.0000000E+00  0.1138047      3.5057239E-02  1.5131312E-02  7.8653200E-03
  4.5973063E-03  2.9151514E-03  1.9609428E-03
  0.0000000E+00  0.1119192      3.4585860E-02  1.4969696E-02  7.7979797E-03
  4.5690234E-03  2.9023567E-03  1.9535355E-03
  0.0000000E+00  0.1134007      3.5225589E-02  1.5313131E-02  8.0134673E-03
  4.7124578E-03  3.0006734E-03  0.0000000E+00
  0.0000000E+00  0.1195960      3.7447810E-02  1.6417509E-02  8.6531984E-03
  5.1191919E-03  3.2734005E-03  0.0000000E+00
  0.0000000E+00  0.1306397      4.1562285E-02  1.8484848E-02  9.8653203E-03
  5.8942763E-03  3.7898989E-03  0.0000000E+00
  0.0000000E+00  0.1468687      4.8060607E-02  2.1932660E-02  1.1952861E-02
  7.2457907E-03  4.6781143E-03  0.0000000E+00
  0.0000000E+00  0.1698316      5.8309764E-02  2.7750840E-02  1.5609426E-02
  9.6228961E-03  6.0383836E-03
  0.0000000E+00  0.2070707      7.6161616E-02  3.8471378E-02  2.2444446E-02
  1.3629629E-02
  0.0000000E+00  0.2835690      0.1121212      6.0336702E-02  3.5265990E-02
  0.0000000E+00  0.4705724      0.1963636      0.1079461    
  0.0000000E+00   1.000000      0.4255219    
  0.0000000E+00   3.049832    
   32.40404    
  1.0000000E+14
  0.0000000E+00  0.1543408      4.7296111E-02  2.0301081E-02  1.0496930E-02
  6.1093247E-03  3.8555975E-03  2.5834551E-03
  0.0000000E+00  0.1850628      5.6737792E-02  2.4346681E-02  1.2586962E-02
  7.3224204E-03  4.6214554E-03  3.0926629E-03
  0.0000000E+00  0.2114002      6.4805612E-02  2.7825197E-02  1.4384683E-02
  8.3659748E-03  5.2762348E-03  3.5252848E-03
  0.0000000E+00  0.2250219      6.9044136E-02  2.9640455E-02  1.5334697E-02
  8.9155221E-03  5.6153168E-03  0.0000000E+00
  0.0000000E+00  0.2228296      6.8459511E-02  2.9435838E-02  1.5229465E-02
  8.8541359E-03  5.5685472E-03  0.0000000E+00
  0.0000000E+00  0.2144110      6.6004097E-02  2.8447822E-02  1.4741303E-02
  8.5705929E-03  5.3726980E-03  0.0000000E+00
  0.0000000E+00  0.2146156      6.6384099E-02  2.8725518E-02  1.4925460E-02
  8.6729024E-03  5.3843902E-03  0.0000000E+00
  0.0000000E+00  0.2328851      7.2698042E-02  3.1715874E-02  1.6568255E-02
  9.5849168E-03  5.6854719E-03
  0.0000000E+00  0.2755042      8.7605961E-02  3.8877521E-02  2.0444313E-02
  1.1414791E-02
  0.0000000E+00  0.3566209      0.1175680      5.3726979E-02  2.7810581E-02
  0.0000000E+00  0.5279158      0.1832505      8.5209005E-02
  0.0000000E+00   1.000000      0.3531131    
  0.0000000E+00   2.788950    
   31.27740    
