   100.0000    
  0.0000000E+00  1.3725759E-02  6.0420656E-03  3.8555041E-03  2.8735318E-03
  2.3340618E-03  2.0021852E-03  1.7904943E-03
  0.0000000E+00  1.6607484E-02  7.3709371E-03  4.7514341E-03  3.5823546E-03
  2.9459163E-03  2.5662389E-03  2.3326960E-03
  0.0000000E+00  2.0417918E-02  9.1477744E-03  5.9710462E-03  4.5656925E-03
  3.8158973E-03  3.3870528E-03  3.1521441E-03
  0.0000000E+00  2.5580443E-02  1.1591095E-02  7.6823272E-03  5.9792409E-03
  5.1037972E-03  4.6490030E-03  0.0000000E+00
  0.0000000E+00  3.2764271E-02  1.5064190E-02  1.0177547E-02  8.1098061E-03
  7.1251024E-03  6.7344988E-03  0.0000000E+00
  0.0000000E+00  4.3143950E-02  2.0199399E-02  1.3998908E-02  1.1524174E-02
  1.0557225E-02  1.0559956E-02  0.0000000E+00
  0.0000000E+00  5.8836386E-02  2.8229993E-02  2.0267686E-02  1.7481564E-02
  1.7112810E-02  1.8806336E-02  0.0000000E+00
  0.0000000E+00  8.3952472E-02  4.1682601E-02  3.1548757E-02  2.9349905E-02
  3.2204319E-02  4.1204590E-02
  0.0000000E+00  0.1273696      6.6593826E-02  5.4971319E-02  5.8740780E-02
  7.9213329E-02
  0.0000000E+00  0.2111445      0.1206228      0.1175908      0.1659383    
  0.0000000E+00  0.4024857      0.2767004      0.3925157    
  0.0000000E+00   1.000000       1.124829    
  0.0000000E+00   5.028680    
   33.28326    
   1000.000    
  0.0000000E+00  1.3714829E-02  6.0432241E-03  3.8575507E-03  2.8761723E-03
  2.3351910E-03  2.0048933E-03  1.7914911E-03
  0.0000000E+00  1.6610030E-02  7.3725702E-03  4.7546555E-03  3.5857006E-03
  2.9482127E-03  2.5676226E-03  2.3338315E-03
  0.0000000E+00  2.0415930E-02  9.1504687E-03  5.9739025E-03  4.5697978E-03
  3.8194917E-03  3.3886095E-03  3.1520999E-03
  0.0000000E+00  2.5567487E-02  1.1593040E-02  7.6865568E-03  5.9847762E-03
  5.1080603E-03  4.6513528E-03  0.0000000E+00
  0.0000000E+00  3.2757919E-02  1.5060487E-02  1.0183498E-02  8.1160795E-03
  7.1306238E-03  6.7350818E-03  0.0000000E+00
  0.0000000E+00  4.3142587E-02  2.0212043E-02  1.4013864E-02  1.1531875E-02
  1.0561369E-02  1.0550496E-02  0.0000000E+00
  0.0000000E+00  5.8828324E-02  2.8231615E-02  2.0280004E-02  1.7493542E-02
  1.7099362E-02  1.8744053E-02  0.0000000E+00
  0.0000000E+00  8.3947264E-02  4.1688189E-02  3.1561777E-02  2.9359791E-02
  3.2132663E-02  4.0655155E-02
  0.0000000E+00  0.1273617      6.6630416E-02  5.4995243E-02  5.8692399E-02
  7.8333557E-02
  0.0000000E+00  0.2110915      0.1206742      0.1175615      0.1644692    
  0.0000000E+00  0.4024738      0.2766073      0.3896969    
  0.0000000E+00   1.000000       1.118798    
  0.0000000E+00   5.011554    
   33.19288    
   10000.00    
  0.0000000E+00  1.3718897E-02  6.0470742E-03  3.8614657E-03  2.8782783E-03
  2.3375924E-03  2.0040348E-03  1.7888366E-03
  0.0000000E+00  1.6610624E-02  7.3772697E-03  4.7585745E-03  3.5884329E-03
  2.9509079E-03  2.5675858E-03  2.3308676E-03
  0.0000000E+00  2.0416947E-02  9.1553461E-03  5.9798248E-03  4.5729657E-03
  3.8211162E-03  3.3880293E-03  3.1445862E-03
  0.0000000E+00  2.5568258E-02  1.1600537E-02  7.6933424E-03  5.9892400E-03
  5.1096166E-03  4.6469402E-03  0.0000000E+00
  0.0000000E+00  3.2763954E-02  1.5077337E-02  1.0192333E-02  8.1223939E-03
  7.1297917E-03  6.7209145E-03  0.0000000E+00
  0.0000000E+00  4.3147277E-02  2.0215197E-02  1.4028245E-02  1.1538668E-02
  1.0554136E-02  1.0508406E-02  0.0000000E+00
  0.0000000E+00  5.8843307E-02  2.8258238E-02  2.0295897E-02  1.7498318E-02
  1.7067922E-02  1.8560860E-02  0.0000000E+00
  0.0000000E+00  8.3954267E-02  4.1721586E-02  3.1580362E-02  2.9347679E-02
  3.1916611E-02  3.9488900E-02
  0.0000000E+00  0.1273840      6.6671148E-02  5.5010084E-02  5.8453262E-02
  7.6422319E-02
  0.0000000E+00  0.2111634      0.1207397      0.1173235      0.1611298    
  0.0000000E+00  0.4025555      0.2765299      0.3834566    
  0.0000000E+00   1.000000       1.105044    
  0.0000000E+00   4.972428    
   32.97915    
   100000.0    
  0.0000000E+00  1.3728077E-02  6.0556508E-03  3.8678623E-03  2.8827642E-03
  2.3394437E-03  2.0031650E-03  1.7842542E-03
  0.0000000E+00  1.6616115E-02  7.3875771E-03  4.7672424E-03  3.5935647E-03
  2.9526574E-03  2.5649481E-03  2.3209811E-03
  0.0000000E+00  2.0427272E-02  9.1678752E-03  5.9897136E-03  4.5786630E-03
  3.8217064E-03  3.3812476E-03  3.1267307E-03
  0.0000000E+00  2.5583543E-02  1.1615455E-02  7.7053937E-03  5.9963078E-03
  5.1087961E-03  4.6327310E-03  0.0000000E+00
  0.0000000E+00  3.2783858E-02  1.5099565E-02  1.0208361E-02  8.1300279E-03
  7.1238293E-03  6.6886456E-03  0.0000000E+00
  0.0000000E+00  4.3175522E-02  2.0242646E-02  1.4044574E-02  1.1544243E-02
  1.0530133E-02  1.0412765E-02  0.0000000E+00
  0.0000000E+00  5.8868524E-02  2.8286958E-02  2.0321773E-02  1.7499670E-02
  1.6972175E-02  1.8211789E-02  0.0000000E+00
  0.0000000E+00  8.4003694E-02  4.1777663E-02  3.1610180E-02  2.9276013E-02
  3.1491492E-02  3.7663192E-02
  0.0000000E+00  0.1274693      6.6741392E-02  5.4991432E-02  5.7945404E-02
  7.3401026E-02
  0.0000000E+00  0.2112620      0.1208361      0.1167876      0.1558750    
  0.0000000E+00  0.4028749      0.2760121      0.3732032    
  0.0000000E+00   1.000000       1.082421    
  0.0000000E+00   4.908348    
   32.62561    
   1000000.    
  0.0000000E+00  1.3761936E-02  6.0738386E-03  3.8803311E-03  2.8898790E-03
  2.3399109E-03  1.9974539E-03  1.7695737E-03
  0.0000000E+00  1.6651815E-02  7.4080206E-03  4.7803950E-03  3.6015278E-03
  2.9522597E-03  2.5550604E-03  2.2978995E-03
  0.0000000E+00  2.0471038E-02  9.1928709E-03  6.0063656E-03  4.5881607E-03
  3.8192235E-03  3.3634629E-03  3.0859325E-03
  0.0000000E+00  2.5626989E-02  1.1646086E-02  7.7250162E-03  6.0050925E-03
  5.0999369E-03  4.5983451E-03  0.0000000E+00
  0.0000000E+00  3.2832589E-02  1.5136857E-02  1.0232974E-02  8.1362193E-03
  7.0999367E-03  6.6110757E-03  0.0000000E+00
  0.0000000E+00  4.3233611E-02  2.0292807E-02  1.4080204E-02  1.1544240E-02
  1.0467218E-02  1.0216423E-02  0.0000000E+00
  0.0000000E+00  5.8968812E-02  2.8364101E-02  2.0356461E-02  1.7466582E-02
  1.6779123E-02  1.7581157E-02  0.0000000E+00
  0.0000000E+00  8.4137499E-02  4.1871421E-02  3.1635903E-02  2.9102482E-02
  3.0693827E-02  3.5085935E-02
  0.0000000E+00  0.1276894      6.6887334E-02  5.4920435E-02  5.6970082E-02
  6.9013365E-02
  0.0000000E+00  0.2115850      0.1209675      0.1156970      0.1479312    
  0.0000000E+00  0.4034373      0.2751114      0.3578613    
  0.0000000E+00   1.000000       1.048249    
  0.0000000E+00   4.810949    
   32.10694    
  1.0000000E+07
  0.0000000E+00  1.3822014E-02  6.1097136E-03  3.9010660E-03  2.8997485E-03
  2.3368069E-03  1.9810756E-03  1.7367350E-03
  0.0000000E+00  1.6720565E-02  7.4487962E-03  4.8053656E-03  3.6112110E-03
  2.9452629E-03  2.5284467E-03  2.2469757E-03
  0.0000000E+00  2.0553360E-02  9.2418259E-03  6.0342555E-03  4.5957603E-03
  3.8040483E-03  3.3177626E-03  3.0003593E-03
  0.0000000E+00  2.5727632E-02  1.1705593E-02  7.7578155E-03  6.0091028E-03
  5.0688707E-03  4.5155110E-03  0.0000000E+00
  0.0000000E+00  3.2950055E-02  1.5211403E-02  1.0271889E-02  8.1327111E-03
  7.0343753E-03  6.4486768E-03  0.0000000E+00
  0.0000000E+00  4.3394417E-02  2.0397654E-02  1.4121452E-02  1.1515152E-02
  1.0316206E-02  9.8442929E-03  0.0000000E+00
  0.0000000E+00  5.9180740E-02  2.8482454E-02  2.0397654E-02  1.7355373E-02
  1.6373219E-02  1.6540902E-02  0.0000000E+00
  0.0000000E+00  8.4441252E-02  4.2040963E-02  3.1644508E-02  2.8722003E-02
  2.9320877E-02  3.1500779E-02
  0.0000000E+00  0.1281591      6.7109838E-02  5.4665230E-02  5.5228170E-02
  6.2797941E-02
  0.0000000E+00  0.2123608      0.1210923      0.1136304      0.1365433    
  0.0000000E+00  0.4047191      0.2730866      0.3353695    
  0.0000000E+00   1.000000      0.9973650    
  0.0000000E+00   4.665229    
   31.34507    
  1.0000000E+08
  0.0000000E+00  1.3990926E-02  6.1938204E-03  3.9466294E-03  2.9148662E-03
  2.3260589E-03  1.9425239E-03  1.6702680E-03
  0.0000000E+00  1.6907953E-02  7.5388942E-03  4.8509077E-03  3.6203545E-03
  2.9202681E-03  2.4665082E-03  2.1445551E-03
  0.0000000E+00  2.0754106E-02  9.3420492E-03  6.0814610E-03  4.5980988E-03
  3.7586433E-03  3.2184531E-03  2.8381592E-03
  0.0000000E+00  2.5972342E-02  1.1819362E-02  7.8079090E-03  5.9971912E-03
  4.9859551E-03  4.3463702E-03  0.0000000E+00
  0.0000000E+00  3.3243302E-02  1.5341400E-02  1.0324114E-02  8.0931298E-03
  6.8787816E-03  6.1365603E-03  0.0000000E+00
  0.0000000E+00  4.3766204E-02  2.0570442E-02  1.4163786E-02  1.1408816E-02
  9.9956784E-03  9.2005190E-03  0.0000000E+00
  0.0000000E+00  5.9658602E-02  2.8705705E-02  2.0429991E-02  1.7091617E-02
  1.5622300E-02  1.4984876E-02  0.0000000E+00
  0.0000000E+00  8.5123166E-02  4.2329304E-02  3.1547103E-02  2.7927833E-02
  2.7149959E-02  2.6879862E-02
  0.0000000E+00  0.1291054      6.7437343E-02  5.4040626E-02  5.2279603E-02
  5.4580815E-02
  0.0000000E+00  0.2140234      0.1211106      0.1098747      0.1211106    
  0.0000000E+00  0.4074114      0.2691227      0.3040190    
  0.0000000E+00   1.000000      0.9257780    
  0.0000000E+00   4.460890    
   30.33708    
  1.0000000E+09
  0.0000000E+00  1.4626593E-02  6.4872494E-03  4.1083791E-03  2.9854281E-03
  2.3242258E-03  1.8816030E-03  1.5628416E-03
  0.0000000E+00  1.7486339E-02  7.8005465E-03  4.9826959E-03  3.6584700E-03
  2.8797816E-03  2.3579237E-03  1.9781420E-03
  0.0000000E+00  2.1320583E-02  9.5901648E-03  6.1885249E-03  4.5992713E-03
  3.6648454E-03  3.0382515E-03  2.5783242E-03
  0.0000000E+00  2.6557378E-02  1.2067395E-02  7.8934431E-03  5.9508197E-03
  4.8132972E-03  4.0473593E-03  0.0000000E+00
  0.0000000E+00  3.3888891E-02  1.5610201E-02  1.0382514E-02  7.9708565E-03
  6.5664849E-03  5.6193080E-03  0.0000000E+00
  0.0000000E+00  4.4526413E-02  2.0856103E-02  1.4180329E-02  1.1147541E-02
  9.4080148E-03  8.2249548E-03  0.0000000E+00
  0.0000000E+00  6.0637522E-02  2.9052826E-02  2.0336976E-02  1.6502732E-02
  1.4371585E-02  1.2896175E-02  0.0000000E+00
  0.0000000E+00  8.6448088E-02  4.2723134E-02  3.1174865E-02  2.6466304E-02
  2.4052823E-02  2.1684881E-02
  0.0000000E+00  0.1310565      6.7786887E-02  5.2641168E-02  4.7795996E-02
  4.5045540E-02
  0.0000000E+00  0.2169399      0.1207650      0.1037341      0.1026412    
  0.0000000E+00  0.4118397      0.2621129      0.2652095    
  0.0000000E+00   1.000000      0.8346084    
  0.0000000E+00   4.201275    
   29.48998    
  1.0000000E+10
  0.0000000E+00  1.8819876E-02  8.3574876E-03  5.0013801E-03  3.3719807E-03
  2.4299519E-03  1.8295376E-03  1.4223603E-03
  0.0000000E+00  2.0697031E-02  9.2822630E-03  5.7046241E-03  3.9482401E-03
  2.9102829E-03  2.2325742E-03  1.7612146E-03
  0.0000000E+00  2.3857832E-02  1.0745342E-02  6.7377500E-03  4.7708768E-03
  3.5907521E-03  2.8040027E-03  2.2436162E-03
  0.0000000E+00  2.8674949E-02  1.2974465E-02  8.2746726E-03  5.9799859E-03
  4.5879916E-03  3.6432021E-03  0.0000000E+00
  0.0000000E+00  3.5804003E-02  1.6349206E-02  1.0607315E-02  7.8122844E-03
  6.1076605E-03  4.9296063E-03  0.0000000E+00
  0.0000000E+00  4.6418216E-02  2.1504486E-02  1.4223602E-02  1.0703933E-02
  8.5369218E-03  7.0048310E-03  0.0000000E+00
  0.0000000E+00  6.2719114E-02  2.9648032E-02  2.0110421E-02  1.5527950E-02
  1.2670808E-02  1.0531401E-02  0.0000000E+00
  0.0000000E+00  8.9026913E-02  4.3257415E-02  3.0365771E-02  2.4251210E-02
  2.0310558E-02  1.6625259E-02
  0.0000000E+00  0.1345756      6.8060733E-02  5.0200138E-02  4.1959975E-02
  3.5383023E-02
  0.0000000E+00  0.2220842      0.1195307      9.5100068E-02  8.3091788E-02
  0.0000000E+00  0.4191856      0.2512767      0.2226363    
  0.0000000E+00   1.000000      0.7315390    
  0.0000000E+00   3.910283    
   30.64182    
  9.9999998E+10
  0.0000000E+00  4.0834803E-02  1.4536219E-02  7.0715547E-03  4.0578623E-03
  2.5812720E-03  1.7610424E-03  1.2641343E-03
  0.0000000E+00  4.0432863E-02  1.5194346E-02  7.7120145E-03  4.5671379E-03
  2.9774737E-03  2.0711131E-03  1.5097174E-03
  0.0000000E+00  4.0340107E-02  1.6117491E-02  8.5954061E-03  5.2826856E-03
  3.5401946E-03  2.5154592E-03  1.8639576E-03
  0.0000000E+00  4.1541517E-02  1.7570671E-02  9.8763257E-03  6.3162544E-03
  4.3586572E-03  3.1665193E-03  0.0000000E+00
  0.0000000E+00  4.5406360E-02  2.0008834E-02  1.1815370E-02  7.8621907E-03
  5.5874558E-03  4.1501769E-03  0.0000000E+00
  0.0000000E+00  5.3666078E-02  2.4200531E-02  1.4907244E-02  1.0287102E-02
  7.5265015E-03  5.6934627E-03  0.0000000E+00
  0.0000000E+00  6.8639576E-02  3.1492934E-02  2.0075088E-02  1.4315371E-02
  1.0737632E-02  8.2199648E-03  0.0000000E+00
  0.0000000E+00  9.4522960E-02  4.4346288E-02  2.9209364E-02  2.1479681E-02
  1.6417844E-02  1.2239400E-02
  0.0000000E+00  0.1405919      6.8153709E-02  4.6643108E-02  3.5375442E-02
  2.6700530E-02
  0.0000000E+00  0.2297262      0.1169611      8.4319785E-02  6.4708479E-02
  0.0000000E+00  0.4290194      0.2362191      0.1805654    
  0.0000000E+00   1.000000      0.6254417    
  0.0000000E+00   3.611749    
   32.77385    
  1.0000000E+12
  0.0000000E+00  7.3770136E-02  2.3204179E-02  1.0208968E-02  5.4048761E-03
  3.2150634E-03  2.0729213E-03  1.4168482E-03
  0.0000000E+00  7.5185023E-02  2.3944275E-02  1.0650849E-02  5.6922073E-03
  3.4153243E-03  2.2181107E-03  1.5261209E-03
  0.0000000E+00  7.7622987E-02  2.5206791E-02  1.1406182E-02  6.1863302E-03
  3.7570745E-03  2.4662602E-03  1.7120157E-03
  0.0000000E+00  8.0626905E-02  2.7013496E-02  1.2551154E-02  6.9547235E-03
  4.3012626E-03  2.8646060E-03  0.0000000E+00
  0.0000000E+00  8.3913803E-02  2.9516762E-02  1.4255552E-02  8.1410538E-03
  5.1567261E-03  3.4980411E-03  0.0000000E+00
  0.0000000E+00  8.8158466E-02  3.3151936E-02  1.6887246E-02  1.0032651E-02
  6.5411404E-03  4.5276447E-03  0.0000000E+00
  0.0000000E+00  9.6321285E-02  3.9050937E-02  2.1192860E-02  1.3178059E-02
  8.8615585E-03  6.2189810E-03  0.0000000E+00
  0.0000000E+00  0.1150631      4.9608186E-02  2.8733129E-02  1.8700479E-02
  1.2882019E-02  8.8093169E-03
  0.0000000E+00  0.1562255      7.0243798E-02  4.3034393E-02  2.9059645E-02
  1.9701784E-02
  0.0000000E+00  0.2435786      0.1139747      7.3051810E-02  4.9281672E-02
  0.0000000E+00  0.4425337      0.2185459      0.1434044    
  0.0000000E+00   1.000000      0.5265564    
  0.0000000E+00   3.336961    
   32.84719    
  9.9999998E+12
  0.0000000E+00  0.1602048      4.9370889E-02  2.1316752E-02  1.1082663E-02
  6.4857355E-03  4.1170446E-03  2.7732262E-03
  0.0000000E+00  0.1501829      4.6386246E-02  2.0073153E-02  1.0460863E-02
  6.1324071E-03  3.8990490E-03  2.6291150E-03
  0.0000000E+00  0.1407462      4.3643013E-02  1.8953914E-02  9.9049015E-03
  5.8258963E-03  3.7125093E-03  2.5076813E-03
  0.0000000E+00  0.1357718      4.2326264E-02  1.8485734E-02  9.7147040E-03
  5.7373815E-03  3.6693490E-03  0.0000000E+00
  0.0000000E+00  0.1367228      4.3028530E-02  1.8961230E-02  1.0051208E-02
  5.9758597E-03  3.8412584E-03  0.0000000E+00
  0.0000000E+00  0.1437454      4.6020482E-02  2.0599853E-02  1.1060717E-02
  6.6495980E-03  4.3035848E-03  0.0000000E+00
  0.0000000E+00  0.1569130      5.1755670E-02  2.3789320E-02  1.3050475E-02
  7.9736654E-03  5.1836139E-03  0.0000000E+00
  0.0000000E+00  0.1772495      6.1572786E-02  2.9546453E-02  1.6737381E-02
  1.0402341E-02  6.5808343E-03
  0.0000000E+00  0.2112655      7.9224586E-02  4.0453546E-02  2.3803951E-02
  1.4586687E-02
  0.0000000E+00  0.2839064      0.1153621      6.3028529E-02  3.7286028E-02
  0.0000000E+00  0.4684711      0.2013168      0.1130212    
  0.0000000E+00   1.000000      0.4400878    
  0.0000000E+00   3.087052    
   32.34821    
  1.0000000E+14
  0.0000000E+00  0.1760605      5.4019574E-02  2.3227528E-02  1.2026105E-02
  7.0097889E-03  4.4319192E-03  2.9738951E-03
  0.0000000E+00  0.2230792      6.8525657E-02  2.9471966E-02  1.5262532E-02
  8.9009190E-03  5.6274100E-03  3.7748443E-03
  0.0000000E+00  0.2628300      8.0792047E-02  3.4781963E-02  1.8021358E-02
  1.0513200E-02  6.6463957E-03  4.4541680E-03
  0.0000000E+00  0.2807772      8.6413525E-02  3.7244141E-02  1.9326609E-02
  1.1278552E-02  7.1299314E-03  0.0000000E+00
  0.0000000E+00  0.2732127      8.4292486E-02  3.6413524E-02  1.8926134E-02
  1.1054583E-02  6.9860574E-03  0.0000000E+00
  0.0000000E+00  0.2545239      7.8819342E-02  3.4173835E-02  1.7813705E-02
  1.0421240E-02  6.5751998E-03  0.0000000E+00
  0.0000000E+00  0.2435479      7.5897358E-02  3.3120733E-02  1.7353902E-02
  1.0167605E-02  6.3705132E-03  0.0000000E+00
  0.0000000E+00  0.2520024      7.9457134E-02  3.5063777E-02  1.8510826E-02
  1.0833580E-02  6.5025217E-03
  0.0000000E+00  0.2874518      9.2613466E-02  4.1679025E-02  2.2218924E-02
  1.2576386E-02
  0.0000000E+00  0.3639869      0.1220113      5.6615245E-02  2.9738948E-02
  0.0000000E+00  0.5309997      0.1886680      8.9246511E-02
  0.0000000E+00   1.000000      0.3642836    
  0.0000000E+00   2.813705    
   31.14803    
