   100.0000    
  0.0000000E+00  1.4449658E-02  6.0878838E-03  3.6454778E-03  2.5136517E-03
  1.8677474E-03  1.4543515E-03  1.1697952E-03
  0.0000000E+00  1.7623719E-02  7.4616042E-03  4.4965870E-03  3.1215870E-03
  2.3348976E-03  1.8302047E-03  1.4825085E-03
  0.0000000E+00  2.1830203E-02  9.3003409E-03  5.6484640E-03  3.9522182E-03
  2.9808020E-03  2.3566552E-03  1.9261945E-03
  0.0000000E+00  2.7534129E-02  1.1821671E-02  7.2482927E-03  5.1237200E-03
  3.9044369E-03  3.1211602E-03  0.0000000E+00
  0.0000000E+00  3.5499148E-02  1.5383958E-02  9.5477812E-03  6.8387366E-03
  5.2815699E-03  4.2875428E-03  0.0000000E+00
  0.0000000E+00  4.7013652E-02  2.0618601E-02  1.3003413E-02  9.4709890E-03
  7.4616042E-03  6.1774743E-03  0.0000000E+00
  0.0000000E+00  6.4377129E-02  2.8694538E-02  1.8481229E-02  1.3796927E-02
  1.1164675E-02  9.5179174E-03  0.0000000E+00
  0.0000000E+00  9.2064843E-02  4.1953925E-02  2.7862627E-02  2.1557167E-02
  1.8169794E-02  1.5836177E-02
  0.0000000E+00  0.1395478      6.5699659E-02  4.5733783E-02  3.7453070E-02
  3.3165529E-02
  0.0000000E+00  0.2296502      0.1139932      8.5878834E-02  7.6834470E-02
  0.0000000E+00  0.4291809      0.2347270      0.2043942    
  0.0000000E+00   1.000000      0.6757679    
  0.0000000E+00   3.761945    
   26.86007    
   1000.000    
  0.0000000E+00  1.4445866E-02  6.0869567E-03  3.6449276E-03  2.5132142E-03
  1.8670077E-03  1.4535380E-03  1.1687980E-03
  0.0000000E+00  1.7621484E-02  7.4637686E-03  4.4970163E-03  3.1206310E-03
  2.3337596E-03  1.8290709E-03  1.4812448E-03
  0.0000000E+00  2.1824382E-02  9.3009379E-03  5.6479117E-03  3.9509805E-03
  2.9795398E-03  2.3550724E-03  1.9241263E-03
  0.0000000E+00  2.7527709E-02  1.1820120E-02  7.2463769E-03  5.1193521E-03
  3.9023873E-03  3.1189260E-03  0.0000000E+00
  0.0000000E+00  3.5494462E-02  1.5379370E-02  9.5439050E-03  6.8329074E-03
  5.2813301E-03  4.2838878E-03  0.0000000E+00
  0.0000000E+00  4.7016200E-02  2.0618074E-02  1.2996591E-02  9.4671790E-03
  7.4552437E-03  6.1722086E-03  0.0000000E+00
  0.0000000E+00  6.4364880E-02  2.8687131E-02  1.8478263E-02  1.3789429E-02
  1.1155158E-02  9.5012793E-03  0.0000000E+00
  0.0000000E+00  9.2028990E-02  4.1948002E-02  2.7851664E-02  2.1543052E-02
  1.8141519E-02  1.5775790E-02
  0.0000000E+00  0.1395141      6.5686278E-02  4.5694802E-02  3.7416883E-02
  3.3056267E-02
  0.0000000E+00  0.2296249      0.1139812      8.5848257E-02  7.6598473E-02
  0.0000000E+00  0.4288150      0.2346548      0.2039642    
  0.0000000E+00   1.000000      0.6747656    
  0.0000000E+00   3.758738    
   26.84143    
   10000.00    
  0.0000000E+00  1.4452958E-02  6.0919537E-03  3.6462324E-03  2.5134101E-03
  1.8667518E-03  1.4525329E-03  1.1673052E-03
  0.0000000E+00  1.7628778E-02  7.4670073E-03  4.4997870E-03  3.1209022E-03
  2.3333333E-03  1.8275861E-03  1.4789271E-03
  0.0000000E+00  2.1834822E-02  9.3018301E-03  5.6492123E-03  3.9510429E-03
  2.9782886E-03  2.3524903E-03  1.9208173E-03
  0.0000000E+00  2.7543634E-02  1.1822051E-02  7.2498936E-03  5.1213279E-03
  3.9003831E-03  3.1149425E-03  0.0000000E+00
  0.0000000E+00  3.5508726E-02  1.5389527E-02  9.5487433E-03  6.8326946E-03
  5.2788421E-03  4.2741592E-03  0.0000000E+00
  0.0000000E+00  4.7041293E-02  2.0625796E-02  1.3001277E-02  9.4678588E-03
  7.4499785E-03  6.1558108E-03  0.0000000E+00
  0.0000000E+00  6.4410388E-02  2.8701574E-02  1.8480204E-02  1.3784589E-02
  1.1136654E-02  9.4636008E-03  0.0000000E+00
  0.0000000E+00  9.2081733E-02  4.1962534E-02  2.7854405E-02  2.1524053E-02
  1.8092806E-02  1.5615155E-02
  0.0000000E+00  0.1395487      6.5687522E-02  4.5679010E-02  3.7352063E-02
  3.2784160E-02
  0.0000000E+00  0.2297148      0.1140060      8.5738614E-02  7.6117493E-02
  0.0000000E+00  0.4291188      0.2345679      0.2029800    
  0.0000000E+00   1.000000      0.6726267    
  0.0000000E+00   3.753087    
   26.81141    
   100000.0    
  0.0000000E+00  1.4465193E-02  6.0950760E-03  3.6468587E-03  2.5127332E-03
  1.8646010E-03  1.4494907E-03  1.1638369E-03
  0.0000000E+00  1.7640067E-02  7.4702878E-03  4.4991509E-03  3.1196943E-03
  2.3306450E-03  1.8238538E-03  1.4736841E-03
  0.0000000E+00  2.1846348E-02  9.3081491E-03  5.6494055E-03  3.9490662E-03
  2.9741083E-03  2.3467741E-03  1.9125636E-03
  0.0000000E+00  2.7555177E-02  1.1829372E-02  7.2495751E-03  5.1188450E-03
  3.8943121E-03  3.1061119E-03  0.0000000E+00
  0.0000000E+00  3.5526317E-02  1.5394735E-02  9.5458403E-03  6.8293717E-03
  5.2674022E-03  4.2614602E-03  0.0000000E+00
  0.0000000E+00  4.7028862E-02  2.0632427E-02  1.2996604E-02  9.4567053E-03
  7.4278433E-03  6.1247875E-03  0.0000000E+00
  0.0000000E+00  6.4431235E-02  2.8705431E-02  1.8476229E-02  1.3764855E-02
  1.1099320E-02  9.3845502E-03  0.0000000E+00
  0.0000000E+00  9.2105262E-02  4.1965190E-02  2.7835311E-02  2.1481322E-02
  1.7983871E-02  1.5339559E-02
  0.0000000E+00  0.1396010      6.5704584E-02  4.5628183E-02  3.7194394E-02
  3.2308996E-02
  0.0000000E+00  0.2297962      0.1139643      8.5526310E-02  7.5254671E-02
  0.0000000E+00  0.4291171      0.2342954      0.2011884    
  0.0000000E+00   1.000000      0.6685059    
  0.0000000E+00   3.741086    
   26.74872    
   1000000.    
  0.0000000E+00  1.4484798E-02  6.1021964E-03  3.6494934E-03  2.5118245E-03
  1.8614866E-03  1.4446791E-03  1.1570946E-03
  0.0000000E+00  1.7664697E-02  7.4788858E-03  4.5016892E-03  3.1186657E-03
  2.3260135E-03  1.8167231E-03  1.4641049E-03
  0.0000000E+00  2.1879224E-02  9.3201017E-03  5.6545609E-03  3.9467909E-03
  2.9674831E-03  2.3361489E-03  1.8978042E-03
  0.0000000E+00  2.7592907E-02  1.1841217E-02  7.2508445E-03  5.1140203E-03
  3.8838685E-03  3.0891050E-03  0.0000000E+00
  0.0000000E+00  3.5574328E-02  1.5409629E-02  9.5481426E-03  6.8201018E-03
  5.2491557E-03  4.2314189E-03  0.0000000E+00
  0.0000000E+00  4.7086149E-02  2.0650338E-02  1.2998311E-02  9.4425678E-03
  7.3986487E-03  6.0684122E-03  0.0000000E+00
  0.0000000E+00  6.4484797E-02  2.8733110E-02  1.8471284E-02  1.3733109E-02
  1.1026183E-02  9.2483107E-03  0.0000000E+00
  0.0000000E+00  9.2229739E-02  4.1997466E-02  2.7816724E-02  2.1397805E-02
  1.7787164E-02  1.4928211E-02
  0.0000000E+00  0.1397804      6.5751694E-02  4.5565881E-02  3.6921453E-02
  3.1570949E-02
  0.0000000E+00  0.2300254      0.1139358      8.5177369E-02  7.3859796E-02
  0.0000000E+00  0.4294764      0.2339105      0.1983531    
  0.0000000E+00   1.000000      0.6621622    
  0.0000000E+00   3.722551    
   26.65963    
  1.0000000E+07
  0.0000000E+00  1.4525303E-02  6.1145960E-03  3.6532830E-03  2.5089921E-03
  1.8540359E-03  1.4332916E-03  1.1426181E-03
  0.0000000E+00  1.7708071E-02  7.4947723E-03  4.5043915E-03  3.1137599E-03
  2.3153492E-03  1.8009201E-03  1.4437474E-03
  0.0000000E+00  2.1928063E-02  9.3350066E-03  5.6545376E-03  3.9393557E-03
  2.9519030E-03  2.3132581E-03  1.8678376E-03
  0.0000000E+00  2.7653702E-02  1.1861145E-02  7.2521959E-03  5.1024677E-03
  3.8598913E-03  3.0535341E-03  0.0000000E+00
  0.0000000E+00  3.5646174E-02  1.5432872E-02  9.5483055E-03  6.8005016E-03
  5.2112085E-03  4.1718944E-03  0.0000000E+00
  0.0000000E+00  4.7176912E-02  2.0677540E-02  1.2990381E-02  9.4061065E-03
  7.3274774E-03  5.9598493E-03  0.0000000E+00
  0.0000000E+00  6.4617313E-02  2.8762024E-02  1.8448349E-02  1.3655374E-02
  1.0882475E-02  9.0046003E-03  0.0000000E+00
  0.0000000E+00  9.2388123E-02  4.2032622E-02  2.7754076E-02  2.1221245E-02
  1.7427854E-02  1.4286909E-02
  0.0000000E+00  0.1399833      6.5746553E-02  4.5378502E-02  3.6398996E-02
  3.0405687E-02
  0.0000000E+00  0.2303638      0.1138436      8.4441654E-02  7.1601838E-02
  0.0000000E+00  0.4299456      0.2329987      0.1936428    
  0.0000000E+00   1.000000      0.6507737    
  0.0000000E+00   3.690924    
   26.49937    
  1.0000000E+08
  0.0000000E+00  1.4627725E-02  6.1538462E-03  3.6635131E-03  2.5047306E-03
  1.8399836E-03  1.4121761E-03  1.1160016E-03
  0.0000000E+00  1.7819827E-02  7.5318799E-03  4.5125466E-03  3.1048951E-03
  2.2945290E-03  1.7708761E-03  1.4064171E-03
  0.0000000E+00  2.2048539E-02  9.3747433E-03  5.6602224E-03  3.9238995E-03
  2.9210201E-03  2.2694364E-03  1.8128343E-03
  0.0000000E+00  2.7791031E-02  1.1904566E-02  7.2562736E-03  5.0761006E-03
  3.8124230E-03  2.9868367E-03  0.0000000E+00
  0.0000000E+00  3.5812423E-02  1.5483341E-02  9.5433984E-03  6.7585353E-03
  5.1336903E-03  4.0625259E-03  0.0000000E+00
  0.0000000E+00  4.7387905E-02  2.0736322E-02  1.2974085E-02  9.3294941E-03
  7.1945707E-03  5.7630604E-03  0.0000000E+00
  0.0000000E+00  6.4870425E-02  2.8827641E-02  1.8399835E-02  1.3508844E-02
  1.0621144E-02  8.6013991E-03  0.0000000E+00
  0.0000000E+00  9.2760183E-02  4.2081449E-02  2.7634719E-02  2.0888522E-02
  1.6816124E-02  1.3344303E-02
  0.0000000E+00  0.1405183      6.5775402E-02  4.5043193E-02  3.5475116E-02
  2.8654875E-02
  0.0000000E+00  0.2311395      0.1136981      8.3093375E-02  6.8120115E-02
  0.0000000E+00  0.4310983      0.2313451      0.1862608    
  0.0000000E+00   1.000000      0.6334842    
  0.0000000E+00   3.640889    
   26.27725    
  1.0000000E+09
  0.0000000E+00  1.5025989E-02  6.2854858E-03  3.7121153E-03  2.5085965E-03
  1.8176727E-03  1.3734505E-03  1.0679727E-03
  0.0000000E+00  1.8176729E-02  7.6489397E-03  4.5501799E-03  3.0955619E-03
  2.2570970E-03  1.7157136E-03  1.3398640E-03
  0.0000000E+00  2.2391044E-02  9.4842063E-03  5.6817271E-03  3.8976406E-03
  2.8624549E-03  2.1891242E-03  1.7177128E-03
  0.0000000E+00  2.8136743E-02  1.2007196E-02  7.2610956E-03  5.0259894E-03
  3.7217110E-03  2.8660535E-03  0.0000000E+00
  0.0000000E+00  3.6181524E-02  1.5585765E-02  9.5321871E-03  6.6693323E-03
  4.9900040E-03  3.8716514E-03  0.0000000E+00
  0.0000000E+00  4.7820870E-02  2.0839663E-02  1.2926829E-02  9.1723306E-03
  6.9452212E-03  5.4378249E-03  0.0000000E+00
  0.0000000E+00  6.5413833E-02  2.8932426E-02  1.8288685E-02  1.3218712E-02
  1.0159936E-02  7.9888050E-03  0.0000000E+00
  0.0000000E+00  9.3442619E-02  4.2183127E-02  2.7365055E-02  2.0275889E-02
  1.5837664E-02  1.2071172E-02
  0.0000000E+00  0.1415034      6.5813668E-02  4.4302277E-02  3.3918433E-02
  2.6201518E-02
  0.0000000E+00  0.2325870      0.1132347      8.0727711E-02  6.3134745E-02
  0.0000000E+00  0.4334266      0.2282687      0.1752899    
  0.0000000E+00   1.000000      0.6065574    
  0.0000000E+00   3.565374    
   26.17753    
  1.0000000E+10
  0.0000000E+00  1.7399924E-02  7.1178041E-03  4.0259240E-03  2.5974074E-03
  1.8025161E-03  1.3110940E-03  9.8589400E-04
  0.0000000E+00  2.0118184E-02  8.3187185E-03  4.7922223E-03  3.1437285E-03
  2.2108271E-03  1.6248570E-03  1.2310331E-03
  0.0000000E+00  2.3987798E-02  1.0015249E-02  5.8558900E-03  3.8963016E-03
  2.7735417E-03  2.0571863E-03  1.5684330E-03
  0.0000000E+00  2.9481508E-02  1.2424704E-02  7.3617990E-03  4.9637817E-03
  3.5718642E-03  2.6713684E-03  0.0000000E+00
  0.0000000E+00  3.7365612E-02  1.5916890E-02  9.5539456E-03  6.5230653E-03
  4.7426610E-03  3.5741518E-03  0.0000000E+00
  0.0000000E+00  4.8951581E-02  2.1105602E-02  1.2851696E-02  8.8943951E-03
  6.5383147E-03  4.9561569E-03  0.0000000E+00
  0.0000000E+00  6.6565000E-02  2.9138392E-02  1.8059473E-02  1.2699198E-02
  9.4433846E-03  7.1483036E-03  0.0000000E+00
  0.0000000E+00  9.4815090E-02  4.2317957E-02  2.6828058E-02  1.9241326E-02
  1.4422416E-02  1.0495615E-02
  0.0000000E+00  0.1432711      6.5688141E-02  4.3004192E-02  3.1547844E-02
  2.3084253E-02
  0.0000000E+00  0.2350743      0.1122379      7.6858558E-02  5.6538310E-02
  0.0000000E+00  0.4365231      0.2228364      0.1602364    
  0.0000000E+00   1.000000      0.5684330    
  0.0000000E+00   3.457873    
   27.50286    
  9.9999998E+10
  0.0000000E+00  2.9124910E-02  1.0247000E-02  4.9717715E-03  2.8454480E-03
  1.8023994E-03  1.2223006E-03  8.7085384E-04
  0.0000000E+00  3.0864501E-02  1.1312632E-02  5.6810160E-03  3.3405081E-03
  2.1587862E-03  1.4865913E-03  1.0709245E-03
  0.0000000E+00  3.3288639E-02  1.2724064E-02  6.6443183E-03  4.0190541E-03
  2.6534933E-03  1.8553281E-03  1.3514467E-03
  0.0000000E+00  3.7155963E-02  1.4728298E-02  7.9922369E-03  4.9788281E-03
  3.3570922E-03  2.3821453E-03  0.0000000E+00
  0.0000000E+00  4.3472122E-02  1.7738178E-02  9.9717705E-03  6.3867322E-03
  4.3895552E-03  3.1538461E-03  0.0000000E+00
  0.0000000E+00  5.3810868E-02  2.2438249E-02  1.2995765E-02  8.5250521E-03
  5.9597734E-03  4.3189838E-03  0.0000000E+00
  0.0000000E+00  7.0606910E-02  3.0017642E-02  1.7829921E-02  1.1944248E-02
  8.4615387E-03  6.1220885E-03  0.0000000E+00
  0.0000000E+00  9.8447420E-02  4.2731121E-02  2.6005644E-02  1.7752292E-02
  1.2635850E-02  8.7544108E-03
  0.0000000E+00  0.1470360      6.5490469E-02  4.0931545E-02  2.8373322E-02
  1.9537756E-02
  0.0000000E+00  0.2395907      0.1104093      7.1347915E-02  4.8800282E-02
  0.0000000E+00  0.4421313      0.2145378      0.1417784    
  0.0000000E+00   1.000000      0.5201129    
  0.0000000E+00   3.323924    
   31.17149    
  1.0000000E+12
  0.0000000E+00  4.6182495E-02  1.4494103E-02  6.3656117E-03  3.3612663E-03
  1.9947239E-03  1.2815022E-03  8.7274984E-04
  0.0000000E+00  5.0527625E-02  1.6049039E-02  7.1260086E-03  3.7988827E-03
  2.2718809E-03  1.4695841E-03  1.0062073E-03
  0.0000000E+00  5.5555556E-02  1.7967101E-02  8.1129735E-03  4.3854746E-03
  2.6545622E-03  1.7337058E-03  1.1958411E-03
  0.0000000E+00  6.1142147E-02  2.0347610E-02  9.4196154E-03  5.1986342E-03
  3.1967722E-03  2.1148354E-03  0.0000000E+00
  0.0000000E+00  6.7566730E-02  2.3410924E-02  1.1225946E-02  6.3687149E-03
  4.0006209E-03  2.6868405E-03  0.0000000E+00
  0.0000000E+00  7.5915582E-02  2.7690876E-02  1.3891992E-02  8.1502171E-03
  5.2451892E-03  3.5754191E-03  0.0000000E+00
  0.0000000E+00  8.9137182E-02  3.4295470E-02  1.8109871E-02  1.1018001E-02
  7.2501549E-03  4.9689636E-03  0.0000000E+00
  0.0000000E+00  0.1130354      4.5530725E-02  2.5251396E-02  1.5878337E-02
  1.0577281E-02  6.9708256E-03
  0.0000000E+00  0.1585351      6.6263191E-02  3.8299192E-02  2.4605835E-02
  1.5875233E-02
  0.0000000E+00  0.2494103      0.1079764      6.4400993E-02  4.0564865E-02
  0.0000000E+00  0.4512725      0.2030416      0.1213842    
  0.0000000E+00   1.000000      0.4643079    
  0.0000000E+00   3.168839    
   32.58846    
  9.9999998E+12
  0.0000000E+00  7.6752305E-02  2.3591917E-02  1.0157146E-02  5.2681467E-03
  3.0730856E-03  1.9456223E-03  1.3070592E-03
  0.0000000E+00  7.9246700E-02  2.4400100E-02  1.0521326E-02  5.4627089E-03
  3.1903218E-03  2.0217013E-03  1.3584435E-03
  0.0000000E+00  8.2863554E-02  2.5592417E-02  1.1062609E-02  5.7570464E-03
  3.3699179E-03  2.1371914E-03  1.4362683E-03
  0.0000000E+00  8.9124471E-02  2.7637815E-02  1.2005488E-02  6.2733851E-03
  3.6817160E-03  2.3407335E-03  0.0000000E+00
  0.0000000E+00  9.8952360E-02  3.0955350E-02  1.3547019E-02  7.1264654E-03
  4.2055380E-03  2.6814668E-03  0.0000000E+00
  0.0000000E+00  0.1128710      3.5844352E-02  1.5909204E-02  8.4684463E-03
  5.0436519E-03  3.2302320E-03  0.0000000E+00
  0.0000000E+00  0.1316288      4.2903468E-02  1.9518584E-02  1.0596158E-02
  6.3981041E-03  4.1082562E-03  0.0000000E+00
  0.0000000E+00  0.1574956      5.3604390E-02  2.5367923E-02  1.4185582E-02
  8.6829625E-03  5.3978553E-03
  0.0000000E+00  0.1989025      7.1838364E-02  3.5869297E-02  2.0695934E-02
  1.2404590E-02
  0.0000000E+00  0.2808681      0.1076827      5.6772262E-02  3.2526817E-02
  0.0000000E+00  0.4719381      0.1895984      0.1008481    
  0.0000000E+00   1.000000      0.4050886    
  0.0000000E+00   2.998254    
   32.50187    
  1.0000000E+14
  0.0000000E+00  0.1097725      3.3631001E-02  1.4427969E-02  7.4557709E-03
  4.3369839E-03  2.7363100E-03  1.8331929E-03
  0.0000000E+00  0.1277338      3.9123841E-02  1.6785171E-02  8.6722830E-03
  5.0412803E-03  3.1794440E-03  2.1263689E-03
  0.0000000E+00  0.1442629      4.4212300E-02  1.8955348E-02  9.7944392E-03
  5.6916592E-03  3.5855095E-03  2.3942711E-03
  0.0000000E+00  0.1561921      4.7868572E-02  2.0539174E-02  1.0609941E-02
  6.1634374E-03  3.8770007E-03  0.0000000E+00
  0.0000000E+00  0.1622241      4.9772535E-02  2.1364786E-02  1.1039595E-02
  6.4094355E-03  4.0235887E-03  0.0000000E+00
  0.0000000E+00  0.1670093      5.1322658E-02  2.2072451E-02  1.1413647E-02
  6.6200499E-03  4.1398481E-03  0.0000000E+00
  0.0000000E+00  0.1794440      5.5366471E-02  2.3892164E-02  1.2377421E-02
  7.1693347E-03  4.4347094E-03  0.0000000E+00
  0.0000000E+00  0.2069082      6.4347088E-02  2.7969671E-02  1.4547599E-02
  8.3757369E-03  4.9385005E-03
  0.0000000E+00  0.2559393      8.0994099E-02  3.5754003E-02  1.8685762E-02
  1.0363943E-02
  0.0000000E+00  0.3423757      0.1118955      5.0749786E-02  2.6048861E-02
  0.0000000E+00  0.5204718      0.1775906      8.1482731E-02
  0.0000000E+00   1.000000      0.3430497    
  0.0000000E+00   2.773378    
   31.54170    
