   100.0000    
  0.0000000E+00  1.3942659E-02  6.0837734E-03  3.8267588E-03  2.7978853E-03
  2.2183813E-03  1.8509557E-03  1.6008540E-03
  0.0000000E+00  1.6913379E-02  7.4339160E-03  4.7193980E-03  3.4851567E-03
  2.7917852E-03  2.3586825E-03  2.0658802E-03
  0.0000000E+00  2.0841805E-02  9.2374943E-03  5.9292396E-03  4.4326959E-03
  3.6010572E-03  3.0866205E-03  2.7531516E-03
  0.0000000E+00  2.6148841E-02  1.1716145E-02  7.6230168E-03  5.7889381E-03
  4.7844648E-03  4.1866610E-03  0.0000000E+00
  0.0000000E+00  3.3570558E-02  1.5231801E-02  1.0085400E-02  7.8141522E-03
  6.6124438E-03  5.9516062E-03  0.0000000E+00
  0.0000000E+00  4.4265959E-02  2.0435136E-02  1.3836924E-02  1.1016673E-02
  9.6421307E-03  9.0524601E-03  0.0000000E+00
  0.0000000E+00  6.0431067E-02  2.8507523E-02  1.9926799E-02  1.6502643E-02
  1.5199267E-02  1.5256200E-02  0.0000000E+00
  0.0000000E+00  8.6274907E-02  4.1988611E-02  3.0723870E-02  2.7043510E-02
  2.7104512E-02  2.9951200E-02
  0.0000000E+00  0.1308459      6.6714108E-02  5.2521348E-02  5.1484343E-02
  5.9333060E-02
  0.0000000E+00  0.2163481      0.1193371      0.1075030      0.1285889    
  0.0000000E+00  0.4103294      0.2643351      0.3159821    
  0.0000000E+00   1.000000      0.9469296    
  0.0000000E+00   4.524197    
   30.66287    
   1000.000    
  0.0000000E+00  1.3944006E-02  6.0864273E-03  3.8283630E-03  2.7997568E-03
  2.2195172E-03  1.8512883E-03  1.6005276E-03
  0.0000000E+00  1.6914181E-02  7.4355858E-03  4.7210390E-03  3.4854941E-03
  2.7936702E-03  2.3574762E-03  2.0653277E-03
  0.0000000E+00  2.0835871E-02  9.2391968E-03  5.9322380E-03  4.4349767E-03
  3.6011362E-03  3.0858188E-03  2.7510652E-03
  0.0000000E+00  2.6151350E-02  1.1718402E-02  7.6262932E-03  5.7902210E-03
  4.7859610E-03  4.1854335E-03  0.0000000E+00
  0.0000000E+00  3.3556502E-02  1.5236356E-02  1.0089268E-02  7.8170020E-03
  6.6139181E-03  5.9484686E-03  0.0000000E+00
  0.0000000E+00  4.4268616E-02  2.0430109E-02  1.3842565E-02  1.1020491E-02
  9.6409004E-03  9.0424018E-03  0.0000000E+00
  0.0000000E+00  6.0438227E-02  2.8525058E-02  1.9933050E-02  1.6506391E-02
  1.5191724E-02  1.5216069E-02  0.0000000E+00
  0.0000000E+00  8.6264968E-02  4.1996349E-02  3.0716170E-02  2.7044026E-02
  2.7064316E-02  2.9681478E-02
  0.0000000E+00  0.1308379      6.6727534E-02  5.2546155E-02  5.1430311E-02
  5.8896329E-02
  0.0000000E+00  0.2164739      0.1193548      0.1074660      0.1278556    
  0.0000000E+00  0.4104281      0.2643538      0.3146683    
  0.0000000E+00   1.000000      0.9438020    
  0.0000000E+00   4.516129    
   30.61473    
   10000.00    
  0.0000000E+00  1.3949545E-02  6.0887989E-03  3.8304739E-03  2.8012109E-03
  2.2199797E-03  1.8500503E-03  1.5979818E-03
  0.0000000E+00  1.6920282E-02  7.4389502E-03  4.7225025E-03  3.4873863E-03
  2.7931381E-03  2.3572147E-03  2.0625629E-03
  0.0000000E+00  2.0847628E-02  9.2452066E-03  5.9354189E-03  4.4359230E-03
  3.6004037E-03  3.0837536E-03  2.7447024E-03
  0.0000000E+00  2.6155397E-02  1.1725529E-02  7.6306760E-03  5.7921289E-03
  4.7850651E-03  4.1796165E-03  0.0000000E+00
  0.0000000E+00  3.3582240E-02  1.5243188E-02  1.0094854E-02  7.8163473E-03
  6.6094850E-03  5.9354189E-03  0.0000000E+00
  0.0000000E+00  4.4278506E-02  2.0443996E-02  1.3848636E-02  1.1019172E-02
  9.6306754E-03  9.0090819E-03  0.0000000E+00
  0.0000000E+00  6.0443994E-02  2.8536832E-02  1.9939454E-02  1.6500503E-02
  1.5156407E-02  1.5101916E-02  0.0000000E+00
  0.0000000E+00  8.6296670E-02  4.2018164E-02  3.0736627E-02  2.7023209E-02
  2.6922300E-02  2.9081736E-02
  0.0000000E+00  0.1308779      6.6760845E-02  5.2532796E-02  5.1261351E-02
  5.7901107E-02
  0.0000000E+00  0.2165489      0.1193945      0.1072856      0.1261150    
  0.0000000E+00  0.4104944      0.2641776      0.3112008    
  0.0000000E+00   1.000000      0.9364278    
  0.0000000E+00   4.494450    
   30.51463    
   100000.0    
  0.0000000E+00  1.3960040E-02  6.0959039E-03  3.8341659E-03  2.8031967E-03
  2.2197803E-03  1.8471528E-03  1.5922077E-03
  0.0000000E+00  1.6935064E-02  7.4485512E-03  4.7272723E-03  3.4905092E-03
  2.7932066E-03  2.3516484E-03  2.0519479E-03
  0.0000000E+00  2.0859141E-02  9.2547452E-03  5.9400597E-03  4.4375625E-03
  3.5984016E-03  3.0749249E-03  2.7292708E-03
  0.0000000E+00  2.6173826E-02  1.1736264E-02  7.6363632E-03  5.7942057E-03
  4.7792206E-03  4.1658343E-03  0.0000000E+00
  0.0000000E+00  3.3606395E-02  1.5258742E-02  1.0101898E-02  7.8161834E-03
  6.5994007E-03  5.9080916E-03  0.0000000E+00
  0.0000000E+00  4.4315685E-02  2.0459540E-02  1.3856144E-02  1.1014985E-02
  9.6043954E-03  8.9390613E-03  0.0000000E+00
  0.0000000E+00  6.0479522E-02  2.8551450E-02  1.9948052E-02  1.6481519E-02
  1.5082916E-02  1.4883116E-02  0.0000000E+00
  0.0000000E+00  8.6353645E-02  4.2057943E-02  3.0729270E-02  2.6953045E-02
  2.6633365E-02  2.8131867E-02
  0.0000000E+00  0.1309690      6.6813186E-02  5.2487511E-02  5.0909091E-02
  5.6303691E-02
  0.0000000E+00  0.2165834      0.1194206      0.1068731      0.1232368    
  0.0000000E+00  0.4107892      0.2637362      0.3056943    
  0.0000000E+00   1.000000      0.9238762    
  0.0000000E+00   4.459540    
   30.30969    
   1000000.    
  0.0000000E+00  1.3986658E-02  6.1094761E-03  3.8434372E-03  2.8055718E-03
  2.2169901E-03  1.8401019E-03  1.5797527E-03
  0.0000000E+00  1.6964881E-02  7.4632135E-03  4.7361189E-03  3.4922501E-03
  2.7879144E-03  2.3405924E-03  2.0325680E-03
  0.0000000E+00  2.0894643E-02  9.2740823E-03  5.9505589E-03  4.4398662E-03
  3.5923091E-03  3.0586617E-03  2.6976652E-03
  0.0000000E+00  2.6231114E-02  1.1759858E-02  7.6495972E-03  5.7936041E-03
  4.7655483E-03  4.1338038E-03  0.0000000E+00
  0.0000000E+00  3.3647243E-02  1.5287423E-02  1.0115754E-02  7.8124381E-03
  6.5724934E-03  5.8465763E-03  0.0000000E+00
  0.0000000E+00  4.4379044E-02  2.0502256E-02  1.3870904E-02  1.1002550E-02
  9.5467921E-03  8.8012554E-03  0.0000000E+00
  0.0000000E+00  6.0584657E-02  2.8605061E-02  1.9952914E-02  1.6439080E-02
  1.4930351E-02  1.4492839E-02  0.0000000E+00
  0.0000000E+00  8.6482242E-02  4.2122815E-02  3.0723954E-02  2.6800079E-02
  2.6133018E-02  2.6721600E-02
  0.0000000E+00  0.1311556      6.6882476E-02  5.2383754E-02  5.0245240E-02
  5.3855207E-02
  0.0000000E+00  0.2169904      0.1194624      0.1060820      0.1187757    
  0.0000000E+00  0.4112223      0.2628997      0.2968413    
  0.0000000E+00   1.000000      0.9040611    
  0.0000000E+00   4.402590    
   30.01765    
  1.0000000E+07
  0.0000000E+00  1.4047890E-02  6.1402507E-03  3.8578487E-03  2.8088179E-03
  2.2101861E-03  1.8240212E-03  1.5530216E-03
  0.0000000E+00  1.7033447E-02  7.4971491E-03  4.7529456E-03  3.4948688E-03
  2.7784111E-03  2.3166097E-03  1.9935386E-03
  0.0000000E+00  2.0980615E-02  9.3120486E-03  5.9673130E-03  4.4393763E-03
  3.5727862E-03  3.0197641E-03  2.6339795E-03
  0.0000000E+00  2.6320789E-02  1.1805397E-02  7.6681864E-03  5.7886736E-03
  4.7339415E-03  4.0668948E-03  0.0000000E+00
  0.0000000E+00  3.3770431E-02  1.5343975E-02  1.0136831E-02  7.7993157E-03
  6.5127327E-03  5.7240590E-03  0.0000000E+00
  0.0000000E+00  4.4526797E-02  2.0562522E-02  1.3892056E-02  1.0963512E-02
  9.4222724E-03  8.5423794E-03  0.0000000E+00
  0.0000000E+00  6.0775373E-02  2.8696312E-02  1.9973394E-02  1.6335994E-02
  1.4631319E-02  1.3833144E-02  0.0000000E+00
  0.0000000E+00  8.6754084E-02  4.2227287E-02  3.0691752E-02  2.6491828E-02
  2.5218548E-02  2.4667427E-02
  0.0000000E+00  0.1315659      6.7027740E-02  5.2128468E-02  4.9049791E-02
  5.0228052E-02
  0.0000000E+00  0.2175979      0.1194983      0.1045610      0.1120106    
  0.0000000E+00  0.4123907      0.2613075      0.2831623    
  0.0000000E+00   1.000000      0.8728620    
  0.0000000E+00   4.313949    
   29.55150    
  1.0000000E+08
  0.0000000E+00  1.4197554E-02  6.2054698E-03  3.8862901E-03  2.8139618E-03
  2.1950342E-03  1.7891328E-03  1.5001800E-03
  0.0000000E+00  1.7193235E-02  7.5656716E-03  4.7822958E-03  3.4940627E-03
  2.7509895E-03  2.2634042E-03  1.9143578E-03
  0.0000000E+00  2.1158690E-02  9.3882699E-03  5.9967614E-03  4.4314503E-03
  3.5282476E-03  2.9381071E-03  2.5134941E-03
  0.0000000E+00  2.6520332E-02  1.1892768E-02  7.6952139E-03  5.7664630E-03
  4.6581505E-03  3.9348686E-03  0.0000000E+00
  0.0000000E+00  3.4005038E-02  1.5446204E-02  1.0160130E-02  7.7491901E-03
  6.3799927E-03  5.4893848E-03  0.0000000E+00
  0.0000000E+00  4.4836272E-02  2.0690896E-02  1.3906081E-02  1.0858223E-02
  9.1669671E-03  8.0838427E-03  0.0000000E+00
  0.0000000E+00  6.1173085E-02  2.8859302E-02  1.9953221E-02  1.6097518E-02
  1.4069810E-02  1.2790572E-02  0.0000000E+00
  0.0000000E+00  8.7315582E-02  4.2425334E-02  3.0568551E-02  2.5854625E-02
  2.3713566E-02  2.1842388E-02
  0.0000000E+00  0.1323857      6.7218430E-02  5.1565316E-02  4.6941347E-02
  4.5124147E-02
  0.0000000E+00  0.2189637      0.1193955      0.1017992      0.1022670    
  0.0000000E+00  0.4141778      0.2583663      0.2632242    
  0.0000000E+00   1.000000      0.8263764    
  0.0000000E+00   4.181360    
   28.91328    
  1.0000000E+09
  0.0000000E+00  1.4762687E-02  6.4444081E-03  4.0055839E-03  2.8559698E-03
  2.1809821E-03  1.7342749E-03  1.4132042E-03
  0.0000000E+00  1.7704057E-02  7.7796029E-03  4.8776483E-03  3.5112498E-03
  2.7065200E-03  2.1711283E-03  1.7851865E-03
  0.0000000E+00  2.1662014E-02  9.5877806E-03  6.0716048E-03  4.4178027E-03
  3.4439152E-03  2.7919197E-03  2.3172935E-03
  0.0000000E+00  2.7032353E-02  1.2089013E-02  7.7516837E-03  5.7135820E-03
  4.5130560E-03  3.7017574E-03  0.0000000E+00
  0.0000000E+00  3.4570538E-02  1.5652817E-02  1.0190507E-02  7.6350793E-03
  6.1258003E-03  5.0977170E-03  0.0000000E+00
  0.0000000E+00  4.5491867E-02  2.0922976E-02  1.3893907E-02  1.0627361E-02
  8.7009361E-03  7.3706685E-03  0.0000000E+00
  0.0000000E+00  6.2013470E-02  2.9118083E-02  1.9855477E-02  1.5611759E-02
  1.3128593E-02  1.1326983E-02  0.0000000E+00
  0.0000000E+00  8.8438168E-02  4.2699952E-02  3.0218428E-02  2.4716703E-02
  2.1497782E-02  1.8410249E-02
  0.0000000E+00  0.1339957      6.7433074E-02  5.0418787E-02  4.3636065E-02
  3.8741995E-02
  0.0000000E+00  0.2213828      0.1189686      9.7142391E-02  8.9702740E-02
  0.0000000E+00  0.4179668      0.2527508      0.2364920    
  0.0000000E+00   1.000000      0.7630153    
  0.0000000E+00   4.000657    
   28.39547    
  1.0000000E+10
  0.0000000E+00  1.8346291E-02  7.9406360E-03  4.6812724E-03  3.1250885E-03
  2.2332156E-03  1.6692580E-03  1.2884806E-03
  0.0000000E+00  2.0522967E-02  8.9738518E-03  5.4190815E-03  3.7031802E-03
  2.6996469E-03  2.0508834E-03  1.6028269E-03
  0.0000000E+00  2.3915194E-02  1.0525796E-02  6.4777383E-03  4.5173145E-03
  3.3540635E-03  2.5865724E-03  2.0452298E-03
  0.0000000E+00  2.8932864E-02  1.2829682E-02  8.0254413E-03  5.6975265E-03
  4.3024737E-03  3.3653709E-03  0.0000000E+00
  0.0000000E+00  3.6268551E-02  1.6254418E-02  1.0333570E-02  7.4671376E-03
  5.7314485E-03  4.5441696E-03  0.0000000E+00
  0.0000000E+00  4.7137812E-02  2.1441696E-02  1.3882685E-02  1.0226148E-02
  7.9886923E-03  6.4155478E-03  0.0000000E+00
  0.0000000E+00  6.3787989E-02  2.9568905E-02  1.9604241E-02  1.4784453E-02
  1.1772439E-02  9.5406370E-03  0.0000000E+00
  0.0000000E+00  9.0586573E-02  4.3081276E-02  2.9469967E-02  2.2897527E-02
  1.8628975E-02  1.4756184E-02
  0.0000000E+00  0.1368905      6.7533568E-02  4.8325092E-02  3.9053008E-02
  3.1674914E-02
  0.0000000E+00  0.2255830      0.1177385      9.0148404E-02  7.5208478E-02
  0.0000000E+00  0.4237456      0.2438163      0.2045230    
  0.0000000E+00   1.000000      0.6846643    
  0.0000000E+00   3.779505    
   29.61131    
  9.9999998E+10
  0.0000000E+00  3.7019391E-02  1.3119114E-02  6.3811638E-03  3.6631580E-03
  2.3290860E-03  1.5878116E-03  1.1379501E-03
  0.0000000E+00  3.7373964E-02  1.3939058E-02  7.0570637E-03  4.1772854E-03
  2.7202216E-03  1.8891967E-03  1.3739612E-03
  0.0000000E+00  3.8149588E-02  1.5036011E-02  7.9789478E-03  4.8919669E-03
  3.2709141E-03  2.3180055E-03  1.7119113E-03
  0.0000000E+00  4.0232684E-02  1.6675901E-02  9.2952913E-03  5.9135738E-03
  4.0653739E-03  2.9396121E-03  0.0000000E+00
  0.0000000E+00  4.4897508E-02  1.9313019E-02  1.1268699E-02  7.4349036E-03
  5.2509694E-03  3.8714679E-03  0.0000000E+00
  0.0000000E+00  5.3783935E-02  2.3700831E-02  1.4371191E-02  9.8005543E-03
  7.0991693E-03  5.3196675E-03  0.0000000E+00
  0.0000000E+00  6.9252074E-02  3.1113572E-02  1.9479224E-02  1.3684210E-02
  1.0132965E-02  7.6520778E-03  0.0000000E+00
  0.0000000E+00  9.5623270E-02  4.3966759E-02  2.8398892E-02  2.0520777E-02
  1.5412742E-02  1.1279779E-02
  0.0000000E+00  0.1422715      6.7523547E-02  4.5229916E-02  3.3562325E-02
  2.4753463E-02
  0.0000000E+00  0.2322438      0.1153463      8.1019387E-02  6.0432132E-02
  0.0000000E+00  0.4323546      0.2308033      0.1703047    
  0.0000000E+00   1.000000      0.5977839    
  0.0000000E+00   3.535734    
   32.32133    
  1.0000000E+12
  0.0000000E+00  6.4354956E-02  2.0201342E-02  8.8739740E-03  4.6912753E-03
  2.7859805E-03  1.7926920E-03  1.2229679E-03
  0.0000000E+00  6.7240864E-02  2.1357195E-02  9.4854590E-03  5.0618937E-03
  3.0313197E-03  1.9649514E-03  1.3489933E-03
  0.0000000E+00  7.0894852E-02  2.2953019E-02  1.0372856E-02  5.6129755E-03
  3.4034303E-03  2.2289336E-03  1.5428783E-03
  0.0000000E+00  7.4944071E-02  2.5026100E-02  1.1603281E-02  6.4168526E-03
  3.9589857E-03  2.6308727E-03  0.0000000E+00
  0.0000000E+00  7.9418339E-02  2.7747950E-02  1.3363161E-02  7.6137213E-03
  4.8113344E-03  3.2550336E-03  0.0000000E+00
  0.0000000E+00  8.4936619E-02  3.1595822E-02  1.6017897E-02  9.4929151E-03
  6.1685308E-03  4.2542876E-03  0.0000000E+00
  0.0000000E+00  9.4630875E-02  3.7703209E-02  2.0313200E-02  1.2572708E-02
  8.4190900E-03  5.8762119E-03  0.0000000E+00
  0.0000000E+00  0.1148397      4.8486203E-02  2.7770320E-02  1.7941834E-02
  1.2274422E-02  8.3221477E-03
  0.0000000E+00  0.1571961      6.9209546E-02  4.1782252E-02  2.7904548E-02
  1.8709918E-02
  0.0000000E+00  0.2453393      0.1124534      7.0865028E-02  4.7046982E-02
  0.0000000E+00  0.4448918      0.2146160      0.1378076    
  0.0000000E+00   1.000000      0.5108128    
  0.0000000E+00   3.294556    
   32.77405    
  9.9999998E+12
  0.0000000E+00  0.1300510      4.0015690E-02  1.7245978E-02  8.9525301E-03
  5.2295015E-03  3.3142406E-03  2.2287171E-03
  0.0000000E+00  0.1252256      3.8599450E-02  1.6665358E-02  8.6661438E-03
  5.0686542E-03  3.2161633E-03  2.1643781E-03
  0.0000000E+00  0.1211063      3.7442133E-02  1.6214201E-02  8.4542958E-03
  4.9548843E-03  3.1498626E-03  2.1216164E-03
  0.0000000E+00  0.1206748      3.7497059E-02  1.6320124E-02  8.5445270E-03
  5.0294232E-03  3.2055706E-03  0.0000000E+00
  0.0000000E+00  0.1253040      3.9270300E-02  1.7238133E-02  9.0937614E-03
  5.3864256E-03  3.4472342E-03  0.0000000E+00
  0.0000000E+00  0.1352687      4.3075714E-02  1.9180069E-02  1.0247155E-02
  6.1278930E-03  3.9466457E-03  0.0000000E+00
  0.0000000E+00  0.1506081      4.9352687E-02  2.2546096E-02  1.2302864E-02
  7.4695959E-03  4.8293448E-03  0.0000000E+00
  0.0000000E+00  0.1727344      5.9435073E-02  2.8340526E-02  1.5967045E-02
  9.8626912E-03  6.2024323E-03
  0.0000000E+00  0.2088662      7.7206746E-02  3.9101608E-02  2.2867789E-02
  1.3923107E-02
  0.0000000E+00  0.2841114      0.1131424      6.1161239E-02  3.5892505E-02
  0.0000000E+00  0.4703805      0.1979208      0.1095331    
  0.0000000E+00   1.000000      0.4299725    
  0.0000000E+00   3.061200    
   32.38525    
  1.0000000E+14
  0.0000000E+00  0.1646878      5.0481908E-02  2.1665037E-02  1.1206872E-02
  6.5232576E-03  4.1192900E-03  2.7601619E-03
  0.0000000E+00  0.2004470      6.1447125E-02  2.6386365E-02  1.3644364E-02
  7.9396563E-03  5.0118729E-03  3.3552172E-03
  0.0000000E+00  0.2306188      7.0764072E-02  3.0395305E-02  1.5714485E-02
  9.1465283E-03  5.7703592E-03  3.8580804E-03
  0.0000000E+00  0.2451460      7.5247936E-02  3.2336917E-02  1.6734181E-02
  9.7359968E-03  6.1363317E-03  0.0000000E+00
  0.0000000E+00  0.2402570      7.3879033E-02  3.1792149E-02  1.6468780E-02
  9.5809465E-03  6.0315682E-03  0.0000000E+00
  0.0000000E+00  0.2278251      7.0205338E-02  3.0283559E-02  1.5714485E-02
  9.1465283E-03  5.7410253E-03  0.0000000E+00
  0.0000000E+00  0.2241933      6.9423102E-02  3.0088000E-02  1.5658611E-02
  9.1157984E-03  5.6711831E-03  0.0000000E+00
  0.0000000E+00  0.2394189      7.4870795E-02  3.2742005E-02  1.7139265E-02
  9.9371420E-03  5.9072496E-03
  0.0000000E+00  0.2799273      8.9244306E-02  3.9698280E-02  2.0938680E-02
  1.1720910E-02
  0.0000000E+00  0.3595474      0.1189272      5.4504819E-02  2.8300041E-02
  0.0000000E+00  0.5291242      0.1846627      8.6213149E-02
  0.0000000E+00   1.000000      0.3557759    
  0.0000000E+00   2.793686    
   31.23341    
