   100.0000    
  0.0000000E+00  1.3612622E-02  6.0141459E-03  3.8596299E-03  2.8988032E-03
  2.3764963E-03  2.0652884E-03  1.8748640E-03
  0.0000000E+00  1.6463548E-02  7.3318831E-03  4.7551687E-03  3.6147989E-03
  3.0054408E-03  2.6539718E-03  2.4548422E-03
  0.0000000E+00  2.0217627E-02  9.0946686E-03  5.9749731E-03  4.6104463E-03
  3.8998914E-03  3.5168661E-03  3.3394995E-03
  0.0000000E+00  2.5299238E-02  1.1523396E-02  7.6887920E-03  6.0457019E-03
  5.2328617E-03  4.8563657E-03  0.0000000E+00
  0.0000000E+00  3.2393910E-02  1.4961916E-02  1.0193689E-02  8.2176281E-03
  7.3394994E-03  7.1001090E-03  0.0000000E+00
  0.0000000E+00  4.2633299E-02  2.0076171E-02  1.4047878E-02  1.1719260E-02
  1.0957563E-02  1.1316649E-02  0.0000000E+00
  0.0000000E+00  5.8117516E-02  2.8063111E-02  2.0369969E-02  1.7889010E-02
  1.8008705E-02  2.0805225E-02  0.0000000E+00
  0.0000000E+00  8.2916215E-02  4.1479871E-02  3.1838957E-02  3.0380849E-02
  3.4929272E-02  4.8661590E-02
  0.0000000E+00  0.1257889      6.6441782E-02  5.5963006E-02  6.2459197E-02
  9.2067465E-02
  0.0000000E+00  0.2087051      0.1210011      0.1225245      0.1895539    
  0.0000000E+00  0.3988031      0.2822633      0.4397171    
  0.0000000E+00   1.000000       1.232862    
  0.0000000E+00   5.335147    
   34.88575    
   1000.000    
  0.0000000E+00  1.3609852E-02  6.0142581E-03  3.8615253E-03  2.9012747E-03
  2.3795636E-03  2.0674013E-03  1.8762151E-03
  0.0000000E+00  1.6450636E-02  7.3320372E-03  4.7580474E-03  3.6184920E-03
  3.0082092E-03  2.6571613E-03  2.4562541E-03
  0.0000000E+00  2.0209549E-02  9.0959175E-03  5.9786132E-03  4.6154680E-03
  3.9047312E-03  3.5201986E-03  3.3408944E-03
  0.0000000E+00  2.5297042E-02  1.1525168E-02  7.6938863E-03  6.0520633E-03
  5.2387128E-03  4.8606610E-03  0.0000000E+00
  0.0000000E+00  3.2372002E-02  1.4970837E-02  1.0200907E-02  8.2263993E-03
  7.3471591E-03  7.1030464E-03  0.0000000E+00
  0.0000000E+00  4.2611796E-02  2.0079931E-02  1.4052711E-02  1.1730396E-02
  1.0963491E-02  1.1309138E-02  0.0000000E+00
  0.0000000E+00  5.8090299E-02  2.8073018E-02  2.0393174E-02  1.7908836E-02
  1.8016851E-02  2.0728020E-02  0.0000000E+00
  0.0000000E+00  8.2879677E-02  4.1488443E-02  3.1864334E-02  3.0406136E-02
  3.4856342E-02  4.7839705E-02
  0.0000000E+00  0.1257291      6.6461444E-02  5.6005619E-02  6.2389284E-02
  9.0775549E-02
  0.0000000E+00  0.2085764      0.1210845      0.1224887      0.1874055    
  0.0000000E+00  0.3986822      0.2823504      0.4356233    
  0.0000000E+00   1.000000       1.223807    
  0.0000000E+00   5.310002    
   34.74833    
   10000.00    
  0.0000000E+00  1.3611229E-02  6.0187150E-03  3.8664395E-03  2.9051467E-03
  2.3830284E-03  2.0693319E-03  1.8757975E-03
  0.0000000E+00  1.6450444E-02  7.3373029E-03  4.7639296E-03  3.6229261E-03
  3.0125477E-03  2.6584431E-03  2.4553381E-03
  0.0000000E+00  2.0204168E-02  9.1014449E-03  5.9857504E-03  4.6214373E-03
  3.9089746E-03  3.5219055E-03  3.3358145E-03
  0.0000000E+00  2.5287110E-02  1.1527009E-02  7.7031045E-03  6.0601872E-03
  5.2435128E-03  4.8585706E-03  0.0000000E+00
  0.0000000E+00  3.2379836E-02  1.4982984E-02  1.0212675E-02  8.2358569E-03
  7.3511270E-03  7.0937895E-03  0.0000000E+00
  0.0000000E+00  4.2609528E-02  2.0097829E-02  1.4068481E-02  1.1739685E-02
  1.0963419E-02  1.1261165E-02  0.0000000E+00
  0.0000000E+00  5.8092296E-02  2.8094426E-02  2.0416843E-02  1.7917905E-02
  1.7981710E-02  2.0491280E-02  0.0000000E+00
  0.0000000E+00  8.2879618E-02  4.1524880E-02  3.1901319E-02  3.0391322E-02
  3.4591664E-02  4.6150573E-02
  0.0000000E+00  0.1257975      6.6524878E-02  5.6039982E-02  6.2122501E-02
  8.8036999E-02
  0.0000000E+00  0.2086346      0.1212250      0.1221820      0.1826882    
  0.0000000E+00  0.3987665      0.2822203      0.4268396    
  0.0000000E+00   1.000000       1.204806    
  0.0000000E+00   5.255210    
   34.45342    
   100000.0    
  0.0000000E+00  1.3615702E-02  6.0278927E-03  3.8739671E-03  2.9121900E-03
  2.3863637E-03  2.0702479E-03  1.8708677E-03
  0.0000000E+00  1.6456611E-02  7.3481402E-03  4.7737602E-03  3.6311983E-03
  3.0165289E-03  2.6580577E-03  2.4462808E-03
  0.0000000E+00  2.0216942E-02  9.1146687E-03  5.9979339E-03  4.6301652E-03
  3.9132228E-03  3.5175621E-03  3.3181817E-03
  0.0000000E+00  2.5299586E-02  1.1549586E-02  7.7179754E-03  6.0712807E-03
  5.2469010E-03  4.8471070E-03  0.0000000E+00
  0.0000000E+00  3.2386363E-02  1.4999999E-02  1.0232437E-02  8.2500000E-03
  7.3502064E-03  7.0599169E-03  0.0000000E+00
  0.0000000E+00  4.2634297E-02  2.0123966E-02  1.4101239E-02  1.1756198E-02
  1.0950413E-02  1.1157024E-02  0.0000000E+00
  0.0000000E+00  5.8119833E-02  2.8130163E-02  2.0454545E-02  1.7923553E-02
  1.7892562E-02  2.0041322E-02  0.0000000E+00
  0.0000000E+00  8.2913220E-02  4.1590907E-02  3.1942148E-02  3.0340910E-02
  3.4059916E-02  4.3595042E-02
  0.0000000E+00  0.1258264      6.6621892E-02  5.6053717E-02  6.1518591E-02
  8.3822310E-02
  0.0000000E+00  0.2087810      0.1212810      0.1215909      0.1753099    
  0.0000000E+00  0.3990702      0.2818182      0.4127066    
  0.0000000E+00   1.000000       1.173554    
  0.0000000E+00   5.167355    
   33.97727    
   1000000.    
  0.0000000E+00  1.3640825E-02  6.0471050E-03  3.8881255E-03  2.9205105E-03
  2.3895977E-03  2.0657508E-03  1.8567224E-03
  0.0000000E+00  1.6486753E-02  7.3699709E-03  4.7899904E-03  3.6418058E-03
  3.0196272E-03  2.6486753E-03  2.4219824E-03
  0.0000000E+00  2.0245340E-02  9.1413148E-03  6.0176644E-03  4.6427869E-03
  3.9136410E-03  3.5004907E-03  3.2718352E-03
  0.0000000E+00  2.5338568E-02  1.1579980E-02  7.7428850E-03  6.0843965E-03
  5.2423947E-03  4.8105987E-03  0.0000000E+00
  0.0000000E+00  3.2433759E-02  1.5044161E-02  1.0264966E-02  8.2630031E-03
  7.3307166E-03  6.9744852E-03  0.0000000E+00
  0.0000000E+00  4.2688910E-02  2.0176644E-02  1.4141316E-02  1.1766438E-02
  1.0883219E-02  1.0922473E-02  0.0000000E+00
  0.0000000E+00  5.8194309E-02  2.8204124E-02  2.0500492E-02  1.7899901E-02
  1.7664377E-02  1.9234544E-02  0.0000000E+00
  0.0000000E+00  8.3032392E-02  4.1697744E-02  3.1992149E-02  3.0157018E-02
  3.3061825E-02  4.0078510E-02
  0.0000000E+00  0.1260059      6.6781163E-02  5.5996075E-02  6.0333662E-02
  7.7890091E-02
  0.0000000E+00  0.2091266      0.1214917      0.1203140      0.1646713    
  0.0000000E+00  0.3997056      0.2806673      0.3922473    
  0.0000000E+00   1.000000       1.128557    
  0.0000000E+00   5.036310    
   33.27773    
  1.0000000E+07
  0.0000000E+00  1.3705036E-02  6.0899281E-03  3.9163670E-03  2.9361511E-03
  2.3911870E-03  2.0512589E-03  1.8228417E-03
  0.0000000E+00  1.6564747E-02  7.4208630E-03  4.8228414E-03  3.6573741E-03
  3.0170863E-03  2.6241005E-03  2.3660071E-03
  0.0000000E+00  2.0341726E-02  9.1996398E-03  6.0557551E-03  4.6591726E-03
  3.9046761E-03  3.4550359E-03  3.1771581E-03
  0.0000000E+00  2.5449639E-02  1.1654676E-02  7.7886689E-03  6.1007193E-03
  5.2167261E-03  4.7248201E-03  0.0000000E+00
  0.0000000E+00  3.2580934E-02  1.5134891E-02  1.0323741E-02  8.2733817E-03
  7.2706831E-03  6.7949640E-03  0.0000000E+00
  0.0000000E+00  4.2877696E-02  2.0296762E-02  1.4208633E-02  1.1753596E-02
  1.0728417E-02  1.0485611E-02  0.0000000E+00
  0.0000000E+00  5.8444247E-02  2.8372301E-02  2.0575538E-02  1.7814748E-02
  1.7212229E-02  1.7967625E-02  0.0000000E+00
  0.0000000E+00  8.3399281E-02  4.1924458E-02  3.2041367E-02  2.9757194E-02
  3.1420860E-02  3.5395682E-02
  0.0000000E+00  0.1266187      6.7104317E-02  5.5791363E-02  5.8291364E-02
  6.9856107E-02
  0.0000000E+00  0.2100719      0.1217626      0.1179856      0.1500899    
  0.0000000E+00  0.4014388      0.2785072      0.3635791    
  0.0000000E+00   1.000000       1.063849    
  0.0000000E+00   4.854317    
   32.32014    
  1.0000000E+08
  0.0000000E+00  1.3894491E-02  6.1823120E-03  3.9689681E-03  2.9573312E-03
  2.3824670E-03  2.0108609E-03  1.7486423E-03
  0.0000000E+00  1.6764933E-02  7.5205583E-03  4.8766485E-03  3.6741658E-03
  2.9937935E-03  2.5577967E-03  2.2513575E-03
  0.0000000E+00  2.0558571E-02  9.3095424E-03  6.1132661E-03  4.6679596E-03
  3.8588052E-03  3.3460045E-03  2.9906903E-03
  0.0000000E+00  2.5702095E-02  1.1784328E-02  7.8510474E-03  6.0954229E-03
  5.1311092E-03  4.5352988E-03  0.0000000E+00
  0.0000000E+00  3.2885958E-02  1.5290923E-02  1.0387897E-02  8.2389442E-03
  7.1024047E-03  6.4391000E-03  0.0000000E+00
  0.0000000E+00  4.3266095E-02  2.0496508E-02  1.4274632E-02  1.1652444E-02
  1.0372381E-02  9.7362297E-03  0.0000000E+00
  0.0000000E+00  5.8968190E-02  2.8634600E-02  2.0620635E-02  1.7532971E-02
  1.6346004E-02  1.6066719E-02  0.0000000E+00
  0.0000000E+00  8.4096201E-02  4.2265322E-02  3.1970520E-02  2.8875096E-02
  2.8813032E-02  2.9534522E-02
  0.0000000E+00  0.1276959      6.7517452E-02  5.5128004E-02  5.4833204E-02
  5.9511248E-02
  0.0000000E+00  0.2118697      0.1219550      0.1136540      0.1308766    
  0.0000000E+00  0.4042669      0.2741660      0.3248254    
  0.0000000E+00   1.000000      0.9759504    
  0.0000000E+00   4.602017    
   31.06284    
  1.0000000E+09
  0.0000000E+00  1.4555961E-02  6.5024332E-03  4.1538929E-03  3.0444041E-03
  2.3892943E-03  1.9501217E-03  1.6313869E-03
  0.0000000E+00  1.7372262E-02  7.8041363E-03  5.0279805E-03  3.7244526E-03
  2.9568127E-03  2.4416058E-03  2.0663016E-03
  0.0000000E+00  2.1155719E-02  9.5802918E-03  6.2408759E-03  4.6782242E-03
  3.7627737E-03  3.1484186E-03  2.6970804E-03
  0.0000000E+00  2.6319951E-02  1.2049878E-02  7.9501215E-03  6.0541360E-03
  4.9458640E-03  4.2025549E-03  0.0000000E+00
  0.0000000E+00  3.3570562E-02  1.5577859E-02  1.0462287E-02  8.1143556E-03
  6.7579076E-03  5.8540148E-03  0.0000000E+00
  0.0000000E+00  4.4087589E-02  2.0827251E-02  1.4306569E-02  1.1374696E-02
  9.7141117E-03  8.6131385E-03  0.0000000E+00
  0.0000000E+00  6.0018253E-02  2.9020682E-02  2.0547446E-02  1.6891727E-02
  1.4933091E-02  1.3625305E-02  0.0000000E+00
  0.0000000E+00  8.5583940E-02  4.2718980E-02  3.1581510E-02  2.7244527E-02
  2.5225062E-02  2.3272507E-02
  0.0000000E+00  0.1298054      6.7944042E-02  5.3613137E-02  4.9683701E-02
  4.8059613E-02
  0.0000000E+00  0.2150243      0.1215328      0.1067518      0.1087591    
  0.0000000E+00  0.4091849      0.2662409      0.2787713    
  0.0000000E+00   1.000000      0.8680049    
  0.0000000E+00   4.295621    
   30.03041    
  1.0000000E+10
  0.0000000E+00  1.8973306E-02  8.5585210E-03  5.1581110E-03  3.4924026E-03
  2.5236141E-03  1.9051335E-03  1.4845997E-03
  0.0000000E+00  2.0718686E-02  9.4250515E-03  5.8398359E-03  4.0652975E-03
  3.0086241E-03  2.3162218E-03  1.8336755E-03
  0.0000000E+00  2.3774128E-02  1.0833675E-02  6.8583167E-03  4.8870635E-03
  3.6981520E-03  2.9014372E-03  2.3326490E-03
  0.0000000E+00  2.8505135E-02  1.3026694E-02  8.3860373E-03  6.1026695E-03
  4.7145789E-03  3.7655029E-03  0.0000000E+00
  0.0000000E+00  3.5540041E-02  1.6377823E-02  1.0718686E-02  7.9589318E-03
  6.2710471E-03  5.0965091E-03  0.0000000E+00
  0.0000000E+00  4.6036962E-02  2.1519508E-02  1.4365503E-02  1.0903491E-02
  8.7720733E-03  7.2566736E-03  0.0000000E+00
  0.0000000E+00  6.2176593E-02  2.9663244E-02  2.0316223E-02  1.5839836E-02
  1.3055441E-02  1.0965093E-02  0.0000000E+00
  0.0000000E+00  8.8254616E-02  4.3326490E-02  3.0731007E-02  2.4821354E-02
  2.1039015E-02  1.7453799E-02
  0.0000000E+00  0.1334702      6.8254620E-02  5.0965093E-02  4.3203283E-02
  3.7010267E-02
  0.0000000E+00  0.2204517      0.1202464      9.7207390E-02  8.6488709E-02
  0.0000000E+00  0.4168378      0.2543737      0.2305133    
  0.0000000E+00   1.000000      0.7515400    
  0.0000000E+00   3.965914    
   31.14168    
  9.9999998E+10
  0.0000000E+00  4.2473000E-02  1.5186246E-02  7.3991627E-03  4.2495043E-03
  2.7044301E-03  1.8465947E-03  1.3266476E-03
  0.0000000E+00  4.1679524E-02  1.5770333E-02  8.0207186E-03  4.7564469E-03
  3.1033722E-03  2.1597971E-03  1.5759312E-03
  0.0000000E+00  4.1150540E-02  1.6612299E-02  8.8891340E-03  5.4705753E-03
  3.6698258E-03  2.6096539E-03  1.9369627E-03
  0.0000000E+00  4.1944016E-02  1.7972229E-02  1.0152083E-02  6.5065017E-03
  4.4985670E-03  3.2730880E-03  0.0000000E+00
  0.0000000E+00  4.5470577E-02  2.0308575E-02  1.2078467E-02  8.0625964E-03
  5.7482920E-03  4.2781574E-03  0.0000000E+00
  0.0000000E+00  5.3449418E-02  2.4421422E-02  1.5157592E-02  1.0513555E-02
  7.7209608E-03  5.8651092E-03  0.0000000E+00
  0.0000000E+00  6.8216883E-02  3.1650871E-02  2.0343840E-02  1.4599956E-02
  1.1011682E-02  8.4703546E-03  0.0000000E+00
  0.0000000E+00  9.3916684E-02  4.4500772E-02  2.9579015E-02  2.1910954E-02
  1.6863566E-02  1.2664756E-02
  0.0000000E+00  0.1397179      6.8437293E-02  4.7299977E-02  3.6191314E-02
  2.7551245E-02
  0.0000000E+00  0.2285651      0.1176548      8.5805602E-02  6.6563807E-02
  0.0000000E+00  0.4273749      0.2387040      0.1851003    
  0.0000000E+00   1.000000      0.6374256    
  0.0000000E+00   3.645581    
   32.97333    
  1.0000000E+12
  0.0000000E+00  7.8233816E-02  2.4659378E-02  1.0874684E-02  5.7712365E-03
  3.4407065E-03  2.2228765E-03  1.5222876E-03
  0.0000000E+00  7.8755252E-02  2.5130361E-02  1.1211102E-02  6.0084104E-03
  3.6139614E-03  2.3523970E-03  1.6223717E-03
  0.0000000E+00  8.0428928E-02  2.6198486E-02  1.1892347E-02  6.4667789E-03
  3.9386037E-03  2.5920942E-03  1.8031959E-03
  0.0000000E+00  8.2767032E-02  2.7855342E-02  1.2985702E-02  7.2144661E-03
  4.4735074E-03  2.9873843E-03  0.0000000E+00
  0.0000000E+00  8.5449964E-02  3.0243903E-02  1.4659378E-02  8.3986549E-03
  5.3330534E-03  3.6274181E-03  0.0000000E+00
  0.0000000E+00  8.9066446E-02  3.3801515E-02  1.7291842E-02  1.0302776E-02
  6.7367540E-03  4.6736752E-03  0.0000000E+00
  0.0000000E+00  9.6551724E-02  3.9613120E-02  2.1623213E-02  1.3490328E-02
  9.1000842E-03  6.4028595E-03  0.0000000E+00
  0.0000000E+00  0.1145500      5.0092515E-02  2.9217830E-02  1.9100085E-02
  1.3204374E-02  9.0664430E-03
  0.0000000E+00  0.1553406      7.0714891E-02  4.3675356E-02  2.9655172E-02
  2.0218670E-02
  0.0000000E+00  0.2423886      0.1147183      7.4205212E-02  5.0420523E-02
  0.0000000E+00  0.4412111      0.2204373      0.1462574    
  0.0000000E+00   1.000000      0.5345669    
  0.0000000E+00   3.357443    
   32.86796    
  9.9999998E+12
  0.0000000E+00  0.1736756      5.3626735E-02  2.3207011E-02  1.2086391E-02
  7.0863892E-03  4.5069274E-03  3.0419724E-03
  0.0000000E+00  0.1617359      5.0081499E-02  2.1719642E-02  1.1346781E-02
  6.6666664E-03  4.2481665E-03  2.8708233E-03
  0.0000000E+00  0.1501019      4.6678893E-02  2.0328036E-02  1.0660147E-02
  6.2856562E-03  4.0179300E-03  2.7200491E-03
  0.0000000E+00  0.1428280      4.4702530E-02  1.9592501E-02  1.0334148E-02
  6.1246944E-03  3.9323554E-03  0.0000000E+00
  0.0000000E+00  0.1416259      4.4804402E-02  1.9841077E-02  1.0562347E-02
  6.3101063E-03  4.0749800E-03  0.0000000E+00
  0.0000000E+00  0.1470049      4.7330890E-02  2.1312144E-02  1.1507743E-02
  6.9559901E-03  4.5252647E-03  0.0000000E+00
  0.0000000E+00  0.1588835      5.2770987E-02  2.4429504E-02  1.3484107E-02
  8.2844337E-03  5.4176855E-03  0.0000000E+00
  0.0000000E+00  0.1781785      6.2469441E-02  3.0195599E-02  1.7224940E-02
  1.0766096E-02  6.8500410E-03
  0.0000000E+00  0.2110839      8.0175228E-02  4.1279543E-02  2.4449877E-02
  1.5059087E-02
  0.0000000E+00  0.2825998      0.1165648      6.4282805E-02  3.8284432E-02
  0.0000000E+00  0.4665852      0.2035860      0.1154849    
  0.0000000E+00   1.000000      0.4472290    
  0.0000000E+00   3.105134    
   32.31459    
  1.0000000E+14
  0.0000000E+00  0.1739039      5.3423423E-02  2.2987988E-02  1.1915916E-02
  6.9519519E-03  4.3993993E-03  2.9558558E-03
  0.0000000E+00  0.2250450      6.9219217E-02  2.9813813E-02  1.5468468E-02
  9.0300301E-03  5.7207206E-03  3.8408407E-03
  0.0000000E+00  0.2688288      8.2822822E-02  3.5735734E-02  1.8564565E-02
  1.0849850E-02  6.8768766E-03  4.6186182E-03
  0.0000000E+00  0.2900901      8.9579575E-02  3.8738739E-02  2.0168168E-02
  1.1807807E-02  7.4894894E-03  0.0000000E+00
  0.0000000E+00  0.2847147      8.8198200E-02  3.8288288E-02  1.9984985E-02
  1.1726727E-02  7.4444441E-03  0.0000000E+00
  0.0000000E+00  0.2659459      8.2822822E-02  3.6126126E-02  1.8939940E-02
  1.1144144E-02  7.0720715E-03  0.0000000E+00
  0.0000000E+00  0.2525826      7.9279281E-02  3.4864865E-02  1.8396396E-02
  1.0858858E-02  6.8558552E-03  0.0000000E+00
  0.0000000E+00  0.2576576      8.1981979E-02  3.6516514E-02  1.9465465E-02
  1.1495495E-02  6.9669671E-03
  0.0000000E+00  0.2898498      9.4534531E-02  4.3063059E-02  2.3216214E-02
  1.3291291E-02
  0.0000000E+00  0.3648649      0.1239640      5.8348343E-02  3.1021021E-02
  0.0000000E+00  0.5309309      0.1920120      9.2072062E-02
  0.0000000E+00   1.000000      0.3723724    
  0.0000000E+00   2.834835    
   31.14114    
