   100.0000    
  0.0000000E+00  1.3808298E-02  6.0614343E-03  3.8485045E-03  2.8481828E-03
  2.2933418E-03  1.9475715E-03  1.7192023E-03
  0.0000000E+00  1.6725635E-02  7.3978775E-03  4.7442908E-03  3.5493725E-03
  2.8916050E-03  2.4895465E-03  2.2322289E-03
  0.0000000E+00  2.0585397E-02  9.1862334E-03  5.9601157E-03  4.5207459E-03
  3.7391444E-03  3.2759730E-03  2.9977486E-03
  0.0000000E+00  2.5796076E-02  1.1643615E-02  7.6664523E-03  5.9134774E-03
  4.9887425E-03  4.4741076E-03  0.0000000E+00
  0.0000000E+00  3.3065293E-02  1.5133483E-02  1.0152781E-02  8.0073979E-03
  6.9363136E-03  6.4329365E-03  0.0000000E+00
  0.0000000E+00  4.3567065E-02  2.0295916E-02  1.3954647E-02  1.1344483E-02
  1.0213895E-02  9.9630104E-03  0.0000000E+00
  0.0000000E+00  5.9440337E-02  2.8353168E-02  2.0167258E-02  1.7127695E-02
  1.6371824E-02  1.7352846E-02  0.0000000E+00
  0.0000000E+00  8.4834352E-02  4.1814089E-02  3.1264070E-02  2.8481826E-02
  3.0138308E-02  3.6281765E-02
  0.0000000E+00  0.1286909      6.6677384E-02  5.4068830E-02  5.5853970E-02
  7.0585392E-02
  0.0000000E+00  0.2130910      0.1201994      0.1136700      0.1499357    
  0.0000000E+00  0.4054358      0.2719524      0.3599228    
  0.0000000E+00   1.000000       1.049694    
  0.0000000E+00   4.815053    
   32.16468    
   1000.000    
  0.0000000E+00  1.3807693E-02  6.0624997E-03  3.8493590E-03  2.8509616E-03
  2.2932694E-03  1.9471154E-03  1.7179488E-03
  0.0000000E+00  1.6730769E-02  7.3990389E-03  4.7451924E-03  3.5512822E-03
  2.8926281E-03  2.4903847E-03  2.2307693E-03
  0.0000000E+00  2.0576924E-02  9.1891028E-03  5.9631416E-03  4.5240386E-03
  3.7403847E-03  3.2756410E-03  2.9967949E-03
  0.0000000E+00  2.5801282E-02  1.1647437E-02  7.6698721E-03  5.9182690E-03
  4.9903849E-03  4.4743591E-03  0.0000000E+00
  0.0000000E+00  3.3060897E-02  1.5137821E-02  1.0157051E-02  8.0112182E-03
  6.9391024E-03  6.4310902E-03  0.0000000E+00
  0.0000000E+00  4.3573719E-02  2.0304488E-02  1.3961539E-02  1.1349360E-02
  1.0214744E-02  9.9519230E-03  0.0000000E+00
  0.0000000E+00  5.9439104E-02  2.8365387E-02  2.0176282E-02  1.7131411E-02
  1.6362181E-02  1.7291667E-02  0.0000000E+00
  0.0000000E+00  8.4823720E-02  4.1826922E-02  3.1266026E-02  2.8493591E-02
  3.0080128E-02  3.5865385E-02
  0.0000000E+00  0.1286859      6.6698715E-02  5.4086540E-02  5.5801280E-02
  6.9935896E-02
  0.0000000E+00  0.2131410      0.1202404      0.1136218      0.1487981    
  0.0000000E+00  0.4054487      0.2719551      0.3578525    
  0.0000000E+00   1.000000       1.045032    
  0.0000000E+00   4.802885    
   32.09936    
   10000.00    
  0.0000000E+00  1.3810811E-02  6.0651824E-03  3.8521462E-03  2.8521463E-03
  2.2941176E-03  1.9475357E-03  1.7170111E-03
  0.0000000E+00  1.6724959E-02  7.4038156E-03  4.7488073E-03  3.5548490E-03
  2.8934814E-03  2.4880762E-03  2.2273450E-03
  0.0000000E+00  2.0588234E-02  9.1939587E-03  5.9682033E-03  4.5262319E-03
  3.7408583E-03  3.2734496E-03  2.9888712E-03
  0.0000000E+00  2.5802862E-02  1.1653418E-02  7.6756752E-03  5.9205089E-03
  4.9904608E-03  4.4689979E-03  0.0000000E+00
  0.0000000E+00  3.3068359E-02  1.5146263E-02  1.0163751E-02  8.0143083E-03
  6.9364067E-03  6.4165341E-03  0.0000000E+00
  0.0000000E+00  4.3577105E-02  2.0317964E-02  1.3969793E-02  1.1351351E-02
  1.0205087E-02  9.9125588E-03  0.0000000E+00
  0.0000000E+00  5.9443559E-02  2.8378379E-02  2.0174880E-02  1.7138314E-02
  1.6327504E-02  1.7138314E-02  0.0000000E+00
  0.0000000E+00  8.4833071E-02  4.1844197E-02  3.1287756E-02  2.8457869E-02
  2.9888712E-02  3.4976151E-02
  0.0000000E+00  0.1287122      6.6740856E-02  5.4085847E-02  5.5580284E-02
  6.8457872E-02
  0.0000000E+00  0.2131955      0.1202862      0.1134022      0.1462321    
  0.0000000E+00  0.4055644      0.2717011      0.3529412    
  0.0000000E+00   1.000000       1.034340    
  0.0000000E+00   4.771065    
   31.93959    
   100000.0    
  0.0000000E+00  1.3821458E-02  6.0736104E-03  3.8574787E-03  2.8551293E-03
  2.2960063E-03  1.9451841E-03  1.7102585E-03
  0.0000000E+00  1.6742365E-02  7.4126865E-03  4.7548944E-03  3.5583400E-03
  2.8942835E-03  2.4855130E-03  2.2176979E-03
  0.0000000E+00  2.0595144E-02  9.2043858E-03  5.9749414E-03  4.5293658E-03
  3.7400159E-03  3.2654661E-03  2.9725919E-03
  0.0000000E+00  2.5810495E-02  1.1666406E-02  7.6851998E-03  5.9248237E-03
  4.9866876E-03  4.4541894E-03  0.0000000E+00
  0.0000000E+00  3.3093188E-02  1.5162098E-02  1.0175412E-02  8.0172280E-03
  6.9271731E-03  6.3852784E-03  0.0000000E+00
  0.0000000E+00  4.3602195E-02  2.0328896E-02  1.3982773E-02  1.1351606E-02
  1.0178545E-02  9.8277219E-03  0.0000000E+00
  0.0000000E+00  5.9483163E-02  2.8410338E-02  2.0203603E-02  1.7118247E-02
  1.6241191E-02  1.6851997E-02  0.0000000E+00
  0.0000000E+00  8.4886454E-02  4.1895065E-02  3.1292092E-02  2.8394677E-02
  2.9537980E-02  3.3578701E-02
  0.0000000E+00  0.1287862      6.6797182E-02  5.4064218E-02  5.5144873E-02
  6.6123731E-02
  0.0000000E+00  0.2133125      0.1203446      0.1129052      0.1420673    
  0.0000000E+00  0.4057948      0.2712608      0.3448708    
  0.0000000E+00   1.000000       1.016445    
  0.0000000E+00   4.720438    
   31.66797    
   1000000.    
  0.0000000E+00  1.3850259E-02  6.0902718E-03  3.8685575E-03  2.8606283E-03
  2.2949069E-03  1.9396158E-03  1.6971638E-03
  0.0000000E+00  1.6773406E-02  7.4336687E-03  4.7682221E-03  3.5635866E-03
  2.8926504E-03  2.4748398E-03  2.1957913E-03
  0.0000000E+00  2.0631289E-02  9.2284232E-03  5.9896312E-03  4.5364439E-03
  3.7358953E-03  3.2479414E-03  2.9353462E-03
  0.0000000E+00  2.5861543E-02  1.1695639E-02  7.7020433E-03  5.9301616E-03
  4.9771271E-03  4.4205552E-03  0.0000000E+00
  0.0000000E+00  3.3150353E-02  1.5199756E-02  1.0196707E-02  8.0207381E-03
  6.9030197E-03  6.3144253E-03  0.0000000E+00
  0.0000000E+00  4.3671850E-02  2.0387312E-02  1.4008844E-02  1.1346447E-02
  1.0117414E-02  9.6569080E-03  0.0000000E+00
  0.0000000E+00  5.9576090E-02  2.8469045E-02  2.0219577E-02  1.7078377E-02
  1.6056726E-02  1.6315950E-02  0.0000000E+00
  0.0000000E+00  8.5041173E-02  4.1979261E-02  3.1320527E-02  2.8225068E-02
  2.8865509E-02  3.1549253E-02
  0.0000000E+00  0.1290027      6.6910647E-02  5.3979874E-02  5.4315343E-02
  6.2641054E-02
  0.0000000E+00  0.2136322      0.1204483      0.1119701      0.1358036    
  0.0000000E+00  0.4065264      0.2705093      0.3327234    
  0.0000000E+00   1.000000      0.9890211    
  0.0000000E+00   4.643184    
   31.24428    
  1.0000000E+07
  0.0000000E+00  1.3910956E-02  6.1239633E-03  3.8862214E-03  2.8677431E-03
  2.2901208E-03  1.9220137E-03  1.6659391E-03
  0.0000000E+00  1.6848538E-02  7.4698091E-03  4.7883024E-03  3.5690384E-03
  2.8837479E-03  2.4472573E-03  2.1489887E-03
  0.0000000E+00  2.0718753E-02  9.2710601E-03  6.0119312E-03  4.5395023E-03
  3.7189000E-03  3.2038409E-03  2.8575584E-03
  0.0000000E+00  2.5956642E-02  1.1747418E-02  7.7287937E-03  5.9289974E-03
  4.9439836E-03  4.3445365E-03  0.0000000E+00
  0.0000000E+00  3.3260584E-02  1.5262622E-02  1.0225520E-02  8.0110580E-03
  6.8383534E-03  6.1676125E-03  0.0000000E+00
  0.0000000E+00  4.3823659E-02  2.0471411E-02  1.4040448E-02  1.1310927E-02
  9.9752657E-03  9.3321698E-03  0.0000000E+00
  0.0000000E+00  5.9784666E-02  2.8575586E-02  2.0253165E-02  1.6979486E-02
  1.5699113E-02  1.5451767E-02  0.0000000E+00
  0.0000000E+00  8.5319370E-02  4.2121343E-02  3.1296376E-02  2.7877200E-02
  2.7688054E-02  2.8648334E-02
  0.0000000E+00  0.1294340      6.7088604E-02  5.3717446E-02  5.2800816E-02
  5.7602212E-02
  0.0000000E+00  0.2143169      0.1205296      0.1101120      0.1265095    
  0.0000000E+00  0.4076822      0.2685872      0.3141277    
  0.0000000E+00   1.000000      0.9470392    
  0.0000000E+00   4.522043    
   30.61254    
  1.0000000E+08
  0.0000000E+00  1.4082235E-02  6.1999462E-03  3.9263638E-03  2.8782585E-03
  2.2776134E-03  1.8839021E-03  1.6057511E-03
  0.0000000E+00  1.7024992E-02  7.5517334E-03  4.8266593E-03  3.5743078E-03
  2.8567589E-03  2.3891425E-03  2.0572427E-03
  0.0000000E+00  2.0908358E-02  9.3630739E-03  6.0521364E-03  4.5364150E-03
  3.6723998E-03  3.1120665E-03  2.7129801E-03
  0.0000000E+00  2.6189195E-02  1.1851653E-02  7.7694170E-03  5.9123887E-03
  4.8642834E-03  4.1897339E-03  0.0000000E+00
  0.0000000E+00  3.3539370E-02  1.5385648E-02  1.0266058E-02  7.9669440E-03
  6.6904058E-03  5.8882022E-03  0.0000000E+00
  0.0000000E+00  4.4168234E-02  2.0626174E-02  1.4068798E-02  1.1208009E-02
  9.6815377E-03  8.7664602E-03  0.0000000E+00
  0.0000000E+00  6.0239181E-02  2.8769149E-02  2.0249931E-02  1.6715936E-02
  1.5022843E-02  1.4109110E-02  0.0000000E+00
  0.0000000E+00  8.5944638E-02  4.2367641E-02  3.1187851E-02  2.7143240E-02
  2.5799517E-02  2.4832034E-02
  0.0000000E+00  0.1303682      6.7374356E-02  5.3117439E-02  5.0214995E-02
  5.0779358E-02
  0.0000000E+00  0.2158022      0.1205187      0.1067992      0.1136119    
  0.0000000E+00  0.4099704      0.2649825      0.2878259    
  0.0000000E+00   1.000000      0.8864552    
  0.0000000E+00   4.349637    
   29.76350    
  1.0000000E+09
  0.0000000E+00  1.4684410E-02  6.4731515E-03  4.0708901E-03  2.9368817E-03
  2.2703721E-03  1.8264250E-03  1.5061235E-03
  0.0000000E+00  1.7581254E-02  7.7955727E-03  4.9446542E-03  3.6045692E-03
  2.8155912E-03  2.2880358E-03  1.9053228E-03
  0.0000000E+00  2.1455489E-02  9.5902029E-03  6.1469618E-03  4.5325011E-03
  3.5833728E-03  2.9463025E-03  2.4788037E-03
  0.0000000E+00  2.6742820E-02  1.2081960E-02  7.8426758E-03  5.8643431E-03
  4.7020731E-03  3.9178054E-03  0.0000000E+00
  0.0000000E+00  3.4161564E-02  1.5626473E-02  1.0315591E-02  7.8473864E-03
  6.4024972E-03  5.4227510E-03  0.0000000E+00
  0.0000000E+00  4.4901084E-02  2.0890251E-02  1.4083845E-02  1.0956194E-02
  9.1415457E-03  7.9003777E-03  0.0000000E+00
  0.0000000E+00  6.1163452E-02  2.9086201E-02  2.0160152E-02  1.6179936E-02
  1.3907208E-02  1.2293924E-02  0.0000000E+00
  0.0000000E+00  8.7199725E-02  4.2722564E-02  3.0817240E-02  2.5812531E-02
  2.3080548E-02  2.0407442E-02
  0.0000000E+00  0.1321244      6.7675464E-02  5.1813476E-02  4.6219975E-02
  4.2593032E-02
  0.0000000E+00  0.2186764      0.1201131      0.1012836      9.7621292E-02
  0.0000000E+00  0.4141545      0.2585963      0.2541215    
  0.0000000E+00   1.000000      0.8071126    
  0.0000000E+00   4.125059    
   29.06265    
  1.0000000E+10
  0.0000000E+00  1.8643264E-02  8.1935488E-03  4.8738141E-03  3.2741935E-03
  2.3529413E-03  1.7675522E-03  1.3709678E-03
  0.0000000E+00  2.0635674E-02  9.1612907E-03  5.5920305E-03  3.8519925E-03
  2.8292220E-03  2.1631878E-03  1.7001899E-03
  0.0000000E+00  2.3889944E-02  1.0654649E-02  6.6366228E-03  4.6726754E-03
  3.5000001E-03  2.7210629E-03  2.1679318E-03
  0.0000000E+00  2.8776092E-02  1.2922202E-02  8.1802653E-03  5.8728652E-03
  4.4800760E-03  3.5379508E-03  0.0000000E+00
  0.0000000E+00  3.5977233E-02  1.6318787E-02  1.0502847E-02  7.6821637E-03
  5.9667933E-03  4.7846301E-03  0.0000000E+00
  0.0000000E+00  4.6688806E-02  2.1480078E-02  1.4098672E-02  1.0521822E-02
  8.3320690E-03  6.7817834E-03  0.0000000E+00
  0.0000000E+00  6.3111961E-02  2.9620495E-02  1.9914612E-02  1.5246681E-02
  1.2333967E-02  1.0161291E-02  0.0000000E+00
  0.0000000E+00  8.9592032E-02  4.3187857E-02  3.0028462E-02  2.3747629E-02
  1.9677421E-02  1.5910815E-02
  0.0000000E+00  0.1353890      6.7855790E-02  4.9497157E-02  4.0863380E-02
  3.3975333E-02
  0.0000000E+00  0.2233397      0.1188805      9.3244791E-02  8.0104373E-02
  0.0000000E+00  0.4207780      0.2484820      0.2157495    
  0.0000000E+00   1.000000      0.7138520    
  0.0000000E+00   3.861480    
   30.23719    
  9.9999998E+10
  0.0000000E+00  3.9370816E-02  1.3982598E-02  6.8005356E-03  3.9022758E-03
  2.4819279E-03  1.6927711E-03  1.2141902E-03
  0.0000000E+00  3.9270416E-02  1.4705489E-02  7.4564931E-03  4.4149933E-03
  2.8768408E-03  2.0000001E-03  1.4571620E-03
  0.0000000E+00  3.9518073E-02  1.5696118E-02  8.3534140E-03  5.1298528E-03
  3.4350739E-03  2.4384204E-03  1.8045516E-03
  0.0000000E+00  4.1064259E-02  1.7222222E-02  9.6519412E-03  6.1579654E-03
  4.2449799E-03  3.0789827E-03  0.0000000E+00
  0.0000000E+00  4.5240965E-02  1.9738955E-02  1.1599732E-02  7.6974565E-03
  5.4591699E-03  4.0441770E-03  0.0000000E+00
  0.0000000E+00  5.3734943E-02  2.4002679E-02  1.4698796E-02  1.0100402E-02
  7.3627848E-03  5.5528781E-03  0.0000000E+00
  0.0000000E+00  6.8875507E-02  3.1338688E-02  1.9846052E-02  1.4076306E-02
  1.0508701E-02  8.0053546E-03  0.0000000E+00
  0.0000000E+00  9.4912983E-02  4.4196788E-02  2.8895583E-02  2.1117805E-02
  1.6044177E-02  1.1880857E-02
  0.0000000E+00  0.1411647      6.7871489E-02  4.6117805E-02  3.4692105E-02
  2.5970550E-02
  0.0000000E+00  0.2305890      0.1163320      8.3065599E-02  6.3105755E-02
  0.0000000E+00  0.4301205      0.2341366      0.1767738    
  0.0000000E+00   1.000000      0.6149264    
  0.0000000E+00   3.582329    
   32.59036    
  1.0000000E+12
  0.0000000E+00  7.0095599E-02  2.2019120E-02  9.6826004E-03  5.1204590E-03
  3.0432120E-03  1.9602294E-03  1.3384321E-03
  0.0000000E+00  7.2160609E-02  2.2940727E-02  1.0195028E-02  5.4455064E-03
  3.2634798E-03  2.1173996E-03  1.4550668E-03
  0.0000000E+00  7.5105160E-02  2.4347991E-02  1.1009560E-02  5.9617586E-03
  3.6187381E-03  2.3728490E-03  1.6447417E-03
  0.0000000E+00  7.8585081E-02  2.6271511E-02  1.2191204E-02  6.7456975E-03
  4.1682599E-03  2.7720840E-03  0.0000000E+00
  0.0000000E+00  8.2294449E-02  2.8856596E-02  1.3915869E-02  7.9388143E-03
  5.0210324E-03  3.4026769E-03  0.0000000E+00
  0.0000000E+00  8.7074563E-02  3.2573614E-02  1.6554493E-02  9.8240916E-03
  6.3977051E-03  4.4206502E-03  0.0000000E+00
  0.0000000E+00  9.5793493E-02  3.8546845E-02  2.0856597E-02  1.2944550E-02
  8.6883362E-03  6.0879542E-03  0.0000000E+00
  0.0000000E+00  0.1151052      4.9177822E-02  2.8355641E-02  1.8405354E-02
  1.2646271E-02  8.6233271E-03
  0.0000000E+00  0.1566730      6.9866158E-02  4.2562138E-02  2.8611854E-02
  1.9323135E-02
  0.0000000E+00  0.2442830      0.1133843      7.2198853E-02  4.8413001E-02
  0.0000000E+00  0.4435947      0.2169790      0.1413002    
  0.0000000E+00   1.000000      0.5204589    
  0.0000000E+00   3.320076    
   32.81836    
  9.9999998E+12
  0.0000000E+00  0.1484294      4.5714285E-02  1.9715864E-02  1.0243095E-02
  5.9889504E-03  3.7995265E-03  2.5572218E-03
  0.0000000E+00  0.1404262      4.3330703E-02  1.8737175E-02  9.7490139E-03
  5.7095503E-03  3.6258879E-03  2.4435676E-03
  0.0000000E+00  0.1331018      4.1199684E-02  1.7868983E-02  9.3275458E-03
  5.4775062E-03  3.4853988E-03  2.3520128E-03
  0.0000000E+00  0.1299290      4.0441990E-02  1.7632203E-02  9.2470413E-03
  5.4522497E-03  3.4806631E-03  0.0000000E+00
  0.0000000E+00  0.1323757      4.1578531E-02  1.8279400E-02  9.6669300E-03
  5.7363855E-03  3.6795582E-03  0.0000000E+00
  0.0000000E+00  0.1406788      4.4909235E-02  2.0047357E-02  1.0734017E-02
  6.4372537E-03  4.1546961E-03  0.0000000E+00
  0.0000000E+00  0.1547435      5.0860301E-02  2.3299133E-02  1.2748225E-02
  7.7632205E-03  5.0339382E-03  0.0000000E+00
  0.0000000E+00  0.1756906      6.0773481E-02  2.9060775E-02  1.6416732E-02
  1.0173638E-02  6.4167324E-03
  0.0000000E+00  0.2105762      7.8421474E-02  3.9889503E-02  2.3409631E-02
  1.4299921E-02
  0.0000000E+00  0.2841358      0.1144278      6.2225733E-02  3.6685083E-02
  0.0000000E+00  0.4692976      0.1998422      0.1115233    
  0.0000000E+00   1.000000      0.4356748    
  0.0000000E+00   3.074980    
   32.35991    
  1.0000000E+14
  0.0000000E+00  0.1737658      5.3325173E-02  2.2900857E-02  1.1852305E-02
  6.9033047E-03  4.3614856E-03  2.9253368E-03
  0.0000000E+00  0.2166055      6.6462673E-02  2.8563851E-02  1.4785802E-02
  8.6087314E-03  5.4385965E-03  3.6450429E-03
  0.0000000E+00  0.2526316      7.7560179E-02  3.3349652E-02  1.7266423E-02
  1.0057120E-02  6.3525094E-03  4.2513260E-03
  0.0000000E+00  0.2687474      8.2619339E-02  3.5548754E-02  1.8416973E-02
  1.0730314E-02  6.7727459E-03  0.0000000E+00
  0.0000000E+00  0.2614851      8.0497757E-02  3.4708284E-02  1.8004896E-02
  1.0497756E-02  6.6177072E-03  0.0000000E+00
  0.0000000E+00  0.2444716      7.5520195E-02  3.2656059E-02  1.6980825E-02
  9.9102408E-03  6.2341900E-03  0.0000000E+00
  0.0000000E+00  0.2360669      7.3357813E-02  3.1893104E-02  1.6654426E-02
  9.7266426E-03  6.0709915E-03  0.0000000E+00
  0.0000000E+00  0.2472460      7.7641785E-02  3.4104448E-02  1.7927378E-02
  1.0444717E-02  6.2382701E-03
  0.0000000E+00  0.2848225      9.1268867E-02  4.0840473E-02  2.1652386E-02
  1.2190942E-02
  0.0000000E+00  0.3626275      0.1207670      5.5691555E-02  2.9077929E-02
  0.0000000E+00  0.5308037      0.1869441      8.7841704E-02
  0.0000000E+00   1.000000      0.3603019    
  0.0000000E+00   2.803754    
   31.18727    
