   100.0000    
  0.0000000E+00  1.3880051E-02  6.0742367E-03  3.8379957E-03  2.8231852E-03
  2.2545254E-03  1.8961418E-03  1.6560614E-03
  0.0000000E+00  1.6825745E-02  7.4181748E-03  4.7321264E-03  3.5161818E-03
  2.8396414E-03  2.4209179E-03  2.1429877E-03
  0.0000000E+00  2.0716766E-02  9.2155784E-03  5.9462423E-03  4.4761379E-03
  3.6679462E-03  3.1760831E-03  2.8670689E-03
  0.0000000E+00  2.5982812E-02  1.1684037E-02  7.6467362E-03  5.8493321E-03
  4.8820623E-03  4.3207165E-03  0.0000000E+00
  0.0000000E+00  3.3333331E-02  1.5189248E-02  1.0120680E-02  7.9082102E-03
  6.7672334E-03  6.1766314E-03  0.0000000E+00
  0.0000000E+00  4.3938562E-02  2.0369355E-02  1.3896507E-02  1.1175717E-02
  9.9104038E-03  9.4697382E-03  0.0000000E+00
  0.0000000E+00  5.9956115E-02  2.8432984E-02  2.0040227E-02  1.6801974E-02
  1.5741451E-02  1.6194915E-02  0.0000000E+00
  0.0000000E+00  8.5591510E-02  4.1908938E-02  3.0974584E-02  2.7719876E-02
  2.8487839E-02  3.2693360E-02
  0.0000000E+00  0.1298226      6.6703230E-02  5.3263847E-02  5.3483266E-02
  6.4253062E-02
  0.0000000E+00  0.2148473      0.1197659      0.1103675      0.1379777    
  0.0000000E+00  0.4081185      0.2678735      0.3355275    
  0.0000000E+00   1.000000      0.9925032    
  0.0000000E+00   4.653502    
   31.34028    
   1000.000    
  0.0000000E+00  1.3880379E-02  6.0758572E-03  3.8402628E-03  2.8245805E-03
  2.2556528E-03  1.8964260E-03  1.6559081E-03
  0.0000000E+00  1.6827134E-02  7.4197669E-03  4.7337711E-03  3.5193290E-03
  2.8409921E-03  2.4197667E-03  2.1425968E-03
  0.0000000E+00  2.0714806E-02  9.2177242E-03  5.9482129E-03  4.4784825E-03
  3.6688549E-03  3.1765134E-03  2.8646975E-03
  0.0000000E+00  2.5984684E-02  1.1686725E-02  7.6495265E-03  5.8533917E-03
  4.8832968E-03  4.3216632E-03  0.0000000E+00
  0.0000000E+00  3.3333331E-02  1.5193290E-02  1.0123997E-02  7.9102851E-03
  6.7687817E-03  6.1725024E-03  0.0000000E+00
  0.0000000E+00  4.3946028E-02  2.0368343E-02  1.3902261E-02  1.1179796E-02
  9.9106496E-03  9.4602481E-03  0.0000000E+00
  0.0000000E+00  5.9956238E-02  2.8446391E-02  2.0058353E-02  1.6807076E-02
  1.5734864E-02  1.6148796E-02  0.0000000E+00
  0.0000000E+00  8.5594460E-02  4.1921955E-02  3.0999271E-02  2.7735230E-02
  2.8428154E-02  3.2385118E-02
  0.0000000E+00  0.1298322      6.6739604E-02  5.3282280E-02  5.3428158E-02
  6.3730851E-02
  0.0000000E+00  0.2148067      0.1198031      0.1103209      0.1370715    
  0.0000000E+00  0.4080963      0.2678702      0.3336980    
  0.0000000E+00   1.000000      0.9888767    
  0.0000000E+00   4.642597    
   31.27279    
   10000.00    
  0.0000000E+00  1.3884762E-02  6.0790000E-03  3.8430875E-03  2.8265989E-03
  2.2558435E-03  1.8970827E-03  1.6535604E-03
  0.0000000E+00  1.6830947E-02  7.4234460E-03  4.7363653E-03  3.5205651E-03
  2.8410943E-03  2.4189164E-03  2.1380684E-03
  0.0000000E+00  2.0728393E-02  9.2226854E-03  5.9521650E-03  4.4808844E-03
  3.6691430E-03  3.1726763E-03  2.8574017E-03
  0.0000000E+00  2.6001086E-02  1.1692336E-02  7.6535600E-03  5.8543212E-03
  4.8831305E-03  4.3141870E-03  0.0000000E+00
  0.0000000E+00  3.3339374E-02  1.5200217E-02  1.0130459E-02  7.9126647E-03
  6.7639062E-03  6.1605363E-03  0.0000000E+00
  0.0000000E+00  4.3957237E-02  2.0384127E-02  1.3910129E-02  1.1179561E-02
  9.9003445E-03  9.4238091E-03  0.0000000E+00
  0.0000000E+00  5.9974633E-02  2.8465299E-02  2.0057980E-02  1.6801957E-02
  1.5698496E-02  1.6019206E-02  0.0000000E+00
  0.0000000E+00  8.5613333E-02  4.1946005E-02  3.1001993E-02  2.7704295E-02
  2.8265990E-02  3.1654283E-02
  0.0000000E+00  0.1298605      6.6769339E-02  5.3270519E-02  5.3252399E-02
  6.2547565E-02
  0.0000000E+00  0.2148940      0.1198405      0.1101105      0.1349882    
  0.0000000E+00  0.4082261      0.2676210      0.3297699    
  0.0000000E+00   1.000000      0.9800688    
  0.0000000E+00   4.618590    
   31.14695    
   100000.0    
  0.0000000E+00  1.3895453E-02  6.0866452E-03  3.8471180E-03  2.8284998E-03
  2.2556391E-03  1.8940208E-03  1.6475116E-03
  0.0000000E+00  1.6843894E-02  7.4328682E-03  4.7422126E-03  3.5230936E-03
  2.8410312E-03  2.4149660E-03  2.1303259E-03
  0.0000000E+00  2.0730397E-02  9.2320079E-03  5.9577511E-03  4.4826348E-03
  3.6663087E-03  3.1650555E-03  2.8410312E-03
  0.0000000E+00  2.6011458E-02  1.1706051E-02  7.6620118E-03  5.8575007E-03
  4.8782672E-03  4.3000360E-03  0.0000000E+00
  0.0000000E+00  3.3369139E-02  1.5214822E-02  1.0139635E-02  7.9144295E-03
  6.7543858E-03  6.1278194E-03  0.0000000E+00
  0.0000000E+00  4.3984964E-02  2.0408163E-02  1.3920516E-02  1.1177945E-02
  9.8728966E-03  9.3465811E-03  0.0000000E+00
  0.0000000E+00  6.0007159E-02  2.8481919E-02  2.0068027E-02  1.6784819E-02
  1.5619405E-02  1.5767990E-02  0.0000000E+00
  0.0000000E+00  8.5660577E-02  4.1979950E-02  3.1006087E-02  2.7622627E-02
  2.7962763E-02  3.0522734E-02
  0.0000000E+00  0.1299320      6.6809878E-02  5.3222340E-02  5.2846398E-02
  6.0633723E-02
  0.0000000E+00  0.2150018      0.1198711      0.1096670      0.1315968    
  0.0000000E+00  0.4083423      0.2672753      0.3231292    
  0.0000000E+00   1.000000      0.9652703    
  0.0000000E+00   4.575725    
   30.91658    
   1000000.    
  0.0000000E+00  1.3924317E-02  6.1019622E-03  3.8559916E-03  2.8328660E-03
  2.2547303E-03  1.8868255E-03  1.6345480E-03
  0.0000000E+00  1.6876314E-02  7.4509457E-03  4.7529782E-03  3.5266294E-03
  2.8381220E-03  2.4036439E-03  2.1093204E-03
  0.0000000E+00  2.0777855E-02  9.2536788E-03  5.9705670E-03  4.4866852E-03
  3.6615275E-03  3.1482130E-03  2.8083390E-03
  0.0000000E+00  2.6051154E-02  1.1732656E-02  7.6769446E-03  5.8601964E-03
  4.8668534E-03  4.2676944E-03  0.0000000E+00
  0.0000000E+00  3.3409249E-02  1.5248774E-02  1.0155921E-02  7.9134554E-03
  6.7291521E-03  6.0634194E-03  0.0000000E+00
  0.0000000E+00  4.4043448E-02  2.0444989E-02  1.3940084E-02  1.1166783E-02
  9.8142950E-03  9.1941133E-03  0.0000000E+00
  0.0000000E+00  6.0108617E-02  2.8538892E-02  2.0094603E-02  1.6746670E-02
  1.5455501E-02  1.5322354E-02  0.0000000E+00
  0.0000000E+00  8.5791864E-02  4.2063769E-02  3.1009110E-02  2.7470218E-02
  2.7365102E-02  2.8854240E-02
  0.0000000E+00  0.1301507      6.6906095E-02  5.3135950E-02  5.2119829E-02
  5.7761036E-02
  0.0000000E+00  0.2154870      0.1199545      0.1088122      0.1263840    
  0.0000000E+00  0.4090750      0.2664681      0.3128942    
  0.0000000E+00   1.000000      0.9423616    
  0.0000000E+00   4.511212    
   30.57113    
  1.0000000E+07
  0.0000000E+00  1.3985496E-02  6.1325687E-03  3.8724912E-03  2.8369033E-03
  2.2482714E-03  1.8704672E-03  1.6060044E-03
  0.0000000E+00  1.6950583E-02  7.4852426E-03  4.7714622E-03  3.5301065E-03
  2.8284702E-03  2.3781415E-03  2.0661158E-03
  0.0000000E+00  2.0863554E-02  9.2949914E-03  5.9908926E-03  4.4881096E-03
  3.6431102E-03  3.1067636E-03  2.7373924E-03
  0.0000000E+00  2.6159555E-02  1.1781076E-02  7.6994435E-03  5.8576488E-03
  4.8338673E-03  4.1963235E-03  0.0000000E+00
  0.0000000E+00  3.3530109E-02  1.5309496E-02  1.0180470E-02  7.9001524E-03
  6.6655423E-03  5.9301737E-03  0.0000000E+00
  0.0000000E+00  4.4206444E-02  2.0526228E-02  1.3965256E-02  1.1130040E-02
  9.6812285E-03  8.9053800E-03  0.0000000E+00
  0.0000000E+00  6.0313713E-02  2.8638896E-02  2.0104570E-02  1.6640244E-02
  1.5127340E-02  1.4570755E-02  0.0000000E+00
  0.0000000E+00  8.6085349E-02  4.2182494E-02  3.0983305E-02  2.7137797E-02
  2.6361950E-02  2.6446283E-02
  0.0000000E+00  0.1305616      6.7060217E-02  5.2892566E-02  5.0784282E-02
  5.3533483E-02
  0.0000000E+00  0.2160567      0.1200034      0.1071513      0.1185529    
  0.0000000E+00  0.4101872      0.2648002      0.2971833    
  0.0000000E+00   1.000000      0.9065610    
  0.0000000E+00   4.408838    
   30.03879    
  1.0000000E+08
  0.0000000E+00  1.4141637E-02  6.2029720E-03  3.9061019E-03  2.8453998E-03
  2.2336389E-03  1.8337022E-03  1.5493203E-03
  0.0000000E+00  1.7119823E-02  7.5608599E-03  4.8039835E-03  3.5330381E-03
  2.8011380E-03  2.3221625E-03  1.9807145E-03
  0.0000000E+00  2.1040153E-02  9.3771741E-03  6.0243439E-03  4.4815051E-03
  3.5978500E-03  3.0192856E-03  2.6067025E-03
  0.0000000E+00  2.6367372E-02  1.1874801E-02  7.7315839E-03  5.8362312E-03
  4.7565601E-03  4.0531144E-03  0.0000000E+00
  0.0000000E+00  3.3797029E-02  1.5420487E-02  1.0211824E-02  7.8533031E-03
  6.5270313E-03  5.6749918E-03  0.0000000E+00
  0.0000000E+00  4.4514701E-02  2.0660764E-02  1.3988302E-02  1.1024344E-02
  9.4087888E-03  8.4002530E-03  0.0000000E+00
  0.0000000E+00  6.0733479E-02  2.8817577E-02  2.0091685E-02  1.6392665E-02
  1.4514701E-02  1.3398672E-02  0.0000000E+00
  0.0000000E+00  8.6674042E-02  4.2396456E-02  3.0856783E-02  2.6462220E-02
  2.4691748E-02  2.3190008E-02
  0.0000000E+00  0.1314259      6.7293711E-02  5.2307937E-02  4.8466645E-02
  4.7692064E-02
  0.0000000E+00  0.2175150      0.1199336      0.1041258      0.1074455    
  0.0000000E+00  0.4122668      0.2614606      0.2744230    
  0.0000000E+00   1.000000      0.8539361    
  0.0000000E+00   4.258615    
   29.30762    
  1.0000000E+09
  0.0000000E+00  1.4729671E-02  6.4580673E-03  4.0371791E-03  2.8948488E-03
  2.2236411E-03  1.7766424E-03  1.4559387E-03
  0.0000000E+00  1.7652901E-02  7.7877110E-03  4.9098907E-03  3.5547039E-03
  2.7586205E-03  2.2264791E-03  1.8419186E-03
  0.0000000E+00  2.1555271E-02  9.5898965E-03  6.1075632E-03  4.4728252E-03
  3.5107136E-03  2.8650488E-03  2.3925074E-03
  0.0000000E+00  2.6905065E-02  1.2085994E-02  7.7948058E-03  5.7854406E-03
  4.6019582E-03  3.8030364E-03  0.0000000E+00
  0.0000000E+00  3.4383424E-02  1.5637860E-02  1.0251170E-02  7.7366251E-03
  6.2565627E-03  5.2504609E-03  0.0000000E+00
  0.0000000E+00  4.5210727E-02  2.0902513E-02  1.3983255E-02  1.0783312E-02
  8.9087551E-03  7.6188445E-03  0.0000000E+00
  0.0000000E+00  6.1614867E-02  2.9104583E-02  1.9994322E-02  1.5879096E-02
  1.3493685E-02  1.1775224E-02  0.0000000E+00
  0.0000000E+00  8.7852985E-02  4.2713210E-02  3.0509437E-02  2.5230594E-02
  2.2236411E-02  1.9327374E-02
  0.0000000E+00  0.1331347      6.7546472E-02  5.1085565E-02  4.4841778E-02
  4.0527880E-02
  0.0000000E+00  0.2200937      0.1195119      9.9091806E-02  9.3373060E-02
  0.0000000E+00  0.4160636      0.2555697      0.2446431    
  0.0000000E+00   1.000000      0.7835959    
  0.0000000E+00   4.058465    
   28.70725    
  1.0000000E+10
  0.0000000E+00  1.8485496E-02  8.0563482E-03  4.7693769E-03  3.1930574E-03
  2.2895862E-03  1.7154065E-03  1.3266762E-03
  0.0000000E+00  2.0577746E-02  9.0596760E-03  5.4980977E-03  3.7719922E-03
  2.7603423E-03  2.1029483E-03  1.6488349E-03
  0.0000000E+00  2.3906324E-02  1.0586068E-02  6.5513551E-03  4.5898715E-03
  3.4224915E-03  2.6497860E-03  2.1029483E-03
  0.0000000E+00  2.8863527E-02  1.2874465E-02  8.0979550E-03  5.7798382E-03
  4.3865903E-03  3.4474561E-03  0.0000000E+00
  0.0000000E+00  3.6126960E-02  1.6286258E-02  1.0412506E-02  7.5689489E-03
  5.8428431E-03  4.6576317E-03  0.0000000E+00
  0.0000000E+00  4.6921063E-02  2.1457441E-02  1.3980028E-02  1.0367332E-02
  8.1514502E-03  6.5882071E-03  0.0000000E+00
  0.0000000E+00  6.3468851E-02  2.9588683E-02  1.9757489E-02  1.5002377E-02
  1.2042320E-02  9.8323822E-03  0.0000000E+00
  0.0000000E+00  9.0109363E-02  4.3128863E-02  2.9743223E-02  2.3300048E-02
  1.9115549E-02  1.5299572E-02
  0.0000000E+00  0.1362339      6.7689016E-02  4.8882548E-02  3.9907277E-02
  3.2750834E-02
  0.0000000E+00  0.2244413      0.1182715      9.1607220E-02  7.7508315E-02
  0.0000000E+00  0.4223728      0.2459581      0.2098193    
  0.0000000E+00   1.000000      0.6984070    
  0.0000000E+00   3.818355    
   29.89776    
  9.9999998E+10
  0.0000000E+00  3.8124997E-02  1.3526785E-02  6.5776785E-03  3.7749996E-03
  2.4008928E-03  1.6375000E-03  1.1741071E-03
  0.0000000E+00  3.8276784E-02  1.4294642E-02  7.2446428E-03  4.2892857E-03
  2.7946429E-03  1.9419641E-03  1.4133928E-03
  0.0000000E+00  3.8803570E-02  1.5348214E-02  8.1562493E-03  5.0044642E-03
  3.3482143E-03  2.3749999E-03  1.7562499E-03
  0.0000000E+00  4.0642858E-02  1.6937500E-02  9.4642853E-03  6.0303570E-03
  4.1508926E-03  3.0062499E-03  0.0000000E+00
  0.0000000E+00  4.5089286E-02  1.9517856E-02  1.1428571E-02  7.5598215E-03
  5.3508929E-03  3.9544641E-03  0.0000000E+00
  0.0000000E+00  5.3785712E-02  2.3848213E-02  1.4526786E-02  9.9464282E-03
  7.2267856E-03  5.4330355E-03  0.0000000E+00
  0.0000000E+00  6.9098212E-02  3.1232141E-02  1.9660713E-02  1.3874999E-02
  1.0312499E-02  7.8232149E-03  0.0000000E+00
  0.0000000E+00  9.5357142E-02  4.4089288E-02  2.8642857E-02  2.0812500E-02
  1.5723215E-02  1.1571429E-02
  0.0000000E+00  0.1417857      6.7732140E-02  4.5669641E-02  3.4116071E-02
  2.5348213E-02
  0.0000000E+00  0.2315179      0.1158928      8.2035713E-02  6.1732139E-02
  0.0000000E+00  0.4314286      0.2324107      0.1734821    
  0.0000000E+00   1.000000      0.6061607    
  0.0000000E+00   3.559821    
   32.45536    
  1.0000000E+12
  0.0000000E+00  6.7003369E-02  2.1032546E-02  9.2424238E-03  4.8860828E-03
  2.9029180E-03  1.8686868E-03  1.2749719E-03
  0.0000000E+00  6.9528617E-02  2.2087540E-02  9.8148137E-03  5.2368119E-03
  3.1374858E-03  2.0342311E-03  1.3967451E-03
  0.0000000E+00  7.2839499E-02  2.3602692E-02  1.0662177E-02  5.7744104E-03
  3.5016832E-03  2.2946128E-03  1.5892255E-03
  0.0000000E+00  7.6655440E-02  2.5606059E-02  1.1874298E-02  6.5712682E-03
  4.0549943E-03  2.6952862E-03  0.0000000E+00
  0.0000000E+00  8.0751963E-02  2.8260380E-02  1.3619528E-02  7.7665541E-03
  4.9079685E-03  3.3226709E-03  0.0000000E+00
  0.0000000E+00  8.5914701E-02  3.2048259E-02  1.6268238E-02  9.6408529E-03
  6.2738494E-03  4.3305275E-03  0.0000000E+00
  0.0000000E+00  9.5173955E-02  3.8092028E-02  2.0561166E-02  1.2744107E-02
  8.5409647E-03  5.9708189E-03  0.0000000E+00
  0.0000000E+00  0.1149832      4.8804712E-02  2.8035913E-02  1.8153759E-02
  1.2446688E-02  8.4624020E-03
  0.0000000E+00  0.1569023      6.9472507E-02  4.2132434E-02  2.8232321E-02
  1.8995509E-02
  0.0000000E+00  0.2447811      0.1128507      7.1492702E-02  4.7687992E-02
  0.0000000E+00  0.4441077      0.2156565      0.1394500    
  0.0000000E+00   1.000000      0.5152637    
  0.0000000E+00   3.305275    
   32.78900    
  9.9999998E+12
  0.0000000E+00  0.1385067      4.2640001E-02  1.8378668E-02  9.5440010E-03
  5.5760001E-03  3.5359999E-03  2.3786668E-03
  0.0000000E+00  0.1322400      4.0773336E-02  1.7613333E-02  9.1626672E-03
  5.3626671E-03  3.4026669E-03  2.2914668E-03
  0.0000000E+00  0.1266400      3.9173335E-02  1.6973333E-02  8.8533340E-03
  5.1946668E-03  3.3040000E-03  2.2261334E-03
  0.0000000E+00  0.1249867      3.8853332E-02  1.6922666E-02  8.8666668E-03
  5.2213334E-03  3.3306668E-03  0.0000000E+00
  0.0000000E+00  0.1286400      4.0346667E-02  1.7722666E-02  9.3573341E-03
  5.5466667E-03  3.5520000E-03  0.0000000E+00
  0.0000000E+00  0.1378400      4.3919999E-02  1.9581335E-02  1.0472001E-02
  6.2693334E-03  4.0426669E-03  0.0000000E+00
  0.0000000E+00  0.1526133      5.0053336E-02  2.2898668E-02  1.2506667E-02
  7.6026670E-03  4.9226666E-03  0.0000000E+00
  0.0000000E+00  0.1742133      6.0080007E-02  2.8666666E-02  1.6173333E-02
  1.0002667E-02  6.2986668E-03
  0.0000000E+00  0.2097333      7.7760004E-02  3.9466668E-02  2.3109334E-02
  1.4093334E-02
  0.0000000E+00  0.2842667      0.1137333      6.1653338E-02  3.6240000E-02
  0.0000000E+00  0.4698667      0.1987733      0.1104267    
  0.0000000E+00   1.000000      0.4325334    
  0.0000000E+00   3.066667    
   32.37333    
  1.0000000E+14
  0.0000000E+00  0.1695868      5.2016530E-02  2.2338843E-02  1.1553720E-02
  6.7272731E-03  4.2495867E-03  2.8487605E-03
  0.0000000E+00  0.2086777      6.3991740E-02  2.7487604E-02  1.4214876E-02
  8.2809925E-03  5.2264463E-03  3.5000001E-03
  0.0000000E+00  0.2414876      7.4115701E-02  3.1842977E-02  1.6479339E-02
  9.5867775E-03  6.0520666E-03  4.0487605E-03
  0.0000000E+00  0.2566116      7.8809917E-02  3.3892564E-02  1.7545454E-02
  1.0214876E-02  6.4404961E-03  0.0000000E+00
  0.0000000E+00  0.2504959      7.7041328E-02  3.3173554E-02  1.7190084E-02
  1.0008264E-02  6.3074385E-03  0.0000000E+00
  0.0000000E+00  0.2357025      7.2702482E-02  3.1388432E-02  1.6297521E-02
  9.4958683E-03  5.9685954E-03  0.0000000E+00
  0.0000000E+00  0.2297521      7.1247935E-02  3.0917358E-02  1.6115703E-02
  9.3966946E-03  5.8512399E-03  0.0000000E+00
  0.0000000E+00  0.2431405      7.6165289E-02  3.3363637E-02  1.7495869E-02
  1.0165290E-02  6.0537192E-03
  0.0000000E+00  0.2823967      9.0165295E-02  4.0223144E-02  2.1247935E-02
  1.1925620E-02
  0.0000000E+00  0.3611570      0.1197521      5.5033058E-02  2.8636364E-02
  0.0000000E+00  0.5300000      0.1857025      8.6942151E-02
  0.0000000E+00   1.000000      0.3577686    
  0.0000000E+00   2.798347    
   31.21488    
