   100.0000    
  0.0000000E+00  1.4798910E-02  5.9945472E-03  3.4246764E-03  2.2494888E-03
  1.5937288E-03  1.1854124E-03  9.1274717E-04
  0.0000000E+00  1.8111793E-02  7.3619634E-03  4.2242673E-03  2.7873213E-03
  1.9829585E-03  1.4812542E-03  1.1458760E-03
  0.0000000E+00  2.2501705E-02  9.1888206E-03  5.3006136E-03  3.5167008E-03
  2.5167009E-03  1.8902522E-03  1.4696660E-03
  0.0000000E+00  2.8479891E-02  1.1683709E-02  6.7893662E-03  4.5364695E-03
  3.2685753E-03  2.4717110E-03  0.0000000E+00
  0.0000000E+00  3.6830265E-02  1.5214725E-02  8.9161554E-03  6.0109068E-03
  4.3694619E-03  3.3340154E-03  0.0000000E+00
  0.0000000E+00  4.8909340E-02  2.0381732E-02  1.2079073E-02  8.2413098E-03
  6.0613495E-03  4.6775732E-03  0.0000000E+00
  0.0000000E+00  6.7137018E-02  2.8295843E-02  1.7021133E-02  1.1799592E-02
  8.8275392E-03  6.9052489E-03  0.0000000E+00
  0.0000000E+00  9.6114524E-02  4.1152012E-02  2.5289707E-02  1.7941378E-02
  1.3721882E-02  1.0668031E-02
  0.0000000E+00  0.1456714      6.3796870E-02  4.0470347E-02  2.9720519E-02
  2.3033403E-02
  0.0000000E+00  0.2388548      0.1084526      7.2460808E-02  5.5432860E-02
  0.0000000E+00  0.4415815      0.2136333      0.1550102    
  0.0000000E+00   1.000000      0.5483981    
  0.0000000E+00   3.408998    
   25.21472    
   1000.000    
  0.0000000E+00  1.4805726E-02  5.9965919E-03  3.4253581E-03  2.2494888E-03
  1.5937288E-03  1.1854124E-03  9.1274717E-04
  0.0000000E+00  1.8118611E-02  7.3619634E-03  4.2249491E-03  2.7873213E-03
  1.9836400E-03  1.4812542E-03  1.1451943E-03
  0.0000000E+00  2.2508521E-02  9.1888206E-03  5.3019770E-03  3.5173823E-03
  2.5167009E-03  1.8895706E-03  1.4689844E-03
  0.0000000E+00  2.8486710E-02  1.1690525E-02  6.7914110E-03  4.5371507E-03
  3.2685753E-03  2.4710295E-03  0.0000000E+00
  0.0000000E+00  3.6843900E-02  1.5221541E-02  8.9161554E-03  6.0115890E-03
  4.3694619E-03  3.3333334E-03  0.0000000E+00
  0.0000000E+00  4.8929792E-02  2.0388549E-02  1.2079073E-02  8.2413098E-03
  6.0606683E-03  4.6762102E-03  0.0000000E+00
  0.0000000E+00  6.7157470E-02  2.8302660E-02  1.7027950E-02  1.1799592E-02
  8.8207228E-03  6.8984320E-03  0.0000000E+00
  0.0000000E+00  9.6182689E-02  4.1165646E-02  2.5296526E-02  1.7941378E-02
  1.3715065E-02  1.0647581E-02
  0.0000000E+00  0.1456714      6.3810498E-02  4.0477168E-02  2.9713703E-02
  2.2999318E-02
  0.0000000E+00  0.2389230      0.1084526      7.2460808E-02  5.5371508E-02
  0.0000000E+00  0.4417178      0.2137014      0.1548739    
  0.0000000E+00   1.000000      0.5481254    
  0.0000000E+00   3.408998    
   25.21472    
   10000.00    
  0.0000000E+00  1.4809265E-02  5.9979567E-03  3.4257495E-03  2.2493189E-03
  1.5926431E-03  1.1846049E-03  9.1144419E-04
  0.0000000E+00  1.8119890E-02  7.3637599E-03  4.2247954E-03  2.7867849E-03
  1.9822889E-03  1.4802453E-03  1.1437329E-03
  0.0000000E+00  2.2513624E-02  9.1893729E-03  5.3017712E-03  3.5170300E-03
  2.5149863E-03  1.8882834E-03  1.4666214E-03
  0.0000000E+00  2.8494552E-02  1.1689374E-02  6.7908722E-03  4.5361039E-03
  3.2663487E-03  2.4686649E-03  0.0000000E+00
  0.0000000E+00  3.6846049E-02  1.5217984E-02  8.9168940E-03  6.0095368E-03
  4.3664854E-03  3.3290193E-03  0.0000000E+00
  0.0000000E+00  4.8937332E-02  2.0388285E-02  1.2077657E-02  8.2356948E-03
  6.0551772E-03  4.6675750E-03  0.0000000E+00
  0.0000000E+00  6.7166217E-02  2.8303813E-02  1.7023161E-02  1.1791553E-02
  8.8147139E-03  6.8801092E-03  0.0000000E+00
  0.0000000E+00  9.6185289E-02  4.1164849E-02  2.5292914E-02  1.7929157E-02
  1.3685286E-02  1.0579019E-02
  0.0000000E+00  0.1457084      6.3807905E-02  4.0463217E-02  2.9673025E-02
  2.2867847E-02
  0.0000000E+00  0.2389646      0.1084469      7.2411448E-02  5.5136241E-02
  0.0000000E+00  0.4417575      0.2136240      0.1544278    
  0.0000000E+00   1.000000      0.5470709    
  0.0000000E+00   3.405313    
   25.19755    
   100000.0    
  0.0000000E+00  1.4816326E-02  5.9993202E-03  3.4258501E-03  2.2482993E-03
  1.5911565E-03  1.1823128E-03  9.0952381E-04
  0.0000000E+00  1.8129252E-02  7.3673469E-03  4.2251702E-03  2.7857141E-03
  1.9802721E-03  1.4775511E-03  1.1408163E-03
  0.0000000E+00  2.2523809E-02  9.1904765E-03  5.3013605E-03  3.5149660E-03
  2.5122450E-03  1.8843537E-03  1.4625849E-03
  0.0000000E+00  2.8503401E-02  1.1693878E-02  6.7904764E-03  4.5333332E-03
  3.2625850E-03  2.4632653E-03  0.0000000E+00
  0.0000000E+00  3.6857143E-02  1.5224489E-02  8.9183673E-03  6.0054422E-03
  4.3598637E-03  3.3197280E-03  0.0000000E+00
  0.0000000E+00  4.8952382E-02  2.0387754E-02  1.2074829E-02  8.2312925E-03
  6.0442174E-03  4.6510203E-03  0.0000000E+00
  0.0000000E+00  6.7183673E-02  2.8306121E-02  1.7020408E-02  1.1782313E-02
  8.7891156E-03  6.8435376E-03  0.0000000E+00
  0.0000000E+00  9.6190475E-02  4.1170068E-02  2.5278911E-02  1.7897960E-02
  1.3625851E-02  1.0448980E-02
  0.0000000E+00  0.1457143      6.3809521E-02  4.0428571E-02  2.9585034E-02
  2.2646260E-02
  0.0000000E+00  0.2390476      0.1084354      7.2244897E-02  5.4714285E-02
  0.0000000E+00  0.4418367      0.2134694      0.1535374    
  0.0000000E+00   1.000000      0.5450340    
  0.0000000E+00   3.399320    
   25.17007    
   1000000.    
  0.0000000E+00  1.4833673E-02  6.0061105E-03  3.4276987E-03  2.2477938E-03
  1.5892736E-03  1.1792261E-03  9.0563478E-04
  0.0000000E+00  1.8146640E-02  7.3727085E-03  4.2267484E-03  2.7847930E-03
  1.9775969E-03  1.4731841E-03  1.1357774E-03
  0.0000000E+00  2.2552615E-02  9.1989143E-03  5.3034625E-03  3.5132384E-03
  2.5084862E-03  1.8784793E-03  1.4541751E-03
  0.0000000E+00  2.8533606E-02  1.1704006E-02  6.7956555E-03  4.5302105E-03
  3.2559405E-03  2.4534964E-03  0.0000000E+00
  0.0000000E+00  3.6904275E-02  1.5234217E-02  8.9205708E-03  6.0000005E-03
  4.3496266E-03  3.3041413E-03  0.0000000E+00
  0.0000000E+00  4.9002036E-02  2.0407332E-02  1.2077394E-02  8.2213171E-03
  6.0251188E-03  4.6218601E-03  0.0000000E+00
  0.0000000E+00  6.7257300E-02  2.8323151E-02  1.7012900E-02  1.1758316E-02
  8.7508485E-03  6.7732520E-03  0.0000000E+00
  0.0000000E+00  9.6334018E-02  4.1194841E-02  2.5261372E-02  1.7854718E-02
  1.3530212E-02  1.0257977E-02
  0.0000000E+00  0.1458927      6.3828923E-02  4.0380180E-02  2.9443312E-02
  2.2301426E-02
  0.0000000E+00  0.2392397      0.1084861      7.2097763E-02  5.4059744E-02
  0.0000000E+00  0.4421588      0.2132383      0.1522064    
  0.0000000E+00   1.000000      0.5418873    
  0.0000000E+00   3.391717    
   25.13238    
  1.0000000E+07
  0.0000000E+00  1.4858109E-02  6.0128379E-03  3.4270270E-03  2.2439188E-03
  1.5837839E-03  1.1722973E-03  8.9729729E-04
  0.0000000E+00  1.8175675E-02  7.3783784E-03  4.2263512E-03  2.7790540E-03
  1.9695947E-03  1.4635136E-03  1.1236487E-03
  0.0000000E+00  2.2581082E-02  9.2094596E-03  5.3013517E-03  3.5054053E-03
  2.4966216E-03  1.8641893E-03  1.4371622E-03
  0.0000000E+00  2.8574325E-02  1.1716217E-02  6.7905406E-03  4.5189192E-03
  3.2391890E-03  2.4324325E-03  0.0000000E+00
  0.0000000E+00  3.6945947E-02  1.5243243E-02  8.9121619E-03  5.9824325E-03
  4.3236488E-03  3.2702703E-03  0.0000000E+00
  0.0000000E+00  4.9060810E-02  2.0412162E-02  1.2060811E-02  8.1891892E-03
  5.9817568E-03  4.5614867E-03  0.0000000E+00
  0.0000000E+00  6.7324325E-02  2.8331082E-02  1.6986486E-02  1.1709459E-02
  8.6689191E-03  6.6493247E-03  0.0000000E+00
  0.0000000E+00  9.6418917E-02  4.1195944E-02  2.5209460E-02  1.7743243E-02
  1.3337838E-02  9.9594593E-03
  0.0000000E+00  0.1460135      6.3810810E-02  4.0250000E-02  2.9148648E-02
  2.1743244E-02
  0.0000000E+00  0.2393919      0.1083108      7.1621619E-02  5.2952703E-02
  0.0000000E+00  0.4423649      0.2126351      0.1497973    
  0.0000000E+00   1.000000      0.5360811    
  0.0000000E+00   3.374324    
   25.04730    
  1.0000000E+08
  0.0000000E+00  1.4926274E-02  6.0328413E-03  3.4296247E-03  2.2379356E-03
  1.5723861E-03  1.1581769E-03  8.8136725E-04
  0.0000000E+00  1.8250670E-02  7.3994636E-03  4.2265411E-03  2.7701072E-03
  1.9544235E-03  1.4443700E-03  1.1025469E-03
  0.0000000E+00  2.2660857E-02  9.2292223E-03  5.2989274E-03  3.4912867E-03
  2.4752012E-03  1.8371313E-03  1.4068366E-03
  0.0000000E+00  2.8659517E-02  1.1735925E-02  6.7828414E-03  4.4973190E-03
  3.2077746E-03  2.3927612E-03  0.0000000E+00
  0.0000000E+00  3.7050936E-02  1.5268096E-02  8.9008044E-03  5.9490614E-03
  4.2747990E-03  3.2077746E-03  0.0000000E+00
  0.0000000E+00  4.9182303E-02  2.0435657E-02  1.2037533E-02  8.1367297E-03
  5.9001343E-03  4.4544232E-03  0.0000000E+00
  0.0000000E+00  6.7493297E-02  2.8351206E-02  1.6943701E-02  1.1608578E-02
  8.5187666E-03  6.4416891E-03  0.0000000E+00
  0.0000000E+00  9.6581772E-02  4.1206434E-02  2.5107237E-02  1.7533513E-02
  1.3009382E-02  9.5040211E-03
  0.0000000E+00  0.1463137      6.3780159E-02  3.9993297E-02  2.8632708E-02
  2.0884719E-02
  0.0000000E+00  0.2398794      0.1081769      7.0844501E-02  5.1213134E-02
  0.0000000E+00  0.4429625      0.2115281      0.1459786    
  0.0000000E+00   1.000000      0.5267426    
  0.0000000E+00   3.347855    
   24.93968    
  1.0000000E+09
  0.0000000E+00  1.5224868E-02  6.1164019E-03  3.4517199E-03  2.2328042E-03
  1.5535714E-03  1.1322751E-03  8.5251319E-04
  0.0000000E+00  1.8511904E-02  7.4735447E-03  4.2407410E-03  2.7566138E-03
  1.9265873E-03  1.4093915E-03  1.0634920E-03
  0.0000000E+00  2.2910053E-02  9.2923287E-03  5.3048944E-03  3.4675924E-03
  2.4358467E-03  1.7883598E-03  1.3531746E-03
  0.0000000E+00  2.8908731E-02  1.1798942E-02  6.7791007E-03  4.4589951E-03
  3.1488095E-03  2.3220901E-03  0.0000000E+00
  0.0000000E+00  3.7314814E-02  1.5330687E-02  8.8756615E-03  5.8869044E-03
  4.1845241E-03  3.0992064E-03  0.0000000E+00
  0.0000000E+00  4.9490739E-02  2.0496033E-02  1.1997355E-02  8.0291005E-03
  5.7533071E-03  4.2751324E-03  0.0000000E+00
  0.0000000E+00  6.7857146E-02  2.8406085E-02  1.6851852E-02  1.1421957E-02
  8.2539683E-03  6.1183865E-03  0.0000000E+00
  0.0000000E+00  9.7089946E-02  4.1236773E-02  2.4914023E-02  1.7162699E-02
  1.2480159E-02  8.8690482E-03
  0.0000000E+00  0.1470238      6.3743383E-02  3.9530423E-02  2.7757937E-02
  1.9636244E-02
  0.0000000E+00  0.2408730      0.1078042      6.9444440E-02  4.8630953E-02
  0.0000000E+00  0.4443122      0.2095900      0.1402116    
  0.0000000E+00   1.000000      0.5122355    
  0.0000000E+00   3.307540    
   24.97355    
  1.0000000E+10
  0.0000000E+00  1.6961861E-02  6.6321911E-03  3.6127989E-03  2.2585650E-03
  1.5248868E-03  1.0833872E-03  7.9767290E-04
  0.0000000E+00  1.9961214E-02  7.8926953E-03  4.3600514E-03  2.7588881E-03
  1.8804137E-03  1.3445377E-03  9.9482865E-04
  0.0000000E+00  2.4117647E-02  9.6250810E-03  5.3820293E-03  3.4421459E-03
  2.3652229E-03  1.7013573E-03  1.2624434E-03
  0.0000000E+00  2.9922429E-02  1.2055591E-02  6.8131867E-03  4.3968973E-03
  3.0439561E-03  2.2003877E-03  0.0000000E+00
  0.0000000E+00  3.8196508E-02  1.5526826E-02  8.8623138E-03  5.7744016E-03
  4.0252097E-03  2.9204914E-03  0.0000000E+00
  0.0000000E+00  5.0303813E-02  2.0646412E-02  1.1919845E-02  7.8345183E-03
  5.5009695E-03  3.9967680E-03  0.0000000E+00
  0.0000000E+00  6.8713635E-02  2.8513253E-02  1.6670976E-02  1.1085972E-02
  7.8280540E-03  5.6496444E-03  0.0000000E+00
  0.0000000E+00  9.8060764E-02  4.1266967E-02  2.4531350E-02  1.6522301E-02
  1.1674208E-02  8.0349064E-03
  0.0000000E+00  0.1482224      6.3594051E-02  3.8655460E-02  2.6354233E-02
  1.7963801E-02
  0.0000000E+00  0.2425339      0.1070459      6.7032970E-02  4.5016162E-02
  0.0000000E+00  0.4465417      0.2060763      0.1317389    
  0.0000000E+00   1.000000      0.4904977    
  0.0000000E+00   3.246930    
   26.29606    
  9.9999998E+10
  0.0000000E+00  2.5012454E-02  8.6924033E-03  4.1818181E-03  2.3754670E-03
  1.4937733E-03  1.0056040E-03  7.1108347E-04
  0.0000000E+00  2.7434619E-02  9.8505607E-03  4.8804483E-03  2.8349936E-03
  1.8119551E-03  1.2347447E-03  8.8044832E-04
  0.0000000E+00  3.0716065E-02  1.1388543E-02  5.8231633E-03  3.4626401E-03
  2.2503114E-03  1.5510585E-03  1.1145703E-03
  0.0000000E+00  3.5510585E-02  1.3542963E-02  7.1419678E-03  4.3449560E-03
  2.8692402E-03  1.9981319E-03  0.0000000E+00
  0.0000000E+00  4.2783312E-02  1.6693648E-02  9.0473229E-03  5.6226649E-03
  3.7652552E-03  2.6432129E-03  0.0000000E+00
  0.0000000E+00  5.4028641E-02  2.1481942E-02  1.1924035E-02  7.5404732E-03
  5.1070983E-03  3.5971357E-03  0.0000000E+00
  0.0000000E+00  7.1793273E-02  2.9034868E-02  1.6432129E-02  1.0547944E-02
  7.1980078E-03  5.0336239E-03  0.0000000E+00
  0.0000000E+00  0.1007472      4.1481942E-02  2.3910336E-02  1.5535492E-02
  1.0579078E-02  7.0361141E-03
  0.0000000E+00  0.1509340      6.3325033E-02  3.7229139E-02  2.4364883E-02
  1.5909091E-02
  0.0000000E+00  0.2457036      0.1056662      6.3449569E-02  4.0435866E-02
  0.0000000E+00  0.4503736      0.2004359      0.1206102    
  0.0000000E+00   1.000000      0.4608344    
  0.0000000E+00   3.165006    
   30.42341    
  1.0000000E+12
  0.0000000E+00  3.6894735E-02  1.1573099E-02  5.0818711E-03  2.6818712E-03
  1.5894737E-03  1.0198831E-03  6.9356721E-04
  0.0000000E+00  4.1397661E-02  1.3134503E-02  5.8269002E-03  3.1029240E-03
  1.8526316E-03  1.1959064E-03  8.1695901E-04
  0.0000000E+00  4.6660818E-02  1.5058479E-02  6.7894738E-03  3.6614037E-03
  2.2093568E-03  1.4385965E-03  9.8888890E-04
  0.0000000E+00  5.2801166E-02  1.7473685E-02  8.0584791E-03  4.4274852E-03
  2.7105263E-03  1.7842104E-03  0.0000000E+00
  0.0000000E+00  6.0233917E-02  2.0637427E-02  9.8187132E-03  5.5251461E-03
  3.4432749E-03  2.2941520E-03  0.0000000E+00
  0.0000000E+00  7.0292398E-02  2.5087718E-02  1.2403509E-02  7.1812863E-03
  4.5619882E-03  3.0707601E-03  0.0000000E+00
  0.0000000E+00  8.5730992E-02  3.1906430E-02  1.6444445E-02  9.8011699E-03
  6.3333334E-03  4.2608189E-03  0.0000000E+00
  0.0000000E+00  0.1120468      4.3245614E-02  2.3181286E-02  1.4163743E-02
  9.1929827E-03  5.9064329E-03
  0.0000000E+00  0.1598830      6.3625731E-02  3.5222221E-02  2.1789473E-02
  1.3573099E-02
  0.0000000E+00  0.2531579      0.1036257      5.8596492E-02  3.5134502E-02
  0.0000000E+00  0.4568421      0.1921053      0.1073099    
  0.0000000E+00   1.000000      0.4235673    
  0.0000000E+00   3.063158    
   32.49708    
  9.9999998E+12
  0.0000000E+00  5.4350108E-02  1.6713837E-02  7.1907761E-03  3.7290356E-03
  2.1750524E-03  1.3763104E-03  9.2452829E-04
  0.0000000E+00  5.8595389E-02  1.8029351E-02  7.7725369E-03  4.0340675E-03
  2.3553460E-03  1.4916144E-03  1.0015724E-03
  0.0000000E+00  6.4150944E-02  1.9795598E-02  8.5534593E-03  4.4486378E-03
  2.6016771E-03  1.6488470E-03  1.1069183E-03
  0.0000000E+00  7.2012581E-02  2.2327045E-02  9.6907765E-03  5.0581763E-03
  2.9659332E-03  1.8825997E-03  0.0000000E+00
  0.0000000E+00  8.3071284E-02  2.5953880E-02  1.1346960E-02  5.9591196E-03
  3.5120547E-03  2.2353251E-03  0.0000000E+00
  0.0000000E+00  9.8008387E-02  3.1048218E-02  1.3752622E-02  7.3060794E-03
  4.3370021E-03  2.7693920E-03  0.0000000E+00
  0.0000000E+00  0.1180294      3.8275681E-02  1.7342769E-02  9.3710693E-03
  5.6289309E-03  3.5927675E-03  0.0000000E+00
  0.0000000E+00  0.1461740      4.9177151E-02  2.3066040E-02  1.2783019E-02
  7.7515724E-03  4.7683441E-03
  0.0000000E+00  0.1914046      6.7505240E-02  3.3139411E-02  1.8815514E-02
  1.1090147E-02
  0.0000000E+00  0.2781971      0.1028826      5.2725367E-02  2.9402517E-02
  0.0000000E+00  0.4734801      0.1814990      9.2505246E-02
  0.0000000E+00   1.000000      0.3803983    
  0.0000000E+00   2.938155    
   32.66248    
  1.0000000E+14
  0.0000000E+00  7.6890394E-02  2.3551401E-02  1.0101954E-02  5.2209008E-03
  3.0356839E-03  1.9154629E-03  1.2824979E-03
  0.0000000E+00  8.8954970E-02  2.7251486E-02  1.1686491E-02  6.0365335E-03
  3.5093457E-03  2.2124043E-03  1.4796092E-03
  0.0000000E+00  0.1010620      3.0955819E-02  1.3275276E-02  6.8564145E-03
  3.9830077E-03  2.5089209E-03  1.6745965E-03
  0.0000000E+00  0.1119796      3.4311809E-02  1.4715377E-02  7.5998302E-03
  4.4137640E-03  2.7748512E-03  0.0000000E+00
  0.0000000E+00  0.1215803      3.7285469E-02  1.6002549E-02  8.2625318E-03
  4.7918437E-03  3.0076464E-03  0.0000000E+00
  0.0000000E+00  0.1328802      4.0811382E-02  1.7536107E-02  9.0569239E-03
  5.2506370E-03  3.2786746E-03  0.0000000E+00
  0.0000000E+00  0.1516143      4.6728972E-02  2.0135939E-02  1.0412063E-02
  6.0195411E-03  3.7158029E-03  0.0000000E+00
  0.0000000E+00  0.1837723      5.7051826E-02  2.4736619E-02  1.2829226E-02
  7.3661855E-03  4.3245535E-03
  0.0000000E+00  0.2366185      7.4553952E-02  3.2773998E-02  1.7051825E-02
  9.4010187E-03
  0.0000000E+00  0.3276126      0.1059898      4.7663551E-02  2.4231095E-02
  0.0000000E+00  0.5131691      0.1711980      7.7145278E-02
  0.0000000E+00   1.000000      0.3307986    
  0.0000000E+00   2.756585    
   31.89465    
