   100.0000    
  3.5510700E-02  1.2901917E-02  7.0078098E-03  4.7540320E-03  3.6393143E-03
  3.0023328E-03  2.6118266E-03  2.3643370E-03
  4.2681810E-02  1.5599959E-02  8.5536055E-03  5.8646919E-03  4.5410283E-03
  3.7975453E-03  3.3542954E-03  3.0936198E-03
  5.2064102E-02  1.9160157E-02  1.0619738E-02  7.3780296E-03  5.7957196E-03
  4.9284915E-03  4.4416268E-03  4.2002229E-03
  6.4590730E-02  2.3988232E-02  1.3480068E-02  9.5070489E-03  7.6072626E-03
  6.6132466E-03  6.1253677E-03  0.0000000E+00
  8.1803426E-02  3.0723196E-02  1.7547419E-02  1.2628055E-02  1.0345876E-02
  9.2707165E-03  8.9370115E-03  0.0000000E+00
  0.1061974      4.0450346E-02  2.3592655E-02  1.7425703E-02  1.4768231E-02
  1.3824931E-02  1.4179938E-02  0.0000000E+00
  0.1422051      5.5188153E-02  3.3096664E-02  2.5337255E-02  2.2547925E-02
  2.2659497E-02  2.5824118E-02  0.0000000E+00
  0.1980931      7.8841664E-02  4.9132772E-02  3.9699767E-02  3.8249314E-02
  4.3584540E-02  5.9154071E-02
  0.2905974      0.1199919      7.9186529E-02  6.9956385E-02  7.8212798E-02
  0.1124860    
  0.4577543      0.2000203      0.1455523      0.1531595      0.2325794    
  0.8008925      0.3867532      0.3438483      0.5413328    
   1.663455       1.000000       1.507252    
   4.877776       5.790648    
   43.12811    
   1000.000    
  3.5461064E-02  1.2887588E-02  7.0063630E-03  4.7550756E-03  3.6410466E-03
  3.0047472E-03  2.6138774E-03  2.3664276E-03
  4.2621959E-02  1.5584284E-02  8.5516619E-03  5.8660745E-03  4.5439857E-03
  3.8006261E-03  3.3572367E-03  3.0956471E-03
  5.1994748E-02  1.9149583E-02  1.0625189E-02  7.3800632E-03  5.7994141E-03
  4.9328352E-03  4.4460157E-03  4.2026057E-03
  6.4508632E-02  2.3977378E-02  1.3473388E-02  9.5101511E-03  7.6123630E-03
  6.6185240E-03  6.1306939E-03  0.0000000E+00
  8.1698820E-02  3.0703973E-02  1.7543683E-02  1.2624988E-02  1.0352490E-02
  9.2788609E-03  8.9415219E-03  0.0000000E+00
  0.1060499      4.0430259E-02  2.3593577E-02  1.7432583E-02  1.4776286E-02
  1.3836987E-02  1.4180386E-02  0.0000000E+00
  0.1420059      5.5156048E-02  3.3097669E-02  2.5350975E-02  2.2563377E-02
  2.2664379E-02  2.5775176E-02  0.0000000E+00
  0.1978588      7.8800119E-02  4.9136452E-02  3.9713159E-02  3.8278963E-02
  4.3541059E-02  5.8569841E-02
  0.2902737      0.1198869      7.9194024E-02  7.0003033E-02  7.8184023E-02
  0.1115039    
  0.4572265      0.1999798      0.1455409      0.1531159      0.2310878    
  0.8000202      0.3866276      0.3439047      0.5385315    
   1.661448       1.000000       1.501869    
   4.874255       5.773155    
   43.02596    
   10000.00    
  3.5420626E-02  1.2883865E-02  7.0091030E-03  4.7594281E-03  3.6450939E-03
  3.0079023E-03  2.6157848E-03  2.3667100E-03
  4.2572770E-02  1.5584676E-02  8.5555669E-03  5.8707613E-03  4.5483648E-03
  3.8041412E-03  3.3590076E-03  3.0939281E-03
  5.1925581E-02  1.9145744E-02  1.0623187E-02  7.3862160E-03  5.8057420E-03
  4.9374816E-03  4.4473344E-03  4.1982597E-03
  6.4439334E-02  2.3967190E-02  1.3484046E-02  9.5188562E-03  7.6192864E-03
  6.6239871E-03  6.1298390E-03  0.0000000E+00
  8.1604481E-02  3.0689208E-02  1.7555267E-02  1.2643794E-02  1.0363109E-02
  9.2837848E-03  8.9346804E-03  0.0000000E+00
  0.1059318      4.0422127E-02  2.3607083E-02  1.7445235E-02  1.4784436E-02
  1.3834151E-02  1.4144244E-02  0.0000000E+00
  0.1419426      5.5146545E-02  3.3109933E-02  2.5377614E-02  2.2576774E-02
  2.2636792E-02  2.5577674E-02  0.0000000E+00
  0.1976593      7.8793645E-02  4.9164750E-02  3.9751928E-02  3.8271483E-02
  4.3322999E-02  5.7027109E-02
  0.2899870      0.1199360      7.9243772E-02  7.0041016E-02  7.7953383E-02
  0.1090327    
  0.4568370      0.1999600      0.1456437      0.1529459      0.2267680    
  0.7993398      0.3867160      0.3438032      0.5304592    
   1.660498       1.000000       1.484445    
   4.872462       5.722717    
   42.75283    
   100000.0    
  3.5383105E-02  1.2888015E-02  7.0176814E-03  4.7671907E-03  3.6512772E-03
  3.0117878E-03  2.6159135E-03  2.3624755E-03
  4.2524558E-02  1.5589391E-02  8.5648326E-03  5.8801570E-03  4.5559919E-03
  3.8084479E-03  3.3585462E-03  3.0864440E-03
  5.1876225E-02  1.9155204E-02  1.0638506E-02  7.3978389E-03  5.8143418E-03
  4.9420428E-03  4.4440078E-03  4.1827112E-03
  6.4361490E-02  2.3978390E-02  1.3497054E-02  9.5333988E-03  7.6306481E-03
  6.6277017E-03  6.1198426E-03  0.0000000E+00
  8.1512772E-02  3.0707266E-02  1.7573673E-02  1.2662082E-02  1.0373280E-02
  9.2838900E-03  8.9047151E-03  0.0000000E+00
  0.1057957      4.0432218E-02  2.3634577E-02  1.7475441E-02  1.4803535E-02
  1.3821217E-02  1.4047151E-02  0.0000000E+00
  0.1417485      5.5166990E-02  3.3153240E-02  2.5412574E-02  2.2583498E-02
  2.2554027E-02  2.5147347E-02  0.0000000E+00
  0.1974460      7.8821220E-02  4.9223967E-02  3.9793711E-02  3.8222004E-02
  4.2819250E-02  5.4469544E-02
  0.2896857      0.1199411      7.9341844E-02  7.0058934E-02  7.7396855E-02
  0.1048134    
  0.4564833      0.2000982      0.1457760      0.1523576      0.2194499    
  0.7988212      0.3869352      0.3434184      0.5166012    
   1.660118       1.000000       1.453831    
   4.871316       5.635560    
   42.27898    
   1000000.    
  3.5342205E-02  1.2908746E-02  7.0351711E-03  4.7813691E-03  3.6606465E-03
  3.0171103E-03  2.6140686E-03  2.3507606E-03
  4.2480990E-02  1.5608365E-02  8.5865026E-03  5.8973390E-03  4.5684413E-03
  3.8127378E-03  3.3526616E-03  3.0655896E-03
  5.1815588E-02  1.9173004E-02  1.0665400E-02  7.4192020E-03  5.8288975E-03
  4.9448670E-03  4.4315592E-03  4.1425857E-03
  6.4296581E-02  2.4001902E-02  1.3526617E-02  9.5627382E-03  7.6463879E-03
  6.6264258E-03  6.0903043E-03  0.0000000E+00
  8.1425861E-02  3.0741446E-02  1.7614068E-02  1.2690115E-02  1.0399240E-02
  9.2709130E-03  8.8298479E-03  0.0000000E+00
  0.1057034      4.0484793E-02  2.3688214E-02  1.7519012E-02  1.4819391E-02
  1.3773765E-02  1.3830799E-02  0.0000000E+00
  0.1416350      5.5237643E-02  3.3231940E-02  2.5465781E-02  2.2576047E-02
  2.2357415E-02  2.4372624E-02  0.0000000E+00
  0.1972434      7.8925863E-02  4.9334604E-02  3.9857414E-02  3.8079850E-02
  4.1872624E-02  5.0855514E-02
  0.2894487      0.1201521      7.9515211E-02  7.0038028E-02  7.6302283E-02
  9.8764263E-02
  0.4561787      0.2003802      0.1460076      0.1512357      0.2087453    
  0.7985742      0.3875476      0.3424905      0.4959126    
   1.659696       1.000000       1.407795    
   4.871673       5.504753    
   41.57795    
  1.0000000E+07
  3.5350088E-02  1.2953321E-02  7.0727104E-03  4.8078992E-03  3.6759423E-03
  3.0197485E-03  2.6023337E-03  2.3195690E-03
  4.2486534E-02  1.5664272E-02  8.6310590E-03  5.9281867E-03  4.5852782E-03
  3.8132851E-03  3.3312389E-03  3.0152602E-03
  5.1804312E-02  1.9245960E-02  1.0718132E-02  7.4560144E-03  5.8473968E-03
  4.9398565E-03  4.3913820E-03  4.0538600E-03
  6.4281866E-02  2.4084378E-02  1.3599640E-02  9.6050259E-03  7.6660677E-03
  6.6077197E-03  6.0134646E-03  0.0000000E+00
  8.1409335E-02  3.0843806E-02  1.7701974E-02  1.2746857E-02  1.0412926E-02
  9.2190308E-03  8.6642727E-03  0.0000000E+00
  0.1057451      4.0619388E-02  2.3806103E-02  1.7585278E-02  1.4811489E-02
  1.3635547E-02  1.3411131E-02  0.0000000E+00
  0.1415619      5.5421904E-02  3.3384200E-02  2.5547575E-02  2.2504488E-02
  2.1929981E-02  2.3096947E-02  0.0000000E+00
  0.1973070      7.9201080E-02  4.9551163E-02  3.9928187E-02  3.7719928E-02
  4.0242366E-02  4.5978453E-02
  0.2894973      0.1205565      7.9820462E-02  6.9874324E-02  7.4308798E-02
  9.0484738E-02
  0.4563734      0.2010772      0.1463196      0.1490126      0.1937163    
  0.7992818      0.3887791      0.3404847      0.4664273    
   1.662477       1.000000       1.342011    
   4.877019       5.315979    
   40.57450    
  1.0000000E+08
  3.5574574E-02  1.3080685E-02  7.1556643E-03  4.8598209E-03  3.7008966E-03
  3.0171149E-03  2.5688673E-03  2.2534640E-03
  4.2689487E-02  1.5810922E-02  8.7286066E-03  5.9869601E-03  4.6088020E-03
  3.8011412E-03  3.2762839E-03  2.9103507E-03
  5.2013043E-02  1.9413205E-02  1.0831296E-02  7.5232279E-03  5.8696009E-03
  4.9103508E-03  4.2982888E-03  3.8810107E-03
  6.4498782E-02  2.4295028E-02  1.3732681E-02  9.6821515E-03  7.6821521E-03
  6.5452326E-03  5.8459663E-03  0.0000000E+00
  8.1662595E-02  3.1100247E-02  1.7872861E-02  1.2844336E-02  1.0407498E-02
  9.0872049E-03  8.3374092E-03  0.0000000E+00
  0.1060310      4.0953547E-02  2.4026081E-02  1.7693562E-02  1.4767726E-02
  1.3325185E-02  1.2689487E-02  0.0000000E+00
  0.1420538      5.5876125E-02  3.3675633E-02  2.5656072E-02  2.2298289E-02
  2.1132845E-02  2.1157295E-02  0.0000000E+00
  0.1978810      7.9845153E-02  4.9959254E-02  3.9959252E-02  3.6960069E-02
  3.7644662E-02  3.9600655E-02
  0.2905461      0.1215159      8.0358602E-02  6.9421358E-02  7.0961699E-02
  7.9323553E-02
  0.4582722      0.2026895      0.1467808      0.1449878      0.1731866    
  0.8029340      0.3914426      0.3367563      0.4255909    
   1.670742       1.000000       1.250204    
   4.896496       5.052975    
   39.20946    
  1.0000000E+09
  3.7027776E-02  1.3416667E-02  7.3680556E-03  4.9909726E-03  3.7618058E-03
  3.0131945E-03  2.5055557E-03  2.1340279E-03
  4.3944445E-02  1.6166667E-02  8.9444444E-03  6.1111110E-03  4.6520834E-03
  3.7659721E-03  3.1652779E-03  2.7250000E-03
  5.3131942E-02  1.9812500E-02  1.1069444E-02  7.6458333E-03  5.8909724E-03
  4.8298612E-03  4.1125002E-03  3.5840278E-03
  6.5562502E-02  2.4763890E-02  1.4000000E-02  9.8124994E-03  7.6736114E-03
  6.3902778E-03  5.5277781E-03  0.0000000E+00
  8.2777776E-02  3.1673610E-02  1.8187501E-02  1.2972223E-02  1.0340278E-02
  8.7916674E-03  7.7638892E-03  0.0000000E+00
  0.1072917      4.1687500E-02  2.4423612E-02  1.7819444E-02  1.4569445E-02
  1.2722222E-02  1.1534723E-02  0.0000000E+00
  0.1436111      5.6847226E-02  3.4187499E-02  2.5729168E-02  2.1791667E-02
  1.9750001E-02  1.8500000E-02  0.0000000E+00
  0.2001389      8.1180558E-02  5.0618060E-02  3.9819445E-02  3.5486110E-02
  3.3861112E-02  3.2305554E-02
  0.2938889      0.1235417      8.1180558E-02  6.8284720E-02  6.5756947E-02
  6.6187501E-02
  0.4637500      0.2058333      0.1470833      0.1384028      0.1482639    
  0.8131945      0.3965278      0.3301389      0.3745139    
   1.693056       1.000000       1.132639    
   4.945139       4.717361    
   37.59028    
  1.0000000E+10
  4.4209402E-02  1.5048076E-02  8.4188040E-03  5.6143166E-03  4.0758546E-03
  3.1079059E-03  2.4487181E-03  1.9748933E-03
  5.0464742E-02  1.7457264E-02  9.7809825E-03  6.6025639E-03  4.8712608E-03
  3.7756409E-03  3.0202991E-03  2.4679487E-03
  5.8920939E-02  2.0934829E-02  1.1768162E-02  8.0288462E-03  6.0096155E-03
  4.7297007E-03  3.8386751E-03  3.1768163E-03
  7.0619658E-02  2.5860041E-02  1.4636753E-02  1.0106838E-02  7.6762824E-03
  6.1324788E-03  5.0523505E-03  0.0000000E+00
  8.7232910E-02  3.2863248E-02  1.8819446E-02  1.3189103E-02  1.0186966E-02
  8.2852561E-03  6.9337608E-03  0.0000000E+00
  0.1114850      4.3098290E-02  2.5090812E-02  1.7932693E-02  1.4145299E-02
  1.1746795E-02  1.0005342E-02  0.0000000E+00
  0.1480235      5.8653846E-02  3.4957264E-02  2.5657052E-02  2.0806624E-02
  1.7735044E-02  1.5379273E-02  0.0000000E+00
  0.2054487      8.3653845E-02  5.1506411E-02  3.9230771E-02  3.3060897E-02
  2.9102566E-02  2.5058759E-02
  0.3012820      0.1270833      8.1997864E-02  6.5972224E-02  5.8707263E-02
  5.2644230E-02
  0.4753740      0.2112180      0.1467414      0.1286325      0.1214744    
  0.8338675      0.4044338      0.3191774      0.3177885    
   1.736111       1.000000      0.9989316    
   5.038996       4.333868    
   36.27671    
