   100.0000    
  3.8970586E-02  1.3925831E-02  7.2953962E-03  4.6962914E-03  3.3631711E-03
  2.5668158E-03  2.0434782E-03  1.6771099E-03
  4.7250640E-02  1.6953323E-02  8.9418152E-03  5.7960358E-03  4.1815857E-03
  3.2161125E-03  2.5805626E-03  2.1352300E-03
  5.8088236E-02  2.0962276E-02  1.1144501E-02  7.2890022E-03  5.3069051E-03
  4.1176472E-03  3.3375958E-03  2.7906010E-03
  7.2634272E-02  2.6397059E-02  1.4175192E-02  9.3702050E-03  6.8989769E-03
  5.4187980E-03  4.4469307E-03  0.0000000E+00
  9.2679031E-02  3.3983376E-02  1.8471867E-02  1.2375319E-02  9.2423270E-03
  7.3753195E-03  6.1604860E-03  0.0000000E+00
  0.1211637      4.4948850E-02  2.4814578E-02  1.6918158E-02  1.2883632E-02
  1.0505115E-02  8.9897700E-03  0.0000000E+00
  0.1632992      6.1476983E-02  3.4654733E-02  2.4191175E-02  1.8925831E-02
  1.5927110E-02  1.4124040E-02  0.0000000E+00
  0.2286445      8.7883629E-02  5.0959077E-02  3.6796674E-02  2.9980816E-02
  2.6480179E-02  2.4293479E-02
  0.3366368      0.1333440      8.0562659E-02  6.1285164E-02  5.3324807E-02
  5.0223783E-02
  0.5316496      0.2203325      0.1421036      0.1182225      0.1143862    
  0.9290281      0.4162404      0.3023018      0.2970268    
   1.913043       1.000000      0.9370204    
   5.393222       4.159207    
   35.48593    
   1000.000    
  3.8977638E-02  1.3923324E-02  7.2939298E-03  4.6932912E-03  3.3610223E-03
  2.5664538E-03  2.0431310E-03  1.6766775E-03
  4.7220450E-02  1.6952077E-02  8.9392979E-03  5.7955277E-03  4.1821087E-03
  3.2172524E-03  2.5798723E-03  2.1341855E-03
  5.8051120E-02  2.0961663E-02  1.1143771E-02  7.2875400E-03  5.3067096E-03
  4.1182111E-03  3.3354633E-03  2.7891377E-03
  7.2619811E-02  2.6392974E-02  1.4172524E-02  9.3674120E-03  6.8977643E-03
  5.4153358E-03  4.4440897E-03  0.0000000E+00
  9.2651762E-02  3.3961661E-02  1.8469648E-02  1.2373803E-02  9.2428122E-03
  7.3738019E-03  6.1565498E-03  0.0000000E+00
  0.1211502      4.4920132E-02  2.4811504E-02  1.6916934E-02  1.2878595E-02
  1.0501598E-02  8.9840256E-03  0.0000000E+00
  0.1632268      6.1469652E-02  3.4632590E-02  2.4188500E-02  1.8923324E-02
  1.5920129E-02  1.4105432E-02  0.0000000E+00
  0.2285943      8.7859429E-02  5.0958470E-02  3.6805112E-02  2.9971246E-02
  2.6456870E-02  2.4233228E-02
  0.3367412      0.1333227      8.0543138E-02  6.1277956E-02  5.3290736E-02
  5.0127797E-02
  0.5316294      0.2203195      0.1421086      0.1181789      0.1141853    
  0.9287540      0.4159745      0.3022364      0.2966134    
   1.912460       1.000000      0.9361023    
   5.392972       4.156549    
   35.46326    
   10000.00    
  3.8972229E-02  1.3929141E-02  7.2965208E-03  4.6983720E-03  3.3641877E-03
  2.5665497E-03  2.0424512E-03  1.6750719E-03
  4.7239065E-02  1.6961379E-02  8.9466963E-03  5.7995534E-03  4.1844873E-03
  3.2141716E-03  2.5786785E-03  2.1321417E-03
  5.8091283E-02  2.0970315E-02  1.1152250E-02  7.2901370E-03  5.3080115E-03
  4.1174591E-03  3.3354610E-03  2.7855090E-03
  7.2614111E-02  2.6405999E-02  1.4181295E-02  9.3712099E-03  6.8975422E-03
  5.4165334E-03  4.4430257E-03  0.0000000E+00
  9.2658788E-02  3.3992976E-02  1.8480688E-02  1.2377912E-02  9.2435367E-03
  7.3699327E-03  6.1506541E-03  0.0000000E+00
  0.1211618      4.4940948E-02  2.4822854E-02  1.6923077E-02  1.2879029E-02
  1.0494733E-02  8.9690387E-03  0.0000000E+00
  0.1632620      6.1506543E-02  3.4663264E-02  2.4197254E-02  1.8921161E-02
  1.5901692E-02  1.4060006E-02  0.0000000E+00
  0.2286307      8.7902963E-02  5.0973505E-02  3.6801785E-02  2.9958507E-02
  2.6396424E-02  2.4012128E-02
  0.3367379      0.1333865      8.0593675E-02  6.1283115E-02  5.3239703E-02
  4.9760610E-02
  0.5317587      0.2203958      0.1421321      0.1180977      0.1135334    
  0.9291413      0.4162145      0.3022023      0.2953399    
   1.913182       1.000000      0.9332907    
   5.394191       4.149377    
   35.42930    
   100000.0    
  3.8968481E-02  1.3938237E-02  7.3002228E-03  4.6991403E-03  3.3619865E-03
  2.5644698E-03  2.0391594E-03  1.6704870E-03
  4.7246099E-02  1.6969118E-02  8.9493785E-03  5.8007007E-03  4.1833809E-03
  3.2123527E-03  2.5740210E-03  2.1254378E-03
  5.8070675E-02  2.0980580E-02  1.1155683E-02  7.2938553E-03  5.3040436E-03
  4.1133398E-03  3.3269660E-03  2.7752307E-03
  7.2620183E-02  2.6421521E-02  1.4186565E-02  9.3728108E-03  6.8958933E-03
  5.4091052E-03  4.4317096E-03  0.0000000E+00
  9.2677489E-02  3.4001909E-02  1.8487742E-02  1.2381407E-02  9.2390953E-03
  7.3607131E-03  6.1286218E-03  0.0000000E+00
  0.1211716      4.4985671E-02  2.4832856E-02  1.6921362E-02  1.2871698E-02
  1.0471188E-02  8.9270929E-03  0.0000000E+00
  0.1632919      6.1509073E-02  3.4670487E-02  2.4192933E-02  1.8898441E-02
  1.5851639E-02  1.3947788E-02  0.0000000E+00
  0.2286533      8.7933771E-02  5.0971027E-02  3.6771726E-02  2.9901303E-02
  2.6246419E-02  2.3578478E-02
  0.3368354      0.1334288      8.0579430E-02  6.1222542E-02  5.3008594E-02
  4.8997134E-02
  0.5316778      0.2204712      0.1421203      0.1178287      0.1121617    
  0.9293218      0.4164279      0.3018784      0.2926138    
   1.913403       1.000000      0.9270933    
   5.396370       4.132442    
   35.33906    
   1000000.    
  3.9017431E-02  1.3958795E-02  7.3122028E-03  4.7036447E-03  3.3629157E-03
  2.5613310E-03  2.0332804E-03  1.6621236E-03
  4.7258317E-02  1.6995246E-02  8.9603802E-03  5.8034863E-03  4.1806656E-03
  3.2076067E-03  2.5654514E-03  2.1131537E-03
  5.8129951E-02  2.1011094E-02  1.1169571E-02  7.2963550E-03  5.3026942E-03
  4.1045956E-03  3.3153722E-03  2.7559430E-03
  7.2678283E-02  2.6456419E-02  1.4202853E-02  9.3787638E-03  6.8906499E-03
  5.3977813E-03  4.4088745E-03  0.0000000E+00
  9.2709981E-02  3.4041204E-02  1.8507130E-02  1.2386687E-02  9.2297932E-03
  7.3375595E-03  6.0919174E-03  0.0000000E+00
  0.1212361      4.5039620E-02  2.4858953E-02  1.6925514E-02  1.2855785E-02
  1.0431061E-02  8.8494448E-03  0.0000000E+00
  0.1633914      6.1584786E-02  3.4706812E-02  2.4190173E-02  1.8862123E-02
  1.5759112E-02  1.3752773E-02  0.0000000E+00
  0.2287797      8.8050708E-02  5.1030107E-02  3.6767036E-02  2.9800316E-02
  2.5974644E-02  2.2925515E-02
  0.3369255      0.1335658      8.0633916E-02  6.1141044E-02  5.2646589E-02
  4.7860537E-02
  0.5321711      0.2206973      0.1421236      0.1173692      0.1100475    
  0.9299524      0.4167987      0.3013946      0.2883677    
   1.915055       1.000000      0.9172741    
   5.400950       4.104596    
   35.21395    
  1.0000000E+07
  3.9056603E-02  1.4003145E-02  7.3333331E-03  4.7106920E-03  3.3616351E-03
  2.5550313E-03  2.0213837E-03  1.6452831E-03
  4.7327045E-02  1.7047171E-02  8.9842770E-03  5.8144652E-03  4.1792453E-03
  3.1981131E-03  2.5484278E-03  2.0886792E-03
  5.8207545E-02  2.1072328E-02  1.1198114E-02  7.3081763E-03  5.2987421E-03
  4.0911948E-03  3.2893082E-03  2.7185536E-03
  7.2767295E-02  2.6531447E-02  1.4238994E-02  9.3899369E-03  6.8836478E-03
  5.3742141E-03  4.3679243E-03  0.0000000E+00
  9.2861637E-02  3.4150943E-02  1.8550314E-02  1.2396226E-02  9.2138359E-03
  7.2955978E-03  6.0188677E-03  0.0000000E+00
  0.1214151      4.5157231E-02  2.4908803E-02  1.6933963E-02  1.2820754E-02
  1.0352201E-02  8.7044025E-03  0.0000000E+00
  0.1636163      6.1761007E-02  3.4779876E-02  2.4188679E-02  1.8786162E-02
  1.5584906E-02  1.3411950E-02  0.0000000E+00
  0.2291195      8.8270441E-02  5.1100627E-02  3.6729559E-02  2.9603774E-02
  2.5490567E-02  2.1949684E-02
  0.3374214      0.1338994      8.0723271E-02  6.0974844E-02  5.1981129E-02
  4.6132073E-02
  0.5330189      0.2211950      0.1421384      0.1164780      0.1067296    
  0.9317610      0.4172956      0.3004403      0.2816038    
   1.918553       1.000000      0.9015723    
   5.408805       4.059749    
   34.96855    
  1.0000000E+08
  3.9267991E-02  1.4094293E-02  7.3728287E-03  4.7270469E-03  3.3622829E-03
  2.5409430E-03  1.9972085E-03  1.6122829E-03
  4.7549628E-02  1.7149502E-02  9.0322578E-03  5.8312658E-03  4.1749380E-03
  3.1761788E-03  2.5136475E-03  2.0415632E-03
  5.8405705E-02  2.1194169E-02  1.1253102E-02  7.3232008E-03  5.2915635E-03
  4.0601734E-03  3.2351117E-03  2.6479529E-03
  7.3014893E-02  2.6678041E-02  1.4302109E-02  9.4044665E-03  6.8641435E-03
  5.3225807E-03  4.2866003E-03  0.0000000E+00
  9.3145162E-02  3.4336228E-02  1.8625930E-02  1.2410049E-02  9.1780396E-03
  7.2115385E-03  5.8808932E-03  0.0000000E+00
  0.1217742      4.5378409E-02  2.5003100E-02  1.6938586E-02  1.2748139E-02
  1.0195409E-02  8.4460294E-03  0.0000000E+00
  0.1641129      6.2065754E-02  3.4894541E-02  2.4171835E-02  1.8632133E-02
  1.5254342E-02  1.2847395E-02  0.0000000E+00
  0.2298697      8.8678665E-02  5.1240694E-02  3.6631513E-02  2.9215259E-02
  2.4658808E-02  2.0517990E-02
  0.3387097      0.1344913      8.0862284E-02  6.0607936E-02  5.0775431E-02
  4.3486353E-02
  0.5347394      0.2221154      0.1420906      0.1148573      0.1016749    
  0.9351736      0.4187345      0.2986663      0.2710298    
   1.925869       1.000000      0.8768610    
   5.424938       3.988834    
   34.64640    
  1.0000000E+09
  4.0393937E-02  1.4306060E-02  7.4757575E-03  4.7666663E-03  3.3636363E-03
  2.5151514E-03  1.9509090E-03  1.5518182E-03
  4.8484847E-02  1.7375758E-02  9.1363629E-03  5.8666663E-03  4.1666669E-03
  3.1363636E-03  2.4469697E-03  1.9563637E-03
  5.9242424E-02  2.1448486E-02  1.1363637E-02  7.3545454E-03  5.2666664E-03
  3.9939391E-03  3.1393939E-03  2.5230302E-03
  7.3818177E-02  2.6972726E-02  1.4424243E-02  9.4303032E-03  6.8181814E-03
  5.2181818E-03  4.1363635E-03  0.0000000E+00
  9.3939394E-02  3.4696970E-02  1.8766666E-02  1.2424243E-02  9.0939393E-03
  7.0424243E-03  5.6333332E-03  0.0000000E+00
  0.1226970      4.5818184E-02  2.5169697E-02  1.6927274E-02  1.2590908E-02
  9.8939389E-03  8.0060605E-03  0.0000000E+00
  0.1652424      6.2636361E-02  3.5090908E-02  2.4103031E-02  1.8309090E-02
  1.4663637E-02  1.1972727E-02  0.0000000E+00
  0.2314242      8.9484848E-02  5.1484849E-02  3.6424242E-02  2.8481817E-02
  2.3312122E-02  1.8563636E-02
  0.3409091      0.1356364      8.1060603E-02  5.9848487E-02  4.8757575E-02
  3.9818183E-02
  0.5387878      0.2238182      0.1418788      0.1119394      9.4333336E-02
  0.9421212      0.4212121      0.2952727      0.2553030    
   1.940606       1.000000      0.8393940    
   5.457576       3.881818    
   34.18182    
  1.0000000E+10
  4.6894141E-02  1.5272674E-02  7.9585891E-03  4.9897931E-03  3.4295714E-03
  2.4916886E-03  1.8766406E-03  1.4505688E-03
  5.4214057E-02  1.8174395E-02  9.5304763E-03  6.0367458E-03  4.1936426E-03
  3.0766989E-03  2.3359582E-03  1.8171478E-03
  6.4129487E-02  2.2160981E-02  1.1700204E-02  7.4773990E-03  5.2493438E-03
  3.8845146E-03  2.9746282E-03  2.3263344E-03
  7.7865273E-02  2.7675707E-02  1.4730242E-02  9.5071457E-03  6.7424909E-03
  5.0393702E-03  3.8845146E-03  0.0000000E+00
  9.7375326E-02  3.5433073E-02  1.9066785E-02  1.2449695E-02  8.9326333E-03
  6.7424909E-03  5.2405954E-03  0.0000000E+00
  0.1257801      4.6719160E-02  2.5476817E-02  1.6882474E-02  1.2283466E-02
  9.3846610E-03  7.3461649E-03  0.0000000E+00
  0.1683581      6.3750364E-02  3.5403907E-02  2.3919510E-02  1.7716536E-02
  1.3721202E-02  1.0761155E-02  0.0000000E+00
  0.2350540      9.0959467E-02  5.1793527E-02  3.5899680E-02  2.7220765E-02
  2.1347331E-02  1.6153397E-02
  0.3458734      0.1377078      8.1248179E-02  5.8442697E-02  4.5610968E-02
  3.5141442E-02
  0.5465150      0.2268300      0.1412074      0.1071741      8.4689416E-02
  0.9559639      0.4254885      0.2892972      0.2338874    
   1.969379       1.000000      0.7871100    
   5.517643       3.732867    
   33.85827    
