   100.0000    
  3.6889371E-02  1.3335130E-02  7.1569681E-03  4.7665234E-03  3.5578304E-03
  2.8466238E-03  2.3832617E-03  2.0653736E-03
  4.4504311E-02  1.6174570E-02  8.7535921E-03  5.8836206E-03  4.4342671E-03
  3.5847700E-03  3.0387931E-03  2.6670259E-03
  5.4454025E-02  1.9917386E-02  1.0890804E-02  7.4012214E-03  5.6465520E-03
  4.6246410E-03  3.9780890E-03  3.5524426E-03
  6.7780174E-02  2.5000000E-02  1.3832616E-02  9.5276581E-03  7.3814658E-03
  6.1494252E-03  5.3969109E-03  0.0000000E+00
  8.6099140E-02  3.2094110E-02  1.8013651E-02  1.2625719E-02  9.9748569E-03
  8.5057467E-03  7.6760058E-03  0.0000000E+00
  0.1121049      4.2331178E-02  2.4209771E-02  1.7358119E-02  1.4085849E-02
  1.2413793E-02  1.1675647E-02  0.0000000E+00
  0.1504670      5.7794541E-02  3.3908047E-02  2.5053879E-02  2.1138651E-02
  1.9576151E-02  1.9665949E-02  0.0000000E+00
  0.2099497      8.2596987E-02  5.0143678E-02  3.8775142E-02  3.4716237E-02
  3.4931753E-02  3.8487788E-02
  0.3083693      0.1255208      8.0190375E-02  6.6612788E-02  6.6199712E-02
  7.6311067E-02
  0.4861710      0.2085129      0.1448276      0.1371408      0.1653556    
  0.8502156      0.3994253      0.3259698      0.4051724    
   1.759878       1.000000       1.195043    
   5.077227       4.897629    
   38.75718    
   1000.000    
  3.6872309E-02  1.3333931E-02  7.1574603E-03  4.7668577E-03  3.5598995E-03
  2.8461262E-03  2.3834289E-03  2.0659971E-03
  4.4476327E-02  1.6171090E-02  8.7535866E-03  5.8841463E-03  4.4368720E-03
  3.5850070E-03  3.0380199E-03  2.6667863E-03
  5.4429699E-02  1.9924676E-02  1.0891319E-02  7.4013630E-03  5.6474176E-03
  4.6269726E-03  3.9795553E-03  3.5527258E-03
  6.7754664E-02  2.5000000E-02  1.3834290E-02  9.5301289E-03  7.3816357E-03
  6.1513628E-03  5.3963414E-03  0.0000000E+00
  8.6065277E-02  3.2083932E-02  1.8023673E-02  1.2629125E-02  9.9766860E-03
  8.5078906E-03  7.6757530E-03  0.0000000E+00
  0.1120516      4.2324245E-02  2.4228837E-02  1.7361907E-02  1.4088952E-02
  1.2413916E-02  1.1669655E-02  0.0000000E+00
  0.1503945      5.7801291E-02  3.3913199E-02  2.5071736E-02  2.1144189E-02
  1.9583931E-02  1.9637734E-02  0.0000000E+00
  0.2098278      8.2586087E-02  5.0143473E-02  3.8773313E-02  3.4720231E-02
  3.4899566E-02  3.8307030E-02
  0.3082855      0.1255022      8.0200858E-02  6.6624820E-02  6.6176474E-02
  7.5986370E-02
  0.4860115      0.2085724      0.1448350      0.1371055      0.1648135    
  0.8498924      0.3993903      0.3258608      0.4042324    
   1.759326       1.000000       1.192791    
   5.077116       4.890603    
   38.71951    
   10000.00    
  3.6872208E-02  1.3336909E-02  7.1617519E-03  4.7703306E-03  3.5603219E-03
  2.8471849E-03  2.3842717E-03  2.0625559E-03
  4.4468276E-02  1.6176945E-02  8.7578194E-03  5.8873994E-03  4.4378913E-03
  3.5853439E-03  3.0366397E-03  2.6630920E-03
  5.4423593E-02  1.9928508E-02  1.0897229E-02  7.4066129E-03  5.6496873E-03
  4.6255589E-03  3.9767651E-03  3.5460233E-03
  6.7739055E-02  2.5004469E-02  1.3839143E-02  9.5352996E-03  7.3851659E-03
  6.1501339E-03  5.3923144E-03  0.0000000E+00
  8.6041108E-02  3.2082215E-02  1.8033959E-02  1.2634495E-02  9.9803396E-03
  8.5058082E-03  7.6639862E-03  0.0000000E+00
  0.1120107      4.2323504E-02  2.4235925E-02  1.7369080E-02  1.4091153E-02
  1.2405720E-02  1.1640751E-02  0.0000000E+00
  0.1503485      5.7801608E-02  3.3923145E-02  2.5075961E-02  2.1143880E-02
  1.9553173E-02  1.9535299E-02  0.0000000E+00
  0.2098302      8.2609475E-02  5.0169796E-02  3.8784631E-02  3.4691688E-02
  3.4781054E-02  3.7694372E-02
  0.3083110      0.1255407      8.0232352E-02  6.6613048E-02  6.6023238E-02
  7.4995533E-02
  0.4859696      0.2085791      0.1448794      0.1369616      0.1630742    
  0.8498660      0.3994638      0.3258266      0.4008937    
   1.759249       1.000000       1.185523    
   5.075961       4.868633    
   38.60590    
   100000.0    
  3.6860798E-02  1.3348722E-02  7.1697445E-03  4.7745029E-03  3.5635654E-03
  2.8480114E-03  2.3810370E-03  2.0578834E-03
  4.4460230E-02  1.6189631E-02  8.7677557E-03  5.8931112E-03  4.4406964E-03
  3.5848722E-03  3.0326706E-03  2.6544745E-03
  5.4421168E-02  1.9939631E-02  1.0907316E-02  7.4129975E-03  5.6534093E-03
  4.6253554E-03  3.9701704E-03  3.5316052E-03
  6.7737930E-02  2.5035514E-02  1.3852984E-02  9.5436797E-03  7.3881391E-03
  6.1470172E-03  5.3799716E-03  0.0000000E+00
  8.6044036E-02  3.2120030E-02  1.8039772E-02  1.2643822E-02  9.9822441E-03
  8.4960936E-03  7.6367185E-03  0.0000000E+00
  0.1120206      4.2365059E-02  2.4254262E-02  1.7381039E-02  1.4089135E-02
  1.2381038E-02  1.1571378E-02  0.0000000E+00
  0.1503551      5.7848010E-02  3.3948865E-02  2.5088778E-02  2.1129262E-02
  1.9477984E-02  1.9300427E-02  0.0000000E+00
  0.2098722      8.2670458E-02  5.0213072E-02  3.8796168E-02  3.4641337E-02
  3.4481533E-02  3.6647726E-02
  0.3082387      0.1256392      8.0291197E-02  6.6583805E-02  6.5660514E-02
  7.3224433E-02
  0.4859730      0.2088068      0.1449396      0.1365589      0.1599254    
  0.8499645      0.3996804      0.3254617      0.3947088    
   1.759766       1.000000       1.171875    
   5.078125       4.831321    
   38.40554    
   1000000.    
  3.6864258E-02  1.3370747E-02  7.1834442E-03  4.7842860E-03  3.5671692E-03
  2.8463695E-03  2.3746053E-03  2.0466503E-03
  4.4475622E-02  1.6215362E-02  8.7846369E-03  5.9031919E-03  4.4440543E-03
  3.5829532E-03  3.0235006E-03  2.6359172E-03
  5.4419503E-02  1.9975446E-02  1.0927744E-02  7.4237105E-03  5.6559099E-03
  4.6194317E-03  3.9529987E-03  3.5005258E-03
  6.7748159E-02  2.5061382E-02  1.3877586E-02  9.5562954E-03  7.3903888E-03
  6.1364430E-03  5.3490000E-03  0.0000000E+00
  8.6057521E-02  3.2164153E-02  1.8081374E-02  1.2660470E-02  9.9807084E-03
  8.4724650E-03  7.5762887E-03  0.0000000E+00
  0.1120309      4.2423710E-02  2.4289722E-02  1.7400911E-02  1.4079270E-02
  1.2327253E-02  1.1432830E-02  0.0000000E+00
  0.1503858      5.7927042E-02  3.4005612E-02  2.5113992E-02  2.1080321E-02
  1.9326553E-02  1.8905645E-02  0.0000000E+00
  0.2099263      8.2777970E-02  5.0280605E-02  3.8810942E-02  3.4496669E-02
  3.3953000E-02  3.5057873E-02
  0.3083129      0.1257980      8.0375306E-02  6.6502981E-02  6.4994738E-02
  7.0519112E-02
  0.4861452      0.2090494      0.1450193      0.1357769      0.1550158    
  0.8504033      0.4002104      0.3246229      0.3851280    
   1.760786       1.000000       1.150298    
   5.080673       4.768502    
   38.07436    
  1.0000000E+07
  3.6931522E-02  1.3423717E-02  7.2146896E-03  4.8000687E-03  3.5730219E-03
  2.8419427E-03  2.3614210E-03  2.0216233E-03
  4.4534065E-02  1.6275955E-02  8.8192895E-03  5.9224297E-03  4.4499743E-03
  3.5747383E-03  3.0015446E-03  2.5965334E-03
  5.4487731E-02  2.0044619E-02  1.0969624E-02  7.4463701E-03  5.6615751E-03
  4.6044276E-03  3.9179679E-03  3.4374464E-03
  6.7822203E-02  2.5158742E-02  1.3929981E-02  9.5829759E-03  7.3914533E-03
  6.1094901E-03  5.2874549E-03  0.0000000E+00
  8.6150676E-02  3.2263599E-02  1.8139694E-02  1.2690921E-02  9.9742580E-03
  8.4194271E-03  7.4583832E-03  0.0000000E+00
  0.1121675      4.2560492E-02  2.4369314E-02  1.7436072E-02  1.4053544E-02
  1.2212116E-02  1.1172130E-02  0.0000000E+00
  0.1505577      5.8125962E-02  3.4117039E-02  2.5141582E-02  2.1005662E-02
  1.9032091E-02  1.8208340E-02  0.0000000E+00
  0.2102282      8.3044447E-02  5.0437618E-02  3.8802128E-02  3.4202848E-02
  3.3018705E-02  3.2778442E-02
  0.3087352      0.1262056      8.0573194E-02  6.6311993E-02  6.3789256E-02
  6.6517927E-02
  0.4870431      0.2097134      0.1451347      0.1343058      0.1476575    
  0.8520679      0.4012356      0.3233224      0.3705165    
   1.764201       1.000000       1.117041    
   5.088382       4.673073    
   37.58366    
  1.0000000E+08
  3.7163168E-02  1.3534468E-02  7.2755828E-03  4.8322035E-03  3.5807572E-03
  2.8302197E-03  2.3293106E-03  1.9689205E-03
  4.4751197E-02  1.6404364E-02  8.8890726E-03  5.9563564E-03  4.4552819E-03
  3.5543065E-03  2.9525543E-03  2.5210779E-03
  5.4719791E-02  2.0201685E-02  1.1051413E-02  7.4838819E-03  5.6604394E-03
  4.5676972E-03  3.8403040E-03  3.3179037E-03
  6.8077371E-02  2.5326502E-02  1.4027111E-02  9.6247317E-03  7.3813852E-03
  6.0456269E-03  5.1595303E-03  0.0000000E+00
  8.6444035E-02  3.2501239E-02  1.8250952E-02  1.2735989E-02  9.9454457E-03
  8.3021987E-03  7.2276411E-03  0.0000000E+00
  0.1125310      4.2850059E-02  2.4532979E-02  1.7473962E-02  1.3975863E-02
  1.1972227E-02  1.0702595E-02  0.0000000E+00
  0.1510663      5.8505539E-02  3.4319721E-02  2.5161183E-02  2.0796826E-02
  1.8482395E-02  1.7077204E-02  0.0000000E+00
  0.2109440      8.3584063E-02  5.0686065E-02  3.8733676E-02  3.3625394E-02
  3.1443212E-02  2.9558603E-02
  0.3099686      0.1269797      8.0872871E-02  6.5862127E-02  6.1646555E-02
  6.0786907E-02
  0.4888411      0.2109440      0.1452471      0.1316085      0.1368160    
  0.8556786      0.4032071      0.3205489      0.3484873    
   1.772194       1.000000       1.066623    
   5.106629       4.529675    
   36.84907    
  1.0000000E+09
  3.8474683E-02  1.3811742E-02  7.4324319E-03  4.9145697E-03  3.6082633E-03
  2.8098789E-03  2.2693381E-03  1.8779124E-03
  4.5883816E-02  1.6697733E-02  9.0509476E-03  6.0329293E-03  4.4672261E-03
  3.5104067E-03  2.8595836E-03  2.3842808E-03
  5.5731595E-02  2.0534327E-02  1.1223982E-02  7.5566941E-03  5.6539294E-03
  4.4889716E-03  3.6952468E-03  3.1096614E-03
  6.9027647E-02  2.5722273E-02  1.4220254E-02  9.6940044E-03  7.3454487E-03
  5.9086671E-03  4.9238894E-03  0.0000000E+00
  8.7433986E-02  3.2960545E-02  1.8484000E-02  1.2797452E-02  9.8586520E-03
  8.0599561E-03  6.8219942E-03  0.0000000E+00
  0.1136533      4.3445170E-02  2.4805840E-02  1.7520970E-02  1.3785337E-02
  1.1515999E-02  9.9378685E-03  0.0000000E+00
  0.1524697      5.9273068E-02  3.4653619E-02  2.5147561E-02  2.0363467E-02
  1.7520970E-02  1.5438024E-02  0.0000000E+00
  0.2127990      8.4653623E-02  5.1102825E-02  3.8521279E-02  3.2510098E-02
  2.9030755E-02  2.5504814E-02
  0.3128301      0.1285648      8.1314072E-02  6.4864859E-02  5.8154706E-02
  5.3308479E-02
  0.4936315      0.2132650      0.1452159      0.1269494      0.1223206    
  0.8643988      0.4068033      0.3154706      0.3181112    
   1.790929       1.000000      0.9958062    
   5.147561       4.327431    
   35.91177    
  1.0000000E+10
  4.5527205E-02  1.5157039E-02  8.2024680E-03  5.3295009E-03  3.7871567E-03
  2.8337073E-03  2.1943355E-03  1.7414470E-03
  5.2173305E-02  1.7779024E-02  9.6747056E-03  6.3586654E-03  4.5793606E-03
  3.4744814E-03  2.7229390E-03  2.1817163E-03
  6.1203029E-02  2.1480652E-02  1.1752664E-02  7.8070671E-03  5.6940550E-03
  4.3746494E-03  3.4674706E-03  2.8056647E-03
  7.3710039E-02  2.6654515E-02  1.4694336E-02  9.8766126E-03  7.2980933E-03
  5.6800339E-03  4.5555243E-03  0.0000000E+00
  9.1475047E-02  3.3973642E-02  1.8956814E-02  1.2915032E-02  9.6873250E-03
  7.6472242E-03  6.2086373E-03  0.0000000E+00
  0.1173864      4.4615820E-02  2.5294447E-02  1.7540662E-02  1.3405777E-02
  1.0764162E-02  8.8544590E-03  0.0000000E+00
  0.1563376      6.0768370E-02  3.5207517E-02  2.5000000E-02  1.9559732E-02
  1.6040381E-02  1.3331464E-02  0.0000000E+00
  0.2173304      8.6651713E-02  5.1710602E-02  3.7955690E-02  3.0650590E-02
  2.5729109E-02  2.0961862E-02
  0.3191251      0.1313937      8.1842408E-02  6.2969714E-02  5.3112730E-02
  4.4671901E-02
  0.5035053      0.2176108      0.1446999      0.1196719      0.1049495    
  0.8820808      0.4129277      0.3069265      0.2805665    
   1.828379       1.000000      0.9059170    
   5.227146       4.068985    
   35.13741    
