   100.0000    
  3.6143593E-02  1.3103073E-02  7.0832199E-03  4.7674733E-03  3.6089204E-03
  2.9371770E-03  2.5101984E-03  2.2259995E-03
  4.3513734E-02  1.5868915E-02  8.6537935E-03  5.8825128E-03  4.5009516E-03
  3.7068261E-03  3.2118575E-03  2.8936632E-03
  5.3154744E-02  1.9513190E-02  1.0757411E-02  7.4000540E-03  5.7397331E-03
  4.7987490E-03  4.2317105E-03  3.8931193E-03
  6.6059291E-02  2.4462877E-02  1.3652434E-02  9.5322272E-03  7.5183571E-03
  6.4101168E-03  5.7886862E-03  0.0000000E+00
  8.3763942E-02  3.1357083E-02  1.7772639E-02  1.2646179E-02  1.0195811E-02
  8.9298338E-03  8.3410386E-03  0.0000000E+00
  0.1088795      4.1324448E-02  2.3905357E-02  1.7419090E-02  1.4481914E-02
  1.3177862E-02  1.2954853E-02  0.0000000E+00
  0.1459070      5.6391079E-02  3.3505574E-02  2.5251564E-02  2.1920044E-02
  2.1185748E-02  2.2667935E-02  0.0000000E+00
  0.2034267      8.0568396E-02  4.9646452E-02  3.9325535E-02  3.6619529E-02
  3.9230350E-02  4.7756322E-02
  0.2986130      0.1225184      7.9725318E-02  6.8479739E-02  7.2287187E-02
  9.2725046E-02
  0.4704922      0.2039706      0.1453631      0.1453631      0.1962197    
  0.8229535      0.3927115      0.3354637      0.4684525    
   1.706554       1.000000       1.341583    
   4.967365       5.315475    
   40.76693    
   1000.000    
  3.6109608E-02  1.3099566E-02  7.0822034E-03  4.7680414E-03  3.6109607E-03
  2.9381444E-03  2.5122084E-03  2.2273466E-03
  4.3488879E-02  1.5857298E-02  8.6530112E-03  5.8830711E-03  4.5035272E-03
  3.7086273E-03  3.2135106E-03  2.8947371E-03
  5.3119913E-02  1.9506240E-02  1.0756918E-02  7.4023334E-03  5.7419967E-03
  4.8005972E-03  4.2322301E-03  3.8931093E-03
  6.6006511E-02  2.4457406E-02  1.3659795E-02  9.5347259E-03  7.5217038E-03
  6.4134565E-03  5.7908306E-03  0.0000000E+00
  8.3695062E-02  3.1348348E-02  1.7783506E-02  1.2649214E-02  1.0199403E-02
  8.9324471E-03  8.3410200E-03  0.0000000E+00
  0.1088036      4.1304938E-02  2.3901248E-02  1.7430820E-02  1.4487249E-02
  1.3180955E-02  1.2948997E-02  0.0000000E+00
  0.1458220      5.6375477E-02  3.3505157E-02  2.5257733E-02  2.1934347E-02
  2.1188280E-02  2.2626154E-02  0.0000000E+00
  0.2033370      8.0548026E-02  4.9647316E-02  3.9338037E-02  3.6625072E-02
  3.9188821E-02  4.7422681E-02
  0.2984265      0.1224905      7.9734132E-02  6.8502441E-02  7.2259903E-02
  9.2173085E-02
  0.4701574      0.2038796      0.1454151      0.1454151      0.1953337    
  0.8224363      0.3925665      0.3354585      0.4667661    
   1.705100       1.000000       1.337900    
   4.966088       5.305209    
   40.70808    
   10000.00    
  3.6093879E-02  1.3100890E-02  7.0865932E-03  4.7720531E-03  3.6134340E-03
  2.9403830E-03  2.5114648E-03  2.2255194E-03
  4.3458324E-02  1.5861882E-02  8.6565958E-03  5.8875103E-03  4.5063393E-03
  3.7105475E-03  3.2128405E-03  2.8918264E-03
  5.3088751E-02  1.9517129E-02  1.0762071E-02  7.4062585E-03  5.7445373E-03
  4.8017264E-03  4.2311843E-03  3.8872403E-03
  6.5956302E-02  2.4453737E-02  1.3663340E-02  9.5414082E-03  7.5263018E-03
  6.4148908E-03  5.7863500E-03  0.0000000E+00
  8.3652548E-02  3.1346101E-02  1.7790666E-02  1.2657135E-02  1.0205017E-02
  8.9330999E-03  8.3301859E-03  0.0000000E+00
  0.1087267      4.1313730E-02  2.3914218E-02  1.7439978E-02  1.4486107E-02
  1.3176423E-02  1.2914755E-02  0.0000000E+00
  0.1458052      5.6379821E-02  3.3517670E-02  2.5276503E-02  2.1931481E-02
  2.1162665E-02  2.2471000E-02  0.0000000E+00
  0.2031292      8.0563799E-02  4.9676288E-02  3.9357971E-02  3.6606420E-02
  3.9007284E-02  4.6466146E-02
  0.2982196      0.1225115      7.9781495E-02  6.8519019E-02  7.2066359E-02
  9.0612352E-02
  0.4700566      0.2039385      0.1454006      0.1452657      0.1926086    
  0.8222282      0.3927704      0.3353116      0.4615592    
   1.704883       1.000000       1.326544    
   4.964931       5.272457    
   40.53143    
   100000.0    
  3.6082201E-02  1.3110489E-02  7.0950091E-03  4.7784899E-03  3.6175607E-03
  2.9423540E-03  2.5113425E-03  2.2204430E-03
  4.3448094E-02  1.5879370E-02  8.6682681E-03  5.8953832E-03  4.5116092E-03
  3.7123032E-03  3.2105683E-03  2.8823058E-03
  5.3069122E-02  1.9522285E-02  1.0775288E-02  7.4165999E-03  5.7512675E-03
  4.8038429E-03  4.2260475E-03  3.8710970E-03
  6.5932751E-02  2.4472913E-02  1.3677609E-02  9.5529761E-03  7.5326930E-03
  6.4144651E-03  5.7739522E-03  0.0000000E+00
  8.3613560E-02  3.1371765E-02  1.7814253E-02  1.2672805E-02  1.0212170E-02
  8.9271422E-03  8.2999729E-03  0.0000000E+00
  0.1087003      4.1339740E-02  2.3939151E-02  1.7453963E-02  1.4491594E-02
  1.3154524E-02  1.2830265E-02  0.0000000E+00
  0.1457166      5.6418471E-02  3.3560183E-02  2.5300242E-02  2.1937551E-02
  2.1083534E-02  2.2164399E-02  0.0000000E+00
  0.2030958      8.0624498E-02  4.9733117E-02  3.9391514E-02  3.6549237E-02
  3.8630903E-02  4.4835869E-02
  0.2982386      0.1226048      7.9863891E-02  6.8508141E-02  7.1630642E-02
  8.7896988E-02
  0.4699760      0.2041633      0.1455831      0.1447825      0.1878836    
  0.8222578      0.3929811      0.3349346      0.4524953    
   1.705364       1.000000       1.306512    
   4.966640       5.214839    
   40.21884    
   1000000.    
  3.6075868E-02  1.3132766E-02  7.1118376E-03  4.7900588E-03  3.6245910E-03
  2.9430999E-03  2.5062130E-03  2.2079791E-03
  4.3427076E-02  1.5905820E-02  8.6867232E-03  5.9084371E-03  4.5192936E-03
  3.7122301E-03  3.2020928E-03  2.8620013E-03
  5.3054281E-02  1.9555263E-02  1.0797907E-02  7.4323080E-03  5.7593198E-03
  4.8018312E-03  4.2105950E-03  3.8351861E-03
  6.5912358E-02  2.4512753E-02  1.3708306E-02  9.5722694E-03  7.5408760E-03
  6.4068013E-03  5.7436232E-03  0.0000000E+00
  8.3597124E-02  3.1419229E-02  1.7841727E-02  1.2697187E-02  1.0219751E-02
  8.9077828E-03  8.2328320E-03  0.0000000E+00
  0.1086723      4.1399606E-02  2.3989536E-02  1.7488554E-02  1.4493133E-02
  1.3093526E-02  1.2656637E-02  0.0000000E+00
  0.1457161      5.6507517E-02  3.3616740E-02  2.5336821E-02  2.1909745E-02
  2.0902550E-02  2.1595813E-02  0.0000000E+00
  0.2031393      8.0732502E-02  4.9823415E-02  3.9424457E-02  3.6402877E-02
  3.7920211E-02  4.2432960E-02
  0.2981033      0.1227861      7.9986915E-02  6.8449967E-02  7.0765205E-02
  8.3845645E-02
  0.4699804      0.2044473      0.1457161      0.1437541      0.1806409    
  0.8223675      0.3935906      0.3340745      0.4383257    
   1.706998       1.000000       1.275082    
   4.967953       5.124918    
   39.73839    
  1.0000000E+07
  3.6116727E-02  1.3188479E-02  7.1462863E-03  4.8117735E-03  3.6344114E-03
  2.9421425E-03  2.4924206E-03  2.1791309E-03
  4.3468922E-02  1.5967662E-02  8.7278932E-03  5.9348159E-03  4.5300657E-03
  3.7089442E-03  3.1796361E-03  2.8170794E-03
  5.3095002E-02  1.9631127E-02  1.0847650E-02  7.4621020E-03  5.7705916E-03
  4.7915610E-03  4.1725622E-03  3.7594747E-03
  6.5967664E-02  2.4595756E-02  1.3769581E-02  9.6083879E-03  7.5505306E-03
  6.3832747E-03  5.6733200E-03  0.0000000E+00
  8.3653361E-02  3.1531077E-02  1.7925721E-02  1.2746337E-02  1.0224861E-02
  8.8554835E-03  8.0899447E-03  0.0000000E+00
  0.1087418      4.1548762E-02  2.4090450E-02  1.7546739E-02  1.4477009E-02
  1.2973725E-02  1.2324406E-02  0.0000000E+00
  0.1457807      5.6695305E-02  3.3754423E-02  2.5391614E-02  2.1829206E-02
  2.0553311E-02  2.0641739E-02  0.0000000E+00
  0.2032592      8.1013136E-02  5.0012633E-02  3.9451744E-02  3.6078826E-02
  3.6685195E-02  3.9072763E-02
  0.2985093      0.1232188      8.0242552E-02  6.8279430E-02  6.9201611E-02
  7.8031838E-02
  0.4705659      0.2051541      0.1459070      0.1419909      0.1700354    
  0.8236483      0.3947701      0.3324912      0.4175089    
   1.709197       1.000000       1.228145    
   4.975998       4.991157    
   39.03487    
  1.0000000E+08
  3.6348484E-02  1.3306355E-02  7.2185192E-03  4.8524160E-03  3.6503214E-03
  2.9338251E-03  2.4589384E-03  2.1197333E-03
  4.3691974E-02  1.6103307E-02  8.8098068E-03  5.9795282E-03  4.5429659E-03
  3.6895976E-03  3.1266366E-03  2.7267316E-03
  5.3308737E-02  1.9792907E-02  1.0942632E-02  7.5136870E-03  5.7795765E-03
  4.7560106E-03  4.0859319E-03  3.6122350E-03
  6.6210419E-02  2.4791716E-02  1.3877648E-02  9.6667456E-03  7.5517730E-03
  6.3175433E-03  5.5248747E-03  0.0000000E+00
  8.3932392E-02  3.1766247E-02  1.8067127E-02  1.2806474E-02  1.0204713E-02
  8.7264935E-03  7.8100446E-03  0.0000000E+00
  0.1091050      4.1847181E-02  2.4279932E-02  1.7614853E-02  1.4413235E-02
  1.2699357E-02  1.1730540E-02  0.0000000E+00
  0.1462747      5.7117350E-02  3.3991903E-02  2.5458224E-02  2.1613900E-02
  1.9876221E-02  1.9150201E-02  0.0000000E+00
  0.2039990      8.1599623E-02  5.0333254E-02  3.9431088E-02  3.5408232E-02
  3.4634609E-02  3.4479883E-02
  0.2995715      0.1241371      8.0647469E-02  6.7805283E-02  6.6484168E-02
  6.9935732E-02
  0.4725065      0.2064984      0.1461557      0.1386575      0.1549631    
  0.8274220      0.3970483      0.3292073      0.3871697    
   1.718638       1.000000       1.159129    
   4.994049       4.792906    
   38.02666    
  1.0000000E+09
  3.7738491E-02  1.3614315E-02  7.4021774E-03  4.9584997E-03  3.6919264E-03
  2.9201249E-03  2.3962487E-03  2.0135818E-03
  4.4885200E-02  1.6427726E-02  8.9985980E-03  6.0784733E-03  4.5693652E-03
  3.6488089E-03  3.0236067E-03  2.5644065E-03
  5.4381803E-02  2.0157378E-02  1.1145844E-02  7.6102186E-03  5.7852753E-03
  4.6739248E-03  3.9182925E-03  3.3610002E-03
  6.7209229E-02  2.5212891E-02  1.4110165E-02  9.7617768E-03  7.5261393E-03
  6.1690202E-03  5.2463082E-03  0.0000000E+00
  8.4973589E-02  3.2284144E-02  1.8335668E-02  1.2902878E-02  1.0123962E-02
  8.4542418E-03  7.3202541E-03  0.0000000E+00
  0.1102727      4.2513743E-02  2.4609249E-02  1.7688908E-02  1.4217958E-02
  1.2159104E-02  1.0777191E-02  0.0000000E+00
  0.1477848      5.7982106E-02  3.4418453E-02  2.5471596E-02  2.1138297E-02
  1.8702166E-02  1.7031368E-02  0.0000000E+00
  0.2059933      8.2806937E-02  5.0856959E-02  3.9236821E-02  3.4105852E-02
  3.1551145E-02  2.8953325E-02
  0.3026840      0.1259028      8.1254713E-02  6.6724159E-02  6.2164489E-02
  5.9868488E-02
  0.4775251      0.2093349      0.1462757      0.1330171      0.1356042    
  0.8366929      0.4013151      0.3233804      0.3472028    
   1.737631       1.000000       1.066724    
   5.038266       4.528403    
   36.76835    
  1.0000000E+10
  4.4899266E-02  1.5109890E-02  8.3104400E-03  5.4743593E-03  3.9340658E-03
  2.9752748E-03  2.3260072E-03  1.8626373E-03
  5.1318679E-02  1.7619047E-02  9.7252745E-03  6.4844326E-03  4.7307694E-03
  3.6309524E-03  2.8782052E-03  2.3324175E-03
  6.0027473E-02  2.1199634E-02  1.1758242E-02  7.9221614E-03  5.8589745E-03
  4.5613553E-03  3.6639194E-03  3.0018317E-03
  7.2087914E-02  2.6227105E-02  1.4661172E-02  1.0000001E-02  7.4972524E-03
  5.9212456E-03  4.8186816E-03  0.0000000E+00
  8.9221612E-02  3.3369966E-02  1.8873626E-02  1.3058608E-02  9.9542122E-03
  7.9862643E-03  6.5924912E-03  0.0000000E+00
  0.1141941      4.3791208E-02  2.5183151E-02  1.7756412E-02  1.3800366E-02
  1.1291209E-02  9.4597070E-03  0.0000000E+00
  0.1518315      5.9606228E-02  3.5064101E-02  2.5347985E-02  2.0228939E-02
  1.6941393E-02  1.4413919E-02  0.0000000E+00
  0.2108974      8.5000001E-02  5.1584251E-02  3.8635533E-02  3.1941392E-02
  2.7518315E-02  2.3095239E-02
  0.3094322      0.1290293      8.1904761E-02  6.4578757E-02  5.6071430E-02
  4.8836999E-02
  0.4880953      0.2140110      0.1457875      0.1244505      0.1136447    
  0.8556777      0.4081502      0.3134615      0.3001831    
   1.777472       1.000000      0.9551283    
   5.122711       4.207876    
   35.70513    
