   100.0000    
  3.5084747E-02  1.2760290E-02  6.9507668E-03  4.7368845E-03  3.6481030E-03
  3.0347055E-03  2.6674736E-03  2.4463276E-03
  4.2138819E-02  1.5415657E-02  8.4826471E-03  5.8418079E-03  4.5544794E-03
  3.8426148E-03  3.4334138E-03  3.2146892E-03
  5.1347859E-02  1.8926553E-02  1.0532687E-02  7.3494748E-03  5.8167875E-03
  4.9967715E-03  4.5633572E-03  4.3930588E-03
  6.3656174E-02  2.3680387E-02  1.3357546E-02  9.4753830E-03  7.6424535E-03
  6.7215492E-03  6.3268761E-03  0.0000000E+00
  8.0556899E-02  3.0306699E-02  1.7384987E-02  1.2590799E-02  1.0411622E-02
  9.4592413E-03  9.3058916E-03  0.0000000E+00
  0.1045198      3.9895076E-02  2.3381758E-02  1.7393058E-02  1.4907182E-02
  1.4213075E-02  1.4995964E-02  0.0000000E+00
  0.1398709      5.4406777E-02  3.2800645E-02  2.5334947E-02  2.2881357E-02
  2.3591606E-02  2.8159805E-02  0.0000000E+00
  0.1947538      7.7732041E-02  4.8748989E-02  3.9838579E-02  3.9233252E-02
  4.6682809E-02  6.8894267E-02
  0.2856336      0.1183212      7.8732848E-02  7.0766747E-02  8.2243748E-02
  0.1290557    
  0.4498789      0.1974173      0.1454399      0.1581921      0.2625504    
  0.7871670      0.3827280      0.3490718      0.6004035    
   1.635997       1.000000       1.640839    
   4.820823       6.170299    
   45.04439    
   1000.000    
  3.5020046E-02  1.2742582E-02  6.9494788E-03  4.7385725E-03  3.6511626E-03
  3.0384923E-03  2.6712108E-03  2.4506815E-03
  4.2060945E-02  1.5396953E-02  8.4763430E-03  5.8444268E-03  4.5589413E-03
  3.8476342E-03  3.4386530E-03  3.2197272E-03
  5.1251002E-02  1.8909384E-02  1.0529269E-02  7.3528467E-03  5.8227745E-03
  5.0032074E-03  4.5701684E-03  4.3993583E-03
  6.3544504E-02  2.3656776E-02  1.3352045E-02  9.4787488E-03  7.6503609E-03
  6.7305528E-03  6.3360059E-03  0.0000000E+00
  8.0433033E-02  3.0280674E-02  1.7377706E-02  1.2590216E-02  1.0425020E-02
  9.4787488E-03  9.3183639E-03  0.0000000E+00
  0.1043304      3.9855655E-02  2.3376103E-02  1.7401764E-02  1.4923817E-02
  1.4226142E-02  1.5004009E-02  0.0000000E+00
  0.1396953      5.4362468E-02  3.2798715E-02  2.5356855E-02  2.2910984E-02
  2.3616681E-02  2.8107457E-02  0.0000000E+00
  0.1944667      7.7674419E-02  4.8748996E-02  3.9871693E-02  3.9278269E-02
  4.6647951E-02  6.8043299E-02
  0.2851644      0.1182037      7.8748994E-02  7.0834003E-02  8.2277462E-02
  0.1276664    
  0.4491580      0.1973536      0.1455493      0.1582197      0.2603849    
  0.7859663      0.3825982      0.3492382      0.5963913    
   1.634322       1.000000       1.632719    
   4.817161       6.145950    
   44.90778    
   10000.00    
  3.4964427E-02  1.2743084E-02  6.9525694E-03  4.7438736E-03  3.6569170E-03
  3.0442688E-03  2.6750988E-03  2.4529644E-03
  4.1992094E-02  1.5391305E-02  8.4822141E-03  5.8505931E-03  4.5660082E-03
  3.8545455E-03  3.4442688E-03  3.2213437E-03
  5.1169962E-02  1.8901186E-02  1.0529645E-02  7.3612649E-03  5.8316202E-03
  5.0110673E-03  4.5762849E-03  4.3984191E-03
  6.3438736E-02  2.3644269E-02  1.3359684E-02  9.4861658E-03  7.6624504E-03
  6.7407116E-03  6.3415021E-03  0.0000000E+00
  8.0316208E-02  3.0268773E-02  1.7391305E-02  1.2608697E-02  1.0442687E-02
  9.4861658E-03  9.3201585E-03  0.0000000E+00
  0.1041897      3.9841898E-02  2.3391305E-02  1.7422926E-02  1.4948617E-02
  1.4245059E-02  1.4972332E-02  0.0000000E+00
  0.1394466      5.4347824E-02  3.2822136E-02  2.5391305E-02  2.2940712E-02
  2.3604745E-02  2.7873518E-02  0.0000000E+00
  0.1941502      7.7652179E-02  4.8790514E-02  3.9928854E-02  3.9304350E-02
  4.6403162E-02  6.5873519E-02
  0.2847431      0.1181818      7.8822136E-02  7.0909090E-02  8.2055338E-02
  0.1242688    
  0.4485376      0.1973123      0.1456917      0.1581028      0.2544664    
  0.7850593      0.3826877      0.3493281      0.5853755    
   1.632411       1.000000       1.608696    
   4.814229       6.078261    
   44.53755    
   100000.0    
  3.4911472E-02  1.2740570E-02  6.9630486E-03  4.7544264E-03  3.6666668E-03
  3.0515781E-03  2.6797536E-03  2.4518862E-03
  4.1932255E-02  1.5396459E-02  8.4911473E-03  5.8637415E-03  4.5773671E-03
  3.8629714E-03  3.4480370E-03  3.2170902E-03
  5.1093146E-02  1.8906850E-02  1.0546574E-02  7.3779826E-03  5.8460357E-03
  5.0215549E-03  4.5789070E-03  4.3864511E-03
  6.3348733E-02  2.3656659E-02  1.3379523E-02  9.5073134E-03  7.6812934E-03
  6.7528868E-03  6.3387221E-03  0.0000000E+00
  8.0138564E-02  3.0277137E-02  1.7413395E-02  1.2640492E-02  1.0469592E-02
  9.4996151E-03  9.2994608E-03  0.0000000E+00
  0.1040031      3.9861433E-02  2.3425711E-02  1.7467283E-02  1.4973056E-02
  1.4241724E-02  1.4872979E-02  0.0000000E+00
  0.1392610      5.4372594E-02  3.2879137E-02  2.5450345E-02  2.2971515E-02
  2.3533488E-02  2.7351808E-02  0.0000000E+00
  0.1939184      7.7675134E-02  4.8876058E-02  4.0007696E-02  3.9284065E-02
  4.5819860E-02  6.2355656E-02
  0.2843726      0.1182448      7.8983836E-02  7.0993066E-02  8.1447266E-02
  0.1184758    
  0.4481139      0.1974596      0.1458814      0.1575058      0.2445728    
  0.7844496      0.3830639      0.3490377      0.5667436    
   1.631255       1.000000       1.568129    
   4.812933       5.962279    
   43.91070    
   1000000.    
  3.4856934E-02  1.2758621E-02  6.9823922E-03  4.7725607E-03  3.6801174E-03
  3.0594277E-03  2.6801173E-03  2.4416726E-03
  4.1856200E-02  1.5414528E-02  8.5179750E-03  5.8855466E-03  4.5935437E-03
  3.8723405E-03  3.4460749E-03  3.1973589E-03
  5.1012471E-02  1.8928833E-02  1.0579604E-02  7.4027884E-03  5.8657378E-03
  5.0308146E-03  4.5693326E-03  4.3455614E-03
  6.3242845E-02  2.3675716E-02  1.3411592E-02  9.5451213E-03  7.7035949E-03
  6.7593544E-03  6.3125459E-03  0.0000000E+00
  8.0044024E-02  3.0308146E-02  1.7461482E-02  1.2677916E-02  1.0491563E-02
  9.4937636E-03  9.2223035E-03  0.0000000E+00
  0.1038885      3.9904624E-02  2.3492297E-02  1.7520176E-02  1.5003668E-02
  1.4196626E-02  1.4629493E-02  0.0000000E+00
  0.1390316      5.4438736E-02  3.2971386E-02  2.5524579E-02  2.2986060E-02
  2.3316214E-02  2.6390316E-02  0.0000000E+00
  0.1936170      7.7769622E-02  4.9016874E-02  4.0110052E-02  3.9148938E-02
  4.4666179E-02  5.7512838E-02
  0.2840059      0.1184153      7.9163611E-02  7.1019806E-02  8.0117390E-02
  0.1104916    
  0.4476155      0.1977990      0.1462216      0.1561996      0.2304475    
  0.7835657      0.3837124      0.3479824      0.5396919    
   1.630961       1.000000       1.508437    
   4.812912       5.791636    
   42.99340    
  1.0000000E+07
  3.4848075E-02  1.2808912E-02  7.0222821E-03  4.8048617E-03  3.7015527E-03
  3.0681971E-03  2.6718434E-03  2.4112086E-03
  4.1836597E-02  1.5476029E-02  8.5685346E-03  5.9237001E-03  4.6185008E-03
  3.8784603E-03  3.4280890E-03  3.1451720E-03
  5.0979070E-02  1.8993923E-02  1.0641458E-02  7.4476702E-03  5.8939904E-03
  5.0330861E-03  4.5334231E-03  4.2505064E-03
  6.3200541E-02  2.3767723E-02  1.3490884E-02  9.6016210E-03  7.7380147E-03
  6.7501687E-03  6.2349765E-03  0.0000000E+00
  8.0013499E-02  3.0418636E-02  1.7562456E-02  1.2754895E-02  1.0526670E-02
  9.4530722E-03  9.0479404E-03  0.0000000E+00
  0.1037812      4.0047266E-02  2.3625929E-02  1.7616475E-02  1.5023632E-02
  1.4064820E-02  1.4159352E-02  0.0000000E+00
  0.1389602      5.4638758E-02  3.3153273E-02  2.5644833E-02  2.2943957E-02
  2.2856178E-02  2.4848076E-02  0.0000000E+00
  0.1935854      7.8055367E-02  4.9284264E-02  4.0229574E-02  3.8791358E-02
  4.2748142E-02  5.1262658E-02
  0.2839973      0.1189061      7.9608366E-02  7.0898041E-02  7.7852800E-02
  9.9864952E-02
  0.4477380      0.1986496      0.1466576      0.1537475      0.2114112    
  0.7846050      0.3852127      0.3459825      0.5027009    
   1.633356       1.000000       1.426063    
   4.818366       5.557056    
   41.74207    
  1.0000000E+08
  3.5052817E-02  1.2940141E-02  7.1126763E-03  4.8644370E-03  3.7335681E-03
  3.0698359E-03  2.6402583E-03  2.3403757E-03
  4.2018782E-02  1.5622066E-02  8.6737089E-03  5.9917844E-03  4.6508219E-03
  3.8714791E-03  3.3732394E-03  3.0316901E-03
  5.1150236E-02  1.9172536E-02  1.0762911E-02  7.5293430E-03  5.9272302E-03
  5.0088032E-03  4.4366200E-03  4.0586856E-03
  6.3380286E-02  2.3978874E-02  1.3638498E-02  9.6948361E-03  7.7640847E-03
  6.6901413E-03  6.0563381E-03  0.0000000E+00
  8.0164321E-02  3.0680751E-02  1.7752349E-02  1.2863850E-02  1.0539906E-02
  9.3192495E-03  8.6854463E-03  0.0000000E+00
  0.1040493      4.0393196E-02  2.3873242E-02  1.7752349E-02  1.4988263E-02
  1.3738263E-02  1.3327465E-02  0.0000000E+00
  0.1393193      5.5105638E-02  3.3485916E-02  2.5792254E-02  2.2746479E-02
  2.1965962E-02  2.2552818E-02  0.0000000E+00
  0.1940728      7.8755870E-02  4.9741786E-02  4.0311035E-02  3.7981220E-02
  3.9706573E-02  4.3321598E-02
  0.2849178      0.1199531      8.0223009E-02  7.0481218E-02  7.4002348E-02
  8.6091548E-02
  0.4493545      0.2003521      0.1472418      0.1492958      0.1862089    
  0.7875587      0.3881456      0.3419014      0.4528169    
   1.641432       1.000000       1.314554    
   4.837441       5.236503    
   40.07042    
  1.0000000E+09
  3.6488373E-02  1.3269768E-02  7.3395348E-03  5.0093024E-03  3.8037212E-03
  3.0711628E-03  2.5744187E-03  2.2106979E-03
  4.3251164E-02  1.5976746E-02  8.9023253E-03  6.1255815E-03  4.7023259E-03
  3.8381398E-03  3.2544187E-03  2.8265116E-03
  5.2232563E-02  1.9572094E-02  1.1009303E-02  7.6651163E-03  5.9534889E-03
  4.9255816E-03  4.2339535E-03  3.7269767E-03
  6.4418606E-02  2.4446512E-02  1.3920931E-02  9.8325582E-03  7.7581396E-03
  6.5255817E-03  5.7069771E-03  0.0000000E+00
  8.1255816E-02  3.1260468E-02  1.8088372E-02  1.3009303E-02  1.0474419E-02
  9.0000005E-03  8.0418605E-03  0.0000000E+00
  0.1052558      4.1130234E-02  2.4288373E-02  1.7888373E-02  1.4790698E-02
  1.3074419E-02  1.2018605E-02  0.0000000E+00
  0.1408372      5.6093022E-02  3.4023255E-02  2.5879070E-02  2.2195350E-02
  2.0413954E-02  1.9469770E-02  0.0000000E+00
  0.1961861      8.0139533E-02  5.0465122E-02  4.0167443E-02  3.6348838E-02
  3.5358142E-02  3.4576744E-02
  0.2880465      0.1220000      8.1069775E-02  6.9255814E-02  6.8046510E-02
  7.0418611E-02
  0.4546047      0.2035814      0.1475349      0.1418139      0.1566512    
  0.7976745      0.3933024      0.3343256      0.3926046    
   1.663256       1.000000       1.176279    
   4.883721       4.841861    
   38.13023    
  1.0000000E+10
  4.3554563E-02  1.4955329E-02  8.4779831E-03  5.7083601E-03  4.1703894E-03
  3.1971922E-03  2.5296747E-03  2.0488196E-03
  4.9712829E-02  1.7300574E-02  9.8021701E-03  6.6783666E-03  4.9617100E-03
  3.8704532E-03  3.1123166E-03  2.5564774E-03
  5.8008935E-02  2.0721124E-02  1.1758137E-02  8.0950866E-03  6.1040204E-03
  4.8372690E-03  3.9502233E-03  3.2897256E-03
  6.9463938E-02  2.5571156E-02  1.4601150E-02  1.0165922E-02  7.7823871E-03
  6.2699425E-03  5.2010207E-03  0.0000000E+00
  8.5737079E-02  3.2482453E-02  1.8758774E-02  1.3261009E-02  1.0328653E-02
  8.4684119E-03  7.1442244E-03  0.0000000E+00
  0.1095086      4.2597324E-02  2.5015954E-02  1.8037653E-02  1.4358647E-02
  1.2032546E-02  1.0347798E-02  0.0000000E+00
  0.1453095      5.7977028E-02  3.4875557E-02  2.5835993E-02  2.1167837E-02
  1.8232290E-02  1.5992342E-02  0.0000000E+00
  0.2016273      8.2705811E-02  5.1435865E-02  3.9597958E-02  3.3758774E-02
  3.0108489E-02  2.6327377E-02
  0.2956286      0.1257179      8.2067646E-02  6.6847481E-02  6.0338229E-02
  5.5073392E-02
  0.4664965      0.2092534      0.1473197      0.1312380      0.1265156    
  0.8190811      0.4017231      0.3225909      0.3289725    
   1.708041       1.000000       1.026484    
   4.980855       4.412891    
   36.63050    
