   100.0000    
  3.6420032E-02  1.3188077E-02  7.1115149E-03  4.7692540E-03  3.5920714E-03
  2.9051295E-03  2.4648209E-03  2.1682554E-03
  4.3879561E-02  1.5978212E-02  8.6911786E-03  5.8844001E-03  4.4802544E-03
  3.6646996E-03  3.1502496E-03  2.8098049E-03
  5.3623844E-02  1.9670147E-02  1.0807989E-02  7.4035409E-03  5.7088817E-03
  4.7374791E-03  4.1398094E-03  3.7675898E-03
  6.6681795E-02  2.4663337E-02  1.3722197E-02  9.5354822E-03  7.4716294E-03
  6.3186567E-03  5.6468453E-03  0.0000000E+00
  8.4611900E-02  3.1623546E-02  1.7869573E-02  1.2643365E-02  1.0121047E-02
  8.7789381E-03  8.0950214E-03  0.0000000E+00
  0.1100318      4.1685585E-02  2.4027841E-02  1.7400514E-02  1.4341050E-02
  1.2900590E-02  1.2473900E-02  0.0000000E+00
  0.1475715      5.6907248E-02  3.3651084E-02  2.5192918E-02  2.1652292E-02
  2.0593129E-02  2.1500984E-02  0.0000000E+00
  0.2057800      8.1313364E-02  4.9841128E-02  3.9143592E-02  3.5935845E-02
  3.7585109E-02  4.4015735E-02
  0.3021637      0.1236042      7.9921320E-02  6.7816615E-02  6.9995463E-02
  8.6124979E-02
  0.4761688      0.2056287      0.1452111      0.1423513      0.1839915    
  0.8326524      0.3950674      0.3319716      0.4434862    
   1.724921       1.000000       1.283855    
   5.006809       5.150552    
   39.96066    
   1000.000    
  3.6393840E-02  1.3184838E-02  7.1126553E-03  4.7704624E-03  3.5940805E-03
  2.9069770E-03  2.4660223E-03  2.1685292E-03
  4.3838721E-02  1.5977046E-02  8.6922385E-03  5.8864392E-03  4.4820299E-03
  3.6665662E-03  3.1501059E-03  2.8103292E-03
  5.3594083E-02  1.9661734E-02  1.0809423E-02  7.4056177E-03  5.7112654E-03
  4.7402601E-03  4.1407431E-03  3.7662338E-03
  6.6641502E-02  2.4660224E-02  1.3722440E-02  9.5379036E-03  7.4750832E-03
  6.3213534E-03  5.6478404E-03  0.0000000E+00
  8.4551498E-02  3.1621866E-02  1.7864695E-02  1.2647237E-02  1.0123830E-02
  8.7813353E-03  8.0942316E-03  0.0000000E+00
  0.1099668      4.1679252E-02  2.4025975E-02  1.7411659E-02  1.4346120E-02
  1.2902447E-02  1.2467532E-02  0.0000000E+00
  0.1474781      5.6901243E-02  3.3660527E-02  2.5203865E-02  2.1655090E-02
  2.0598007E-02  2.1458775E-02  0.0000000E+00
  0.2056780      8.1289642E-02  4.9848992E-02  3.9157353E-02  3.5940804E-02
  3.7541531E-02  4.3748111E-02
  0.3020236      0.1235880      7.9930536E-02  6.7834489E-02  6.9963761E-02
  8.5684083E-02
  0.4758381      0.2056780      0.1452280      0.1423286      0.1831773    
  0.8323770      0.3950468      0.3319239      0.4420115    
   1.724555       1.000000       1.280882    
   5.006041       5.141952    
   39.91241    
   10000.00    
  3.6374569E-02  1.3188035E-02  7.1155871E-03  4.7737863E-03  3.5968737E-03
  2.9084624E-03  2.4665564E-03  2.1659401E-03
  4.3829851E-02  1.5977755E-02  8.6968290E-03  5.8905757E-03  4.4836914E-03
  3.6675185E-03  3.1504587E-03  2.8077560E-03
  5.3569820E-02  1.9660303E-02  1.0813166E-02  7.4101910E-03  5.7132123E-03
  4.7407188E-03  4.1394858E-03  3.7607094E-03
  6.6601537E-02  2.4665564E-02  1.3729146E-02  9.5430631E-03  7.4793329E-03
  6.3219601E-03  5.6425673E-03  0.0000000E+00
  8.4518261E-02  3.1624831E-02  1.7871637E-02  1.2654441E-02  1.0129265E-02
  8.7794978E-03  8.0835717E-03  0.0000000E+00
  0.1099203      4.1680448E-02  2.4034271E-02  1.7420713E-02  1.4351421E-02
  1.2896437E-02  1.2434991E-02  0.0000000E+00
  0.1474072      5.6906659E-02  3.3669021E-02  2.5221705E-02  2.1659402E-02
  2.0562151E-02  2.1328725E-02  0.0000000E+00
  0.2056215      8.1301674E-02  4.9872238E-02  3.9170299E-02  3.5908613E-02
  3.7396662E-02  4.2943031E-02
  0.3018187      0.1236134      7.9963923E-02  6.7849092E-02  6.9788061E-02
  8.4367961E-02
  0.4757253      0.2056215      0.1452878      0.1421464      0.1809710    
  0.8321059      0.3951601      0.3318804      0.4376973    
   1.724034       1.000000       1.271306    
   5.005261       5.114986    
   39.77153    
   100000.0    
  3.6362283E-02  1.3198272E-02  7.1234917E-03  4.7787875E-03  3.5989871E-03
  2.9092804E-03  2.4638763E-03  2.1614777E-03
  4.3810517E-02  1.5983913E-02  8.7054968E-03  5.8960225E-03  4.4883066E-03
  3.6675108E-03  3.1461343E-03  2.7990467E-03
  5.3552810E-02  1.9678237E-02  1.0825265E-02  7.4184421E-03  5.7187546E-03
  4.7400566E-03  4.1322806E-03  3.7449724E-03
  6.6587217E-02  2.4668554E-02  1.3743483E-02  9.5531065E-03  7.4839862E-03
  6.3190828E-03  5.6293760E-03  0.0000000E+00
  8.4492780E-02  3.1640101E-02  1.7890660E-02  1.2666469E-02  1.0132578E-02
  8.7725315E-03  8.0545219E-03  0.0000000E+00
  0.1098913      4.1710116E-02  2.4057800E-02  1.7443767E-02  1.4352749E-02
  1.2872040E-02  1.2355132E-02  0.0000000E+00
  0.1473857      5.6934305E-02  3.3710714E-02  2.5234621E-02  2.1644572E-02
  2.0482646E-02  2.1063609E-02  0.0000000E+00
  0.2055713      8.1364512E-02  4.9918070E-02  3.9192613E-02  3.5855804E-02
  3.7047520E-02  4.1561153E-02
  0.3018025      0.1237003      8.0038726E-02  6.7823626E-02  6.9372863E-02
  8.2064651E-02
  0.4756443      0.2058692      0.1453598      0.1417101      0.1768211    
  0.8321168      0.3955013      0.3314464      0.4297631    
   1.725011       1.000000       1.253836    
   5.006703       5.064800    
   39.50544    
   1000000.    
  3.6366303E-02  1.3220512E-02  7.1399268E-03  4.7897436E-03  3.6043958E-03
  2.9084249E-03  2.4586082E-03  2.1479854E-03
  4.3809522E-02  1.6014652E-02  8.7252753E-03  5.9091579E-03  4.4937730E-03
  3.6673993E-03  3.1369964E-03  2.7780221E-03
  5.3553112E-02  1.9706959E-02  1.0848352E-02  7.4329670E-03  5.7245423E-03
  4.7369967E-03  4.1172164E-03  3.7098902E-03
  6.6578753E-02  2.4717949E-02  1.3771429E-02  9.5706955E-03  7.4901101E-03
  6.3106227E-03  5.5985348E-03  0.0000000E+00
  8.4483519E-02  3.1692307E-02  1.7934065E-02  1.2688644E-02  1.0137729E-02
  8.7501835E-03  7.9897437E-03  0.0000000E+00
  0.1098901      4.1772895E-02  2.4102565E-02  1.7465202E-02  1.4350183E-02
  1.2817582E-02  1.2196338E-02  0.0000000E+00
  0.1473993      5.7025641E-02  3.3772893E-02  2.5260074E-02  2.1611722E-02
  2.0322345E-02  2.0556778E-02  0.0000000E+00
  0.2055678      8.1479855E-02  5.0007328E-02  3.9208796E-02  3.5706960E-02
  3.6410257E-02  3.9516483E-02
  0.3018315      0.1238828      8.0146521E-02  6.7750916E-02  6.8586081E-02
  7.8593403E-02
  0.4757509      0.2061538      0.1454799      0.1408205      0.1705495    
  0.8325275      0.3960440      0.3306960      0.4175824    
   1.726007       1.000000       1.226667    
   5.008059       4.987546    
   39.09158    
  1.0000000E+07
  3.6421861E-02  1.3274978E-02  7.1733561E-03  4.8092799E-03  3.6137202E-03
  2.9063479E-03  2.4452035E-03  2.1206946E-03
  4.3865643E-02  1.6083119E-02  8.7631652E-03  5.9322515E-03  4.5032734E-03
  3.6621122E-03  3.1155709E-03  2.7369768E-03
  5.3615145E-02  1.9783661E-02  1.0895246E-02  7.4594365E-03  5.7329917E-03
  4.7253058E-03  4.0791342E-03  3.6407628E-03
  6.6652432E-02  2.4807855E-02  1.3828636E-02  9.6029034E-03  7.4964412E-03
  6.2852260E-03  5.5323085E-03  0.0000000E+00
  8.4557354E-02  3.1796183E-02  1.8004553E-02  1.2727014E-02  1.0138058E-02
  8.6976942E-03  7.8565329E-03  0.0000000E+00
  0.1099915      4.1915745E-02  2.4195842E-02  1.7506404E-02  1.4332480E-02
  1.2694279E-02  1.1892968E-02  0.0000000E+00
  0.1475946      5.7216056E-02  3.3902649E-02  2.5306007E-02  2.1534301E-02
  1.9982919E-02  1.9712495E-02  0.0000000E+00
  0.2058070      8.1753485E-02  5.0170794E-02  3.9225735E-02  3.5397094E-02
  3.5297465E-02  3.6592655E-02
  0.3021634      0.1243097      8.0387130E-02  6.7577571E-02  6.7164816E-02
  7.3541135E-02
  0.4765158      0.2068033      0.1456020      0.1391546      0.1612582    
  0.8339026      0.3972388      0.3290635      0.3993737    
   1.729291       1.000000       1.185454    
   5.017079       4.869058    
   38.47139    
  1.0000000E+08
  3.6641840E-02  1.3390657E-02  7.2403522E-03  4.8463098E-03  3.6262693E-03
  2.8964116E-03  2.4116451E-03  2.0649964E-03
  4.4089369E-02  1.6208531E-02  8.8408934E-03  5.9729181E-03  4.5132022E-03
  3.6411644E-03  3.0643195E-03  2.6513203E-03
  5.3838860E-02  1.9945836E-02  1.0985781E-02  7.5057549E-03  5.7386588E-03
  4.6892348E-03  3.9972914E-03  3.5030465E-03
  6.6892348E-02  2.4996614E-02  1.3933649E-02  9.6547054E-03  7.4935677E-03
  6.2207174E-03  5.3920103E-03  0.0000000E+00
  8.4861204E-02  3.2037914E-02  1.8144887E-02  1.2785375E-02  1.0113743E-02
  8.5727824E-03  7.5964793E-03  0.0000000E+00
  0.1103588      4.2220715E-02  2.4373729E-02  1.7576167E-02  1.4258632E-02
  1.2433311E-02  1.1347326E-02  0.0000000E+00
  0.1480027      5.7630327E-02  3.4123223E-02  2.5362220E-02  2.1327013E-02
  1.9363575E-02  1.8375084E-02  0.0000000E+00
  0.2064997      8.2329050E-02  5.0467160E-02  3.9187539E-02  3.4759644E-02
  3.3432633E-02  3.2579552E-02
  0.3033175      0.1251591      8.0744751E-02  6.7109004E-02  6.4685166E-02
  6.6418409E-02
  0.4784022      0.2081246      0.1458361      0.1360867      0.1480027    
  0.8376438      0.3993230      0.3260663      0.3723764    
   1.737305       1.000000       1.124171    
   5.035883       4.693297    
   37.57617    
  1.0000000E+09
  3.8006231E-02  1.3682243E-02  7.4143303E-03  4.9433024E-03  3.6623052E-03
  2.8797507E-03  2.3501557E-03  1.9638629E-03
  4.5246106E-02  1.6523363E-02  9.0180682E-03  6.0635516E-03  4.5320871E-03
  3.5987541E-03  2.9632400E-03  2.4984425E-03
  5.4866046E-02  2.0286605E-02  1.1175078E-02  7.5912774E-03  5.7383180E-03
  4.6068537E-03  3.8367603E-03  3.2685357E-03
  6.7875393E-02  2.5395639E-02  1.4155763E-02  9.7383177E-03  7.4616824E-03
  6.0747662E-03  5.1289722E-03  0.0000000E+00
  8.5869156E-02  3.2535825E-02  1.8392522E-02  1.2859813E-02  1.0028660E-02
  8.3115268E-03  7.1364488E-03  0.0000000E+00
  0.1115016      4.2853583E-02  2.4685359E-02  1.7632399E-02  1.4056075E-02
  1.1927727E-02  1.0466043E-02  0.0000000E+00
  0.1494081      5.8454826E-02  3.4504671E-02  2.5358256E-02  2.0859813E-02
  1.8267913E-02  1.6436137E-02  0.0000000E+00
  0.2084735      8.3476633E-02  5.0953269E-02  3.8978193E-02  3.3520248E-02
  3.0616824E-02  2.7638629E-02
  0.3062928      0.1268536      8.1283487E-02  6.6056080E-02  6.0685359E-02
  5.7395641E-02
  0.4833645      0.2107165      0.1459190      0.1308411      0.1305919    
  0.8466043      0.4033645      0.3204985      0.3363240    
   1.757009       1.000000       1.040249    
   5.076635       4.453582    
   36.44860    
  1.0000000E+10
  4.5150068E-02  1.5126143E-02  8.2731629E-03  5.4219230E-03  3.8810354E-03
  2.9240975E-03  2.2781645E-03  1.8181818E-03
  5.1663768E-02  1.7681601E-02  9.7118318E-03  6.4397566E-03  4.6770335E-03
  3.5743802E-03  2.8218792E-03  2.2781645E-03
  6.0482822E-02  2.1313615E-02  1.1765985E-02  7.8827748E-03  5.8014356E-03
  4.4943457E-03  3.5928665E-03  2.9306221E-03
  7.2705530E-02  2.6391910E-02  1.4680297E-02  9.9565033E-03  7.4282298E-03
  5.8351457E-03  4.7248807E-03  0.0000000E+00
  9.0071768E-02  3.3601567E-02  1.8910397E-02  1.3016529E-02  9.8608099E-03
  7.8664636E-03  6.4549805E-03  0.0000000E+00
  0.1153763      4.4106133E-02  2.5228361E-02  1.7681601E-02  1.3668987E-02
  1.1102654E-02  9.2442371E-03  0.0000000E+00
  0.1535450      6.0047846E-02  3.5123970E-02  2.5239235E-02  1.9997826E-02
  1.6615922E-02  1.4016964E-02  0.0000000E+00
  0.2133536      8.5624188E-02  5.1652893E-02  3.8397133E-02  3.1481080E-02
  2.6870379E-02  2.2314049E-02
  0.3129622      0.1299478      8.1905179E-02  6.4016968E-02  5.5013049E-02
  4.7314048E-02
  0.4938017      0.2153110      0.1453893      0.1227708      0.1104828    
  0.8654850      0.4099609      0.3112223      0.2930622    
   1.796433       1.000000      0.9371467    
   5.160940       4.158329    
   35.50457    
