   100.0000    
  3.5843194E-02  1.3003467E-02  7.0491214E-03  4.7627585E-03  3.6249552E-03
  2.9688058E-03  2.5588623E-03  2.2911439E-03
  4.3121785E-02  1.5740408E-02  8.6076250E-03  5.8754631E-03  4.5225290E-03
  3.7516435E-03  3.2795507E-03  2.9867336E-03
  5.2647304E-02  1.9349826E-02  1.0696785E-02  7.3921359E-03  5.7690931E-03
  4.8619574E-03  4.3313019E-03  4.0348992E-03
  6.5363929E-02  2.4238078E-02  1.3577148E-02  9.5243221E-03  7.5630452E-03
  6.5089040E-03  5.9471736E-03  0.0000000E+00
  8.2837336E-02  3.1062508E-02  1.7676586E-02  1.2644914E-02  1.0271303E-02
  9.0928646E-03  8.6171869E-03  0.0000000E+00
  0.1076252      4.0910721E-02  2.3760010E-02  1.7425600E-02  1.4616948E-02
  1.3481535E-02  1.3517389E-02  0.0000000E+00
  0.1441377      5.5826463E-02  3.3309430E-02  2.5301781E-02  2.2218237E-02
  2.1871638E-02  2.4070755E-02  0.0000000E+00
  0.2009083      7.9765745E-02  4.9408391E-02  3.9512370E-02  3.7384965E-02
  4.1185610E-02  5.2587546E-02
  0.2948488      0.1213099      7.9490855E-02  6.9188483E-02  7.4973106E-02
  0.1011354    
  0.4644437      0.2021035      0.1454524      0.1489184      0.2119039    
  0.8124776      0.3898649      0.3393092      0.4999402    
   1.686387       1.000000       1.413888    
   4.925302       5.520497    
   41.78320    
   1000.000    
  3.5815559E-02  1.2998927E-02  7.0487312E-03  4.7634933E-03  3.6268320E-03
  2.9715239E-03  2.5604672E-03  2.2923865E-03
  4.3083522E-02  1.5739307E-02  8.6071724E-03  5.8775172E-03  4.5251995E-03
  3.7543192E-03  3.2824974E-03  2.9882046E-03
  5.2591443E-02  1.9349458E-02  1.0697009E-02  7.3942570E-03  5.7714763E-03
  4.8647686E-03  4.3333727E-03  4.0366971E-03
  6.5304421E-02  2.4234483E-02  1.3570833E-02  9.5269866E-03  7.5670201E-03
  6.5125697E-03  5.9501966E-03  0.0000000E+00
  8.2759440E-02  3.1049684E-02  1.7669486E-02  1.2641488E-02  1.0276421E-02
  9.0980576E-03  8.6190868E-03  0.0000000E+00
  0.1075182      4.0903132E-02  2.3769809E-02  1.7431192E-02  1.4631240E-02
  1.3487430E-02  1.3511260E-02  0.0000000E+00
  0.1440486      5.5808414E-02  3.3313476E-02  2.5306802E-02  2.2232814E-02
  2.1875374E-02  2.4020016E-02  0.0000000E+00
  0.2007625      7.9733111E-02  4.9422137E-02  3.9532945E-02  3.7400216E-02
  4.1141428E-02  5.2150603E-02
  0.2945312      0.1212916      7.9506733E-02  6.9224350E-02  7.4943408E-02
  0.1004408    
  0.4640772      0.2020732      0.1454784      0.1489336      0.2106517    
  0.8118670      0.3898487      0.3393304      0.4977958    
   1.684737       1.000000       1.409508    
   4.923150       5.508162    
   41.70142    
   10000.00    
  3.5786115E-02  1.3001301E-02  7.0519340E-03  4.7675385E-03  3.6294807E-03
  2.9740920E-03  2.5612209E-03  2.2914943E-03
  4.3049805E-02  1.5734058E-02  8.6123273E-03  5.8819358E-03  4.5285700E-03
  3.7560631E-03  3.2828583E-03  2.9859222E-03
  5.2549392E-02  1.9342247E-02  1.0701526E-02  7.3997397E-03  5.7766475E-03
  4.8680939E-03  4.3333727E-03  4.0317047E-03
  6.5254942E-02  2.4228085E-02  1.3580978E-02  9.5338933E-03  7.5736428E-03
  6.5160301E-03  5.9481841E-03  0.0000000E+00
  8.2692534E-02  3.1042235E-02  1.7686028E-02  1.2658228E-02  1.0285106E-02
  9.1009112E-03  8.6099608E-03  0.0000000E+00
  0.1074411      4.0896721E-02  2.3778541E-02  1.7449426E-02  1.4633859E-02
  1.3486337E-02  1.3474506E-02  0.0000000E+00
  0.1439725      5.5814505E-02  3.3337276E-02  2.5328288E-02  2.2240626E-02
  2.1838401E-02  2.3849521E-02  0.0000000E+00
  0.2006388      7.9746835E-02  4.9449902E-02  3.9559919E-02  3.7395008E-02
  4.0944044E-02  5.0964158E-02
  0.2943334      0.1212587      7.9545721E-02  6.9241695E-02  7.4742697E-02
  9.8521240E-02
  0.4638590      0.2020584      0.1456288      0.1488229      0.2073820    
  0.8114279      0.3899207      0.3392878      0.4915415    
   1.684609       1.000000       1.394771    
   4.921330       5.469065    
   41.48823    
   100000.0    
  3.5756797E-02  1.3012019E-02  7.0603332E-03  4.7741858E-03  3.6351962E-03
  2.9758429E-03  2.5615590E-03  2.2873147E-03
  4.3015517E-02  1.5742792E-02  8.6217765E-03  5.8898353E-03  4.5337845E-03
  3.7588980E-03  3.2804292E-03  2.9781768E-03
  5.2514877E-02  1.9348813E-02  1.0713035E-02  7.4104327E-03  5.7836385E-03
  4.8698797E-03  4.3283929E-03  4.0144706E-03
  6.5200135E-02  2.4238532E-02  1.3595518E-02  9.5460378E-03  7.5819814E-03
  6.5165129E-03  5.9365151E-03  0.0000000E+00
  8.2635075E-02  3.1065468E-02  1.7703349E-02  1.2673590E-02  1.0294083E-02
  9.0967435E-03  8.5797636E-03  0.0000000E+00
  0.1073637      4.0914927E-02  2.3806743E-02  1.7469950E-02  1.4645816E-02
  1.3467148E-02  1.3385458E-02  0.0000000E+00
  0.1438908      5.5840816E-02  3.3376124E-02  2.5358850E-02  2.2242967E-02
  2.1764498E-02  2.3491655E-02  0.0000000E+00
  0.2004901      7.9787605E-02  4.9504027E-02  3.9596215E-02  3.7332244E-02
  4.0518142E-02  4.8967205E-02
  0.2942000      0.1213677      7.9635896E-02  6.9249615E-02  7.4244365E-02
  9.5226973E-02
  0.4636480      0.2022406      0.1457579      0.1482087      0.2016571    
  0.8111798      0.3902439      0.3388960      0.4804528    
   1.683977       1.000000       1.371222    
   4.921227       5.399696    
   41.11332    
   1000000.    
  3.5746813E-02  1.3035064E-02  7.0776418E-03  4.7882516E-03  3.6429875E-03
  2.9792804E-03  2.5569217E-03  2.2745903E-03
  4.2998634E-02  1.5767304E-02  8.6429873E-03  5.9061935E-03  4.5434884E-03
  3.7613844E-03  3.2729965E-03  2.9565119E-03
  5.2481785E-02  1.9387523E-02  1.0738843E-02  7.4282787E-03  5.7946267E-03
  4.8702192E-03  4.3146634E-03  3.9765486E-03
  6.5175325E-02  2.4282789E-02  1.3627050E-02  9.5696729E-03  7.5933523E-03
  6.5118400E-03  5.9050545E-03  0.0000000E+00
  8.2593352E-02  3.1102005E-02  1.7736794E-02  1.2704919E-02  1.0306239E-02
  9.0801455E-03  8.5086524E-03  0.0000000E+00
  0.1073087      4.0972222E-02  2.3861567E-02  1.7509108E-02  1.4651639E-02
  1.3410747E-02  1.3194445E-02  0.0000000E+00
  0.1437842      5.5919856E-02  3.3447180E-02  2.5409838E-02  2.2222223E-02
  2.1573314E-02  2.2836978E-02  0.0000000E+00
  0.2003643      7.9895265E-02  4.9612932E-02  3.9640255E-02  3.7192624E-02
  3.9708562E-02  4.6095174E-02
  0.2941712      0.1215847      7.9792805E-02  6.9205374E-02  7.3280968E-02
  9.0368852E-02
  0.4635701      0.2025273      0.1458333      0.1471995      0.1929645    
  0.8112478      0.3908242      0.3380009      0.4637978    
   1.684882       1.000000       1.334244    
   4.923725       5.293716    
   40.55100    
  1.0000000E+07
  3.5768017E-02  1.3081871E-02  7.1143578E-03  4.8119482E-03  3.6563829E-03
  2.9793961E-03  2.5444238E-03  2.2457212E-03
  4.3028452E-02  1.5829064E-02  8.6863628E-03  5.9348089E-03  4.5579416E-03
  3.7588577E-03  3.2519351E-03  2.9096261E-03
  5.2512810E-02  1.9459283E-02  1.0791454E-02  7.4632075E-03  5.8094407E-03
  4.8620952E-03  4.2755916E-03  3.8962171E-03
  6.5202229E-02  2.4364984E-02  1.3692359E-02  9.6108150E-03  7.6081986E-03
  6.4907880E-03  5.8323340E-03  0.0000000E+00
  8.2622916E-02  3.1211164E-02  1.7824050E-02  1.2754824E-02  1.0316146E-02
  9.0286713E-03  8.3571356E-03  0.0000000E+00
  0.1073586      4.1120682E-02  2.3961626E-02  1.7573314E-02  1.4640794E-02
  1.3278099E-02  1.2820234E-02  0.0000000E+00
  0.1439006      5.6121226E-02  3.3587705E-02  2.5476944E-02  2.2151968E-02
  2.1192631E-02  2.1748612E-02  0.0000000E+00
  0.2004797      8.0180973E-02  4.9809225E-02  3.9692577E-02  3.6847271E-02
  3.8297176E-02  4.2112723E-02
  0.2943421      0.1219884      8.0071948E-02  6.9039576E-02  7.1546935E-02
  8.3527751E-02
  0.4640794      0.2033141      0.1461899      0.1452088      0.1805298    
  0.8123842      0.3920201      0.3362041      0.4393328    
   1.687561       1.000000       1.278753    
   4.930775       5.136815    
   39.72528    
  1.0000000E+08
  3.6000002E-02  1.3205064E-02  7.1918992E-03  4.8577217E-03  3.6759493E-03
  2.9731647E-03  2.5113926E-03  2.1822785E-03
  4.3240506E-02  1.5969621E-02  8.7736715E-03  5.9848102E-03  4.5762025E-03
  3.7427847E-03  3.1979748E-03  2.8121520E-03
  5.2729115E-02  1.9625317E-02  1.0896202E-02  7.5210128E-03  5.8237975E-03
  4.8293672E-03  4.1863290E-03  3.7377218E-03
  6.5427847E-02  2.4567090E-02  1.3812658E-02  9.6779754E-03  7.6151905E-03
  6.4263293E-03  5.6749368E-03  0.0000000E+00
  8.2896210E-02  3.1463291E-02  1.7984809E-02  1.2830380E-02  1.0308861E-02
  8.8972151E-03  8.0556972E-03  0.0000000E+00
  0.1077468      4.1448105E-02  2.4162026E-02  1.7660759E-02  1.4582278E-02
  1.2992405E-02  1.2172152E-02  0.0000000E+00
  0.1443038      5.6546837E-02  3.3853166E-02  2.5559494E-02  2.1944305E-02
  2.0455698E-02  2.0070886E-02  0.0000000E+00
  0.2012152      8.0800004E-02  5.0167091E-02  3.9696205E-02  3.6131646E-02
  3.6010128E-02  3.6779746E-02
  0.2953924      0.1229367      8.0536716E-02  6.8577215E-02  6.8556964E-02
  7.4156970E-02
  0.4659241      0.2047595      0.1464304      0.1416709      0.1631392    
  0.8161013      0.3945317      0.3327595      0.4045570    
   1.696203       1.000000       1.201013    
   4.949873       4.911392    
   38.56203    
  1.0000000E+09
  3.7428312E-02  1.3521506E-02  7.3897853E-03  4.9758065E-03  3.7258063E-03
  2.9641576E-03  2.4480287E-03  2.0698926E-03
  4.4471323E-02  1.6308242E-02  8.9784944E-03  6.0967742E-03  4.6093189E-03
  3.7043008E-03  3.0905018E-03  2.6397849E-03
  5.3826161E-02  2.0008961E-02  1.1111110E-02  7.6299282E-03  5.8369176E-03
  4.7491034E-03  4.0098564E-03  3.4650539E-03
  6.6478491E-02  2.5017919E-02  1.4068100E-02  9.7849462E-03  7.5976695E-03
  6.2750895E-03  5.3790319E-03  0.0000000E+00
  8.3978496E-02  3.2016128E-02  1.8270608E-02  1.2939068E-02  1.0232975E-02
  8.6137988E-03  7.5268815E-03  0.0000000E+00
  0.1089606      4.2141575E-02  2.4525087E-02  1.7759856E-02  1.4390680E-02
  1.2428315E-02  1.1129032E-02  0.0000000E+00
  0.1458781      5.7473119E-02  3.4318995E-02  2.5600357E-02  2.1451613E-02
  1.9193549E-02  1.7715054E-02  0.0000000E+00
  0.2033154      8.2087815E-02  5.0761648E-02  3.9525088E-02  3.4758065E-02
  3.2625448E-02  3.0483870E-02
  0.2986559      0.1248208      8.1236556E-02  6.7473114E-02  6.3844085E-02
  6.2768817E-02
  0.4712366      0.2077957      0.1466846      0.1355735      0.1413978    
  0.8259856      0.3991936      0.3266129      0.3598566    
   1.717742       1.000000       1.097670    
   4.996416       4.616487    
   37.15950    
  1.0000000E+10
  4.4608060E-02  1.5084249E-02  8.3589740E-03  5.5391942E-03  3.9992672E-03
  3.0358974E-03  2.3824177E-03  1.9150184E-03
  5.0952379E-02  1.7553113E-02  9.7582415E-03  6.5399269E-03  4.7956044E-03
  3.6981683E-03  2.9443225E-03  2.3956045E-03
  5.9545789E-02  2.1084249E-02  1.1765568E-02  7.9706963E-03  5.9289378E-03
  4.6402933E-03  3.7450551E-03  3.0835166E-03
  7.1428575E-02  2.6065934E-02  1.4652015E-02  1.0051282E-02  7.5824177E-03
  6.0212454E-03  4.9282056E-03  0.0000000E+00
  8.8351645E-02  3.3142857E-02  1.8849818E-02  1.3120879E-02  1.0065935E-02
  8.1245424E-03  6.7516486E-03  0.0000000E+00
  0.1129670      4.3472528E-02  2.5142858E-02  1.7838828E-02  1.3963370E-02
  1.1501831E-02  9.7142849E-03  0.0000000E+00
  0.1501099      5.9172161E-02  3.5018317E-02  2.5494505E-02  2.0498170E-02
  1.7311355E-02  1.4864469E-02  0.0000000E+00
  0.2084249      8.4395602E-02  5.1553115E-02  3.8915753E-02  3.2468867E-02
  2.8256411E-02  2.4007328E-02
  0.3056410      0.1281319      8.1978023E-02  6.5245420E-02  5.7296705E-02
  5.0608061E-02
  0.4822711      0.2127472      0.1462271      0.1263736      0.1172894    
  0.8454213      0.4064469      0.3161172      0.3083517    
   1.758242       1.000000      0.9750916    
   5.083517       4.266667    
   35.97070    
