   100.0000    
  3.7701521E-02  1.3572087E-02  7.2224783E-03  4.7489638E-03  3.4891753E-03
  2.7406726E-03  2.2475817E-03  1.9030401E-03
  4.5555044E-02  1.6487794E-02  8.8415472E-03  5.8636577E-03  4.3459237E-03
  3.4431138E-03  2.8535237E-03  2.4412712E-03
  5.5849839E-02  2.0343160E-02  1.1008752E-02  7.3744818E-03  5.5251038E-03
  4.4288347E-03  3.7148779E-03  3.2266236E-03
  6.9668360E-02  2.5564257E-02  1.3991249E-02  9.4887149E-03  7.2063566E-03
  5.8613541E-03  5.0023030E-03  0.0000000E+00
  8.8645786E-02  3.2842010E-02  1.8226624E-02  1.2558728E-02  9.7029023E-03
  8.0538923E-03  7.0313220E-03  0.0000000E+00
  0.1155919      4.3367110E-02  2.4504837E-02  1.7224781E-02  1.3627361E-02
  1.1628282E-02  1.0497467E-02  0.0000000E+00
  0.1553892      5.9258405E-02  3.4269921E-02  2.4781207E-02  2.0267157E-02
  1.8026255E-02  1.7130354E-02  0.0000000E+00
  0.2171350      8.4707506E-02  5.0552741E-02  3.8046982E-02  3.2772917E-02
  3.1160755E-02  3.1575311E-02
  0.3192077      0.1286504      8.0469832E-02  6.4532474E-02  6.0594197E-02
  6.3749425E-02
  0.5034546      0.2132888      0.1439429      0.1291571      0.1411792    
  0.8802395      0.4062644      0.3162137      0.3546753    
   1.818287       1.000000       1.075772    
   5.198066       4.555505    
   37.19484    
   1000.000    
  3.7689827E-02  1.3571099E-02  7.2227335E-03  4.7491943E-03  3.4905660E-03
  2.7404509E-03  2.2473540E-03  1.9026692E-03
  4.5536127E-02  1.6486425E-02  8.8426145E-03  5.8628623E-03  4.3465253E-03
  3.4445468E-03  2.8531982E-03  2.4413252E-03
  5.5844452E-02  2.0340541E-02  1.1010123E-02  7.3745972E-03  5.5246199E-03
  4.4293604E-03  3.7160607E-03  3.2236539E-03
  6.9627240E-02  2.5563736E-02  1.3992176E-02  9.4891852E-03  7.2066267E-03
  5.8628623E-03  4.9999999E-03  0.0000000E+00
  8.8610217E-02  3.2834791E-02  1.8228255E-02  1.2558674E-02  9.7054755E-03
  8.0533819E-03  7.0294519E-03  0.0000000E+00
  0.1155545      4.3373216E-02  2.4505291E-02  1.7227335E-02  1.3628623E-02
  1.1626783E-02  1.0492406E-02  0.0000000E+00
  0.1553382      5.9272893E-02  3.4261391E-02  2.4781408E-02  2.0266911E-02
  1.8018868E-02  1.7107684E-02  0.0000000E+00
  0.2170502      8.4698573E-02  5.0552230E-02  3.8057983E-02  3.2765761E-02
  3.1132074E-02  3.1454209E-02
  0.3191440      0.1286470      8.0464788E-02  6.4542107E-02  6.0561433E-02
  6.3552685E-02
  0.5034515      0.2132766      0.1439485      0.1291302      0.1408422    
  0.8801196      0.4061206      0.3161528      0.3538886    
   1.817994       1.000000       1.074321    
   5.197883       4.551311    
   37.16061    
   10000.00    
  3.7680827E-02  1.3575202E-02  7.2261770E-03  4.7531575E-03  3.4902410E-03
  2.7393801E-03  2.2466131E-03  1.9008036E-03
  4.5533869E-02  1.6493686E-02  8.8450061E-03  5.8668200E-03  4.3467279E-03
  3.4443168E-03  2.8518944E-03  2.4385762E-03
  5.5843856E-02  2.0349026E-02  1.1014925E-02  7.3777270E-03  5.5269804E-03
  4.4293916E-03  3.7129736E-03  3.2192883E-03
  6.9644094E-02  2.5579795E-02  1.3997704E-02  9.4948336E-03  7.2078072E-03
  5.8599310E-03  4.9965559E-03  0.0000000E+00
  8.8610791E-02  3.2858785E-02  1.8236510E-02  1.2564868E-02  9.7060846E-03
  8.0505172E-03  7.0195179E-03  0.0000000E+00
  0.1155454      4.3375432E-02  2.4500575E-02  1.7233066E-02  1.3630310E-02
  1.1618829E-02  1.0468427E-02  0.0000000E+00
  0.1553387      5.9288174E-02  3.4282435E-02  2.4776120E-02  2.0264065E-02
  1.7995408E-02  1.7031001E-02  0.0000000E+00
  0.2170608      8.4730200E-02  5.0585534E-02  3.8071182E-02  3.2743976E-02
  3.1021815E-02  3.1067738E-02
  0.3191734      0.1286797      8.0505170E-02  6.4523533E-02  6.0459241E-02
  6.2916189E-02
  0.5033295      0.2133640      0.1439954      0.1290011      0.1396785    
  0.8801378      0.4064294      0.3161883      0.3517796    
   1.818140       1.000000       1.069346    
   5.198622       4.537313    
   37.08381    
   100000.0    
  3.7677180E-02  1.3587105E-02  7.2313668E-03  4.7553726E-03  3.4910836E-03
  2.7389114E-03  2.2434841E-03  1.8955189E-03
  4.5541838E-02  1.6504344E-02  8.8523086E-03  5.8687697E-03  4.3484224E-03
  3.4407862E-03  2.8463649E-03  2.4302697E-03
  5.5829901E-02  2.0363512E-02  1.1024233E-02  7.3822583E-03  5.5281208E-03
  4.4261543E-03  3.7059898E-03  3.2053038E-03
  6.9638766E-02  2.5582988E-02  1.4007772E-02  9.4993133E-03  7.2085042E-03
  5.8550523E-03  4.9839960E-03  0.0000000E+00
  8.8614531E-02  3.2876085E-02  1.8248741E-02  1.2569729E-02  9.7050751E-03
  8.0384081E-03  6.9935983E-03  0.0000000E+00
  0.1155464      4.3415636E-02  2.4531320E-02  1.7238226E-02  1.3623685E-02
  1.1593506E-02  1.0411522E-02  0.0000000E+00
  0.1553498      5.9327845E-02  3.4293555E-02  2.4782807E-02  2.0244626E-02
  1.7933240E-02  1.6863283E-02  0.0000000E+00
  0.2170782      8.4773660E-02  5.0594419E-02  3.8065840E-02  3.2693185E-02
  3.0818472E-02  3.0338362E-02
  0.3191586      0.1287608      8.0544122E-02  6.4471878E-02  6.0173750E-02
  6.1705526E-02
  0.5034294      0.2134659      0.1440101      0.1286465      0.1374943    
  0.8804298      0.4064929      0.3157293      0.3475080    
   1.818701       1.000000       1.059671    
   5.198903       4.510745    
   36.94559    
   1000000.    
  3.7704170E-02  1.3611615E-02  7.2459159E-03  4.7617964E-03  3.4936476E-03
  2.7382032E-03  2.2375225E-03  1.8852085E-03
  4.5576222E-02  1.6535843E-02  8.8702356E-03  5.8779488E-03  4.3511791E-03
  3.4392010E-03  2.8380216E-03  2.4137930E-03
  5.5875678E-02  2.0399272E-02  1.1043556E-02  7.3933750E-03  5.5285841E-03
  4.4192374E-03  3.6910160E-03  3.1805804E-03
  6.9691472E-02  2.5635207E-02  1.4033575E-02  9.5099816E-03  7.2073499E-03
  5.8439197E-03  4.9568960E-03  0.0000000E+00
  8.8656977E-02  3.2940105E-02  1.8280400E-02  1.2583937E-02  9.7028119E-03
  8.0172401E-03  6.9464608E-03  0.0000000E+00
  0.1156307      4.3489110E-02  2.4568964E-02  1.7254990E-02  1.3611615E-02
  1.1547186E-02  1.0306261E-02  0.0000000E+00
  0.1554446      5.9414700E-02  3.4346640E-02  2.4795825E-02  2.0210978E-02
  1.7813068E-02  1.6567603E-02  0.0000000E+00
  0.2172414      8.4913783E-02  5.0680578E-02  3.8067151E-02  3.2577131E-02
  3.0421957E-02  2.9287657E-02
  0.3194192      0.1289474      8.0626130E-02  6.4405620E-02  5.9664242E-02
  5.9845731E-02
  0.5038566      0.2137931      0.1440789      0.1280399      0.1341198    
  0.8811252      0.4069872      0.3153358      0.3407441    
   1.820553       1.000000       1.044691    
   5.204174       4.466878    
   36.72868    
  1.0000000E+07
  3.7776783E-02  1.3661373E-02  7.2713038E-03  4.7752177E-03  3.4980988E-03
  2.7309326E-03  2.2236637E-03  1.8635652E-03
  4.5649741E-02  1.6591366E-02  8.8995742E-03  5.8912993E-03  4.3524937E-03
  3.4287630E-03  2.8159248E-03  2.3820174E-03
  5.5960633E-02  2.0465219E-02  1.1078059E-02  7.4077388E-03  5.5289641E-03
  4.4039362E-03  3.6591366E-03  3.1290539E-03
  6.9760680E-02  2.5721315E-02  1.4075151E-02  9.5280698E-03  7.2042048E-03
  5.8174906E-03  4.9049431E-03  0.0000000E+00
  8.8772088E-02  3.3035114E-02  1.8331468E-02  1.2601208E-02  9.6891075E-03
  7.9668975E-03  6.8485797E-03  0.0000000E+00
  0.1157683      4.3614402E-02  2.4625363E-02  1.7273542E-02  1.3578618E-02
  1.1444867E-02  1.0100649E-02  0.0000000E+00
  0.1556475      5.9583984E-02  3.4444198E-02  2.4804294E-02  2.0125251E-02
  1.7573250E-02  1.6052336E-02  0.0000000E+00
  0.2175352      8.5148737E-02  5.0794005E-02  3.8045179E-02  3.2319393E-02
  2.9702527E-02  2.7689554E-02
  0.3198389      0.1292999      8.0764927E-02  6.4213820E-02  5.8711696E-02
  5.7034221E-02
  0.5048087      0.2143368      0.1441288      0.1268620      0.1288750    
  0.8828003      0.4079624      0.3140237      0.3301275    
   1.824200       1.000000       1.020577    
   5.211362       4.399463    
   36.36770    
  1.0000000E+08
  3.7996508E-02  1.3762549E-02  7.3243128E-03  4.7992147E-03  3.5006548E-03
  2.7171541E-03  2.1955478E-03  1.8201659E-03
  4.5853339E-02  1.6708860E-02  8.9589693E-03  5.9166304E-03  4.3518115E-03
  3.4068094E-03  2.7738977E-03  2.3177650E-03
  5.6176342E-02  2.0602359E-02  1.1145787E-02  7.4356175E-03  5.5237887E-03
  4.3670884E-03  3.5923177E-03  3.0336098E-03
  7.0013098E-02  2.5883893E-02  1.4155391E-02  9.5569622E-03  7.1868179E-03
  5.7573114E-03  4.7970316E-03  0.0000000E+00
  8.9087732E-02  3.3238761E-02  1.8430816E-02  1.2629856E-02  9.6529899E-03
  7.8611961E-03  6.6586644E-03  0.0000000E+00
  0.1161502      4.3867309E-02  2.4749018E-02  1.7295940E-02  1.3500654E-02
  1.1241815E-02  9.7315582E-03  0.0000000E+00
  0.1561545      5.9930161E-02  3.4591880E-02  2.4814490E-02  1.9941075E-02
  1.7121345E-02  1.5207333E-02  0.0000000E+00
  0.2182453      8.5617632E-02  5.0982103E-02  3.7952859E-02  3.1820167E-02
  2.8502837E-02  2.5403755E-02
  0.3210388      0.1300087      8.0969006E-02  6.3793108E-02  5.7027500E-02
  5.2902661E-02
  0.5065473      0.2154081      0.1441510      0.1246399      0.1209952    
  0.8862942      0.4096465      0.3116543      0.3140550    
   1.831951       1.000000      0.9829769    
   5.229157       4.290702    
   35.83588    
  1.0000000E+09
  3.9233349E-02  1.4011311E-02  7.4570589E-03  4.8617511E-03  3.5148724E-03
  2.6937579E-03  2.1407625E-03  1.7419355E-03
  4.6920825E-02  1.6973188E-02  9.0930043E-03  5.9761209E-03  4.3527442E-03
  3.3619606E-03  2.6916631E-03  2.2056976E-03
  5.7121910E-02  2.0900713E-02  1.1290322E-02  7.4884794E-03  5.5069127E-03
  4.2919982E-03  3.4666946E-03  2.8634269E-03
  7.0904903E-02  2.6225388E-02  1.4317135E-02  9.6041057E-03  7.1449517E-03
  5.6325933E-03  4.5978217E-03  0.0000000E+00
  8.9987434E-02  3.3661503E-02  1.8617513E-02  1.2668623E-02  9.5643066E-03
  7.6497695E-03  6.3259322E-03  0.0000000E+00
  0.1171764      4.4386260E-02  2.4968579E-02  1.7310433E-02  1.3320067E-02
  1.0854630E-02  9.1202343E-03  0.0000000E+00
  0.1574361      6.0620025E-02  3.4855466E-02  2.4759112E-02  1.9551739E-02
  1.6328026E-02  1.3937998E-02  0.0000000E+00
  0.2199413      8.6573109E-02  5.1298704E-02  3.7725180E-02  3.0875577E-02
  2.6581483E-02  2.2392124E-02
  0.3236280      0.1313783      8.1294514E-02  6.2903225E-02  5.4210309E-02
  4.7339760E-02
  0.5108923      0.2174277      0.1440092      0.1208002      0.1100545    
  0.8942187      0.4126519      0.3072895      0.2909510    
   1.848555       1.000000      0.9285715    
   5.266025       4.134898    
   35.14872    
  1.0000000E+10
  4.6083037E-02  1.5193889E-02  8.0983154E-03  5.1899725E-03  3.6408147E-03
  2.6929104E-03  2.0622797E-03  1.6200549E-03
  5.2976888E-02  1.7939677E-02  9.6180961E-03  6.2299254E-03  4.4242069E-03
  3.3117901E-03  2.5636505E-03  2.0309440E-03
  6.2358011E-02  2.1758715E-02  1.1737172E-02  7.6792007E-03  5.5189976E-03
  4.1774381E-03  3.2667450E-03  2.6067372E-03
  7.5342737E-02  2.7066197E-02  1.4721896E-02  9.7375643E-03  7.0818644E-03
  5.4230317E-03  4.2831958E-03  0.0000000E+00
  9.3791619E-02  3.4567177E-02  1.9012926E-02  1.2743831E-02  9.3948301E-03
  7.2855460E-03  5.8127693E-03  0.0000000E+00
  0.1206424      4.5456324E-02  2.5381904E-02  1.7303172E-02  1.2969055E-02
  1.0209558E-02  8.2314927E-03  0.0000000E+00
  0.1609871      6.1946727E-02  3.5311397E-02  2.4598513E-02  1.8834705E-02
  1.5094006E-02  1.2252252E-02  0.0000000E+00
  0.2242460      8.8366628E-02  5.1782217E-02  3.7171952E-02  2.9279279E-02
  2.3913044E-02  1.8891500E-02
  0.3294164      0.1339013      8.1668630E-02  6.1202504E-02  5.0039168E-02
  4.0599294E-02
  0.5199765      0.2213083      0.1433999      0.1146494      9.6376814E-02
  0.9103016      0.4179397      0.3000391      0.2610654    
   1.881904       1.000000      0.8564434    
   5.338817       3.928711    
   34.58676    
