   100.0000    
  4.1391037E-02  1.4502835E-02  7.3467288E-03  4.5409584E-03  3.1123133E-03
  2.2715095E-03  1.7300361E-03  1.3590932E-03
  5.0360642E-02  1.7712520E-02  9.0211239E-03  5.6053582E-03  3.8624420E-03
  2.8335908E-03  2.1689851E-03  1.7130345E-03
  6.2184442E-02  2.1968057E-02  1.1262236E-02  7.0427614E-03  4.8845955E-03
  3.6063886E-03  2.7784647E-03  2.2086555E-03
  7.8052551E-02  2.7743433E-02  1.4332819E-02  9.0365801E-03  6.3214838E-03
  4.7037611E-03  3.6537868E-03  0.0000000E+00
  0.1000515      3.5806287E-02  1.8681092E-02  1.1901082E-02  8.4080370E-03
  6.3266358E-03  4.9665119E-03  0.0000000E+00
  0.1313241      4.7460072E-02  2.5069553E-02  1.6182380E-02  1.1586811E-02
  8.8459551E-03  7.0479135E-03  0.0000000E+00
  0.1776919      6.5018035E-02  3.4920145E-02  2.2941783E-02  1.6738795E-02
  1.3034519E-02  1.0577023E-02  0.0000000E+00
  0.2497682      9.2993304E-02  5.1061310E-02  3.4389492E-02  2.5795981E-02
  2.0654304E-02  1.6800618E-02
  0.3689851      0.1408552      7.9855748E-02  5.5847503E-02  4.3668211E-02
  3.5816591E-02
  0.5837197      0.2315301      0.1379701      0.1025245      8.4750131E-02
   1.019578      0.4314271      0.2804225      0.2306543    
   2.087069       1.000000      0.7712520    
   5.754766       3.689851    
   33.76610    
   1000.000    
  4.1374873E-02  1.4500515E-02  7.3480946E-03  4.5396499E-03  3.1112256E-03
  2.2708550E-03  1.7291452E-03  1.3583933E-03
  5.0339855E-02  1.7708549E-02  9.0216268E-03  5.6024720E-03  3.8614830E-03
  2.8326469E-03  2.1678682E-03  1.7121524E-03
  6.2152423E-02  2.1961896E-02  1.1256437E-02  7.0391349E-03  4.8831105E-03
  3.6050463E-03  2.7770340E-03  2.2075181E-03
  7.8063853E-02  2.7734295E-02  1.4330586E-02  9.0370746E-03  6.3182283E-03
  4.7018537E-03  3.6519053E-03  0.0000000E+00
  0.1000000      3.5792995E-02  1.8676622E-02  1.1894954E-02  8.4037073E-03
  6.3233776E-03  4.9634394E-03  0.0000000E+00
  0.1313079      4.7445934E-02  2.5066942E-02  1.6179197E-02  1.1585994E-02
  8.8414000E-03  7.0442841E-03  0.0000000E+00
  0.1776519      6.4984553E-02  3.4907311E-02  2.2929968E-02  1.6735325E-02
  1.3027807E-02  1.0566426E-02  0.0000000E+00
  0.2496910      9.2945419E-02  5.1045313E-02  3.4376930E-02  2.5782699E-02
  2.0638516E-02  1.6776519E-02
  0.3688466      0.1408342      7.9866111E-02  5.5818748E-02  4.3640576E-02
  3.5772402E-02
  0.5834191      0.2314624      0.1379506      0.1024717      8.4654994E-02
   1.019053      0.4312564      0.2802781      0.2304325    
   2.086509       1.000000      0.7708548    
   5.751802       3.687950    
   33.74871    
   10000.00    
  4.1374162E-02  1.4503346E-02  7.3494595E-03  4.5398870E-03  3.1111683E-03
  2.2702008E-03  1.7282552E-03  1.3571796E-03
  5.0339684E-02  1.7709726E-02  9.0221306E-03  5.6047351E-03  3.8610396E-03
  2.8317035E-03  2.1667522E-03  1.7102419E-03
  6.2171899E-02  2.1966033E-02  1.1260937E-02  7.0406585E-03  4.8821410E-03
  3.6037054E-03  2.7750900E-03  2.2048377E-03
  7.8023680E-02  2.7740607E-02  1.4333505E-02  9.0375710E-03  6.3149766E-03
  4.6994337E-03  3.6489964E-03  0.0000000E+00
  0.1000000      3.5800312E-02  1.8677304E-02  1.1893978E-02  8.4045287E-03
  6.3201231E-03  4.9583120E-03  0.0000000E+00
  0.1312918      4.7452394E-02  2.5069481E-02  1.6176017E-02  1.1580030E-02
  8.8317040E-03  7.0303655E-03  0.0000000E+00
  0.1776634      6.5002576E-02  3.4909934E-02  2.2928461E-02  1.6726712E-02
  1.3010808E-02  1.0540402E-02  0.0000000E+00
  0.2496655      9.3000516E-02  5.1049922E-02  3.4374677E-02  2.5764283E-02
  2.0602163E-02  1.6670097E-02
  0.3688626      0.1408646      7.9825006E-02  5.5790018E-02  4.3587238E-02
  3.5594445E-02
  0.5836336      0.2314977      0.1379310      0.1024189      8.4302619E-02
   1.019043      0.4313433      0.2802368      0.2297478    
   2.086464       1.000000      0.7689140    
   5.753989       3.683479    
   33.72620    
   100000.0    
  4.1404322E-02  1.4516461E-02  7.3559671E-03  4.5426954E-03  3.1121399E-03
  2.2695472E-03  1.7268518E-03  1.3549383E-03
  5.0375514E-02  1.7726338E-02  9.0277772E-03  5.6069959E-03  3.8621398E-03
  2.8307613E-03  2.1646090E-03  1.7073044E-03
  6.2191360E-02  2.1985596E-02  1.1270576E-02  7.0473254E-03  4.8832307E-03
  3.6023662E-03  2.7721194E-03  2.1995883E-03
  7.8086421E-02  2.7767489E-02  1.4346708E-02  9.0380656E-03  6.3168723E-03
  4.6970164E-03  3.6435185E-03  0.0000000E+00
  0.1000514      3.5838477E-02  1.8693415E-02  1.1903292E-02  8.4002055E-03
  6.3117282E-03  4.9485597E-03  0.0000000E+00
  0.1313786      4.7494855E-02  2.5087448E-02  1.6183127E-02  1.1579218E-02
  8.8220164E-03  7.0113167E-03  0.0000000E+00
  0.1777778      6.5072015E-02  3.4938272E-02  2.2937242E-02  1.6723251E-02
  1.2988683E-02  1.0488682E-02  0.0000000E+00
  0.2498457      9.3055554E-02  5.1085390E-02  3.4377571E-02  2.5740741E-02
  2.0529835E-02  1.6466049E-02
  0.3691358      0.1409979      7.9886831E-02  5.5812757E-02  4.3492798E-02
  3.5241768E-02
  0.5838477      0.2316872      0.1379630      0.1023148      8.3641969E-02
   1.020062      0.4316358      0.2801440      0.2284979    
   2.088477       1.000000      0.7664609    
   5.761317       3.676440    
   33.69856    
   1000000.    
  4.1416839E-02  1.4532854E-02  7.3613967E-03  4.5436341E-03  3.1103697E-03
  2.2659139E-03  1.7217658E-03  1.3490759E-03
  5.0390143E-02  1.7746406E-02  9.0349074E-03  5.6108832E-03  3.8593430E-03
  2.8259752E-03  2.1581110E-03  1.6986653E-03
  6.2217657E-02  2.2007186E-02  1.1278233E-02  7.0431214E-03  4.8793633E-03
  3.5954826E-03  2.7623205E-03  2.1873717E-03
  7.8131415E-02  2.7787473E-02  1.4353182E-02  9.0400409E-03  6.3090352E-03
  4.6868585E-03  3.6288500E-03  0.0000000E+00
  0.1001027      3.5862423E-02  1.8701231E-02  1.1899384E-02  8.3932243E-03
  6.2987679E-03  4.9240249E-03  0.0000000E+00
  0.1314168      4.7530800E-02  2.5097538E-02  1.6180698E-02  1.1560575E-02
  8.7936344E-03  6.9661192E-03  0.0000000E+00
  0.1778234      6.5143734E-02  3.4948666E-02  2.2926077E-02  1.6688911E-02
  1.2931211E-02  1.0379877E-02  0.0000000E+00
  0.2499487      9.3121149E-02  5.1098563E-02  3.4353185E-02  2.5667351E-02
  2.0374743E-02  1.6139630E-02
  0.3692505      0.1410678      7.9876803E-02  5.5698153E-02  4.3264885E-02
  3.4656055E-02
  0.5841889      0.2318275      0.1379364      0.1020021      8.2546204E-02
   1.020534      0.4317762      0.2797741      0.2262320    
   2.089322       1.000000      0.7607803    
   5.759754       3.660678    
   33.61910    
  1.0000000E+07
  4.1452684E-02  1.4562660E-02  7.3708440E-03  4.5457804E-03  3.1074169E-03
  2.2593350E-03  1.7125319E-03  1.3375959E-03
  5.0429665E-02  1.7780051E-02  9.0485932E-03  5.6112534E-03  3.8547313E-03
  2.8168797E-03  2.1452687E-03  1.6828645E-03
  6.2250640E-02  2.2046035E-02  1.1289001E-02  7.0485934E-03  4.8721228E-03
  3.5820971E-03  2.7442456E-03  2.1636828E-03
  7.8158572E-02  2.7836317E-02  1.4368286E-02  9.0383627E-03  6.3017900E-03
  4.6670074E-03  3.6010228E-03  0.0000000E+00
  0.1001534      3.5923272E-02  1.8721227E-02  1.1897698E-02  8.3734011E-03
  6.2659848E-03  4.8777494E-03  0.0000000E+00
  0.1315089      4.7611255E-02  2.5120204E-02  1.6168797E-02  1.1529412E-02
  8.7365732E-03  6.8797949E-03  0.0000000E+00
  0.1779540      6.5217391E-02  3.4976982E-02  2.2905370E-02  1.6624041E-02
  1.2818415E-02  1.0194373E-02  0.0000000E+00
  0.2501790      9.3248077E-02  5.1125322E-02  3.4301791E-02  2.5529411E-02
  2.0097185E-02  1.5647059E-02
  0.3696164      0.1412788      7.9897694E-02  5.5549875E-02  4.2854220E-02
  3.3759590E-02
  0.5846547      0.2321228      0.1378517      0.1013811      8.0818415E-02
   1.021483      0.4321739      0.2790281      0.2225575    
   2.091560       1.000000      0.7524297    
   5.764706       3.635805    
   33.49872    
  1.0000000E+08
  4.1622583E-02  1.4633774E-02  7.3957276E-03  4.5528989E-03  3.1027468E-03
  2.2477112E-03  1.6958291E-03  1.3168871E-03
  5.0600201E-02  1.7863683E-02  9.0793483E-03  5.6154625E-03  3.8474060E-03
  2.8001016E-03  2.1215666E-03  1.6541200E-03
  6.2461849E-02  2.2141403E-02  1.1327569E-02  7.0549338E-03  4.8606303E-03
  3.5579859E-03  2.7100712E-03  2.1215666E-03
  7.8382500E-02  2.7955238E-02  1.4409970E-02  9.0437438E-03  6.2817903E-03
  4.6302136E-03  3.5493386E-03  0.0000000E+00
  0.1004069      3.6068156E-02  1.8774161E-02  1.1897253E-02  8.3418107E-03
  6.2054936E-03  4.7939983E-03  0.0000000E+00
  0.1318413      4.7792472E-02  2.5183111E-02  1.6164800E-02  1.1475076E-02
  8.6368257E-03  6.7293998E-03  0.0000000E+00
  0.1784334      6.5462865E-02  3.5045780E-02  2.2878941E-02  1.6515767E-02
  1.2614446E-02  9.8830108E-03  0.0000000E+00
  0.2508138      9.3591049E-02  5.1220752E-02  3.4216683E-02  2.5274670E-02
  1.9623600E-02  1.4918616E-02
  0.3706002      0.1417090      7.9959311E-02  5.5289928E-02  4.2146489E-02
  3.2410987E-02
  0.5864699      0.2328077      0.1377925      0.1004069      7.8179047E-02
   1.024415      0.4331638      0.2778230      0.2168871    
   2.098169       1.000000      0.7390641    
   5.778230       3.597152    
   33.33164    
  1.0000000E+09
  4.2574309E-02  1.4790933E-02  7.4609569E-03  4.5722919E-03  3.0957181E-03
  2.2246852E-03  1.6629724E-03  1.2780858E-03
  5.1385392E-02  1.8035265E-02  9.1435770E-03  5.6322417E-03  3.8327456E-03
  2.7667505E-03  2.0765744E-03  1.6005038E-03
  6.3123427E-02  2.2337534E-02  1.1400504E-02  7.0629725E-03  4.8352643E-03
  3.5093201E-03  2.6453400E-03  2.0458438E-03
  7.9042822E-02  2.8181361E-02  1.4488665E-02  9.0478593E-03  6.2367762E-03
  4.5571788E-03  3.4534007E-03  0.0000000E+00
  0.1010579      3.6347609E-02  1.8861461E-02  1.1894207E-02  8.2720406E-03
  6.0906806E-03  4.6428209E-03  0.0000000E+00
  0.1325945      4.8141059E-02  2.5284635E-02  1.6136020E-02  1.1355164E-02
  8.4433258E-03  6.4685140E-03  0.0000000E+00
  0.1793451      6.5894209E-02  3.5168767E-02  2.2806047E-02  1.6287154E-02
  1.2251889E-02  9.3954653E-03  0.0000000E+00
  0.2520907      9.4206549E-02  5.1335014E-02  3.4025189E-02  2.4795972E-02
  1.8846348E-02  1.3894206E-02
  0.3724937      0.1425693      8.0050379E-02  5.4760706E-02  4.0916875E-02
  3.0443326E-02
  0.5894207      0.2340554      0.1375315      9.8539047E-02  7.4156173E-02
   1.030227      0.4349622      0.2755668      0.2081108    
   2.109824       1.000000      0.7173803    
   5.808564       3.536524    
   33.10328    
  1.0000000E+10
  4.8527516E-02  1.5468517E-02  7.7491323E-03  4.6777395E-03  3.1060984E-03
  2.1859196E-03  1.6008924E-03  1.2067427E-03
  5.6569163E-02  1.8601885E-02  9.3802679E-03  5.7064951E-03  3.8200300E-03
  2.7069908E-03  1.9930589E-03  1.5076848E-03
  6.7426875E-02  2.2850769E-02  1.1601388E-02  7.1095689E-03  4.7947448E-03
  3.4194349E-03  2.5299953E-03  1.9196827E-03
  8.2548343E-02  2.8696083E-02  1.4675261E-02  9.0679228E-03  6.1626183E-03
  4.4224099E-03  3.2870602E-03  0.0000000E+00
  0.1039663      3.6911257E-02  1.9043135E-02  1.1874071E-02  8.1358459E-03
  5.8849780E-03  4.3911752E-03  0.0000000E+00
  0.1351016      4.8805159E-02  2.5468517E-02  1.6063461E-02  1.1120476E-02
  8.1011411E-03  6.0634604E-03  0.0000000E+00
  0.1818047      6.6732779E-02  3.5354488E-02  2.2627667E-02  1.5865147E-02
  1.1650967E-02  8.6762523E-03  0.0000000E+00
  0.2548835      9.5290035E-02  5.1512148E-02  3.3619240E-02  2.3946457E-02
  1.7649975E-02  1.2553297E-02
  0.3763510      0.1441249      8.0118991E-02  5.3743187E-02  3.8939022E-02
  2.7788796E-02
  0.5954388      0.2362420      0.1369360      9.5389195E-02  6.8567179E-02
   1.041150      0.4378781      0.2713932      0.1954884    
   2.132375       1.000000      0.6861676    
   5.855230       3.446207    
   33.02925    
