   100.0000    
  0.0000000E+00  1.3853876E-02  6.0690944E-03  3.8422036E-03  2.8338004E-03
  2.2700748E-03  1.9164332E-03  1.6806723E-03
  0.0000000E+00  1.6795052E-02  7.4112983E-03  4.7373953E-03  3.5305789E-03
  2.8606441E-03  2.4474789E-03  2.1778713E-03
  0.0000000E+00  2.0669935E-02  9.2051821E-03  5.9523811E-03  4.4946312E-03
  3.6951448E-03  3.2142857E-03  2.9178339E-03
  0.0000000E+00  2.5922036E-02  1.1670168E-02  7.6552290E-03  5.8753500E-03
  4.9241367E-03  4.3814196E-03  0.0000000E+00
  0.0000000E+00  3.3239961E-02  1.5172737E-02  1.0134220E-02  7.9470128E-03
  6.8335673E-03  6.2756771E-03  0.0000000E+00
  0.0000000E+00  4.3802522E-02  2.0343138E-02  1.3923904E-02  1.1241831E-02
  1.0029179E-02  9.6615320E-03  0.0000000E+00
  0.0000000E+00  5.9768911E-02  2.8408030E-02  2.0086367E-02  1.6935108E-02
  1.5989730E-02  1.6643325E-02  0.0000000E+00
  0.0000000E+00  8.5305795E-02  4.1876752E-02  3.1092437E-02  2.8022876E-02
  2.9131653E-02  3.4080297E-02
  0.0000000E+00  0.1294351      6.6701680E-02  5.3583100E-02  5.4411765E-02
  6.6701680E-02
  0.0000000E+00  0.2141690      0.1199813      0.1116480      0.1426237    
  0.0000000E+00  0.4070962      0.2694911      0.3450047    
  0.0000000E+00   1.000000       1.014706    
  0.0000000E+00   4.716386    
   31.65266    
   1000.000    
  0.0000000E+00  1.3849739E-02  6.0698898E-03  3.8439140E-03  2.8340130E-03
  2.2702387E-03  1.9172976E-03  1.6808388E-03
  0.0000000E+00  1.6785091E-02  7.4117649E-03  4.7384975E-03  3.5317414E-03
  2.8619687E-03  2.4484566E-03  2.1782178E-03
  0.0000000E+00  2.0663949E-02  9.2055919E-03  5.9545720E-03  4.4962144E-03
  3.6971462E-03  3.2160745E-03  2.9178802E-03
  0.0000000E+00  2.5917299E-02  1.1671521E-02  7.6575424E-03  5.8776936E-03
  4.9260338E-03  4.3820618E-03  0.0000000E+00
  0.0000000E+00  3.3232383E-02  1.5165987E-02  1.0136285E-02  7.9499129E-03
  6.8351775E-03  6.2760632E-03  0.0000000E+00
  0.0000000E+00  4.3797322E-02  2.0349447E-02  1.3919628E-02  1.1246361E-02
  1.0031451E-02  9.6575422E-03  0.0000000E+00
  0.0000000E+00  5.9755389E-02  2.8410017E-02  2.0093186E-02  1.6936518E-02
  1.5981363E-02  1.6610367E-02  0.0000000E+00
  0.0000000E+00  8.5288294E-02  4.1887015E-02  3.1100759E-02  2.8025627E-02
  2.9097263E-02  3.3873037E-02
  0.0000000E+00  0.1294118      6.6721022E-02  5.3605124E-02  5.4385558E-02
  6.6371575E-02
  0.0000000E+00  0.2142108      0.1199767      0.1116366      0.1419919    
  0.0000000E+00  0.4071054      0.2695399      0.3438556    
  0.0000000E+00   1.000000       1.012347    
  0.0000000E+00   4.710542    
   31.62493    
   10000.00    
  0.0000000E+00  1.3847046E-02  6.0718423E-03  3.8458866E-03  2.8354577E-03
  2.2711472E-03  1.9165701E-03  1.6790266E-03
  0.0000000E+00  1.6790267E-02  7.4136732E-03  4.7404403E-03  3.5330243E-03
  2.8621089E-03  2.4472768E-03  2.1749712E-03
  0.0000000E+00  2.0660486E-02  9.2085749E-03  5.9571262E-03  4.4971034E-03
  3.6975667E-03  3.2143684E-03  2.9130937E-03
  0.0000000E+00  2.5909618E-02  1.1668598E-02  7.6604867E-03  5.8794902E-03
  4.9258401E-03  4.3777521E-03  0.0000000E+00
  0.0000000E+00  3.3232909E-02  1.5179606E-02  1.0141367E-02  7.9524908E-03
  6.8342988E-03  6.2665124E-03  0.0000000E+00
  0.0000000E+00  4.3800693E-02  2.0347625E-02  1.3928157E-02  1.1247972E-02
  1.0024333E-02  9.6315183E-03  0.0000000E+00
  0.0000000E+00  5.9756663E-02  2.8424103E-02  2.0104287E-02  1.6929317E-02
  1.5955968E-02  1.6512169E-02  0.0000000E+00
  0.0000000E+00  8.5295483E-02  4.1900348E-02  3.1112401E-02  2.8006954E-02
  2.8980302E-02  3.3267669E-02
  0.0000000E+00  0.1294322      6.6732332E-02  5.3603709E-02  5.4241020E-02
  6.5376595E-02
  0.0000000E+00  0.2142526      0.1200463      0.1114948      0.1403244    
  0.0000000E+00  0.4070684      0.2694090      0.3405562    
  0.0000000E+00   1.000000       1.005099    
  0.0000000E+00   4.689456    
   31.50637    
   100000.0    
  0.0000000E+00  1.3857977E-02  6.0789259E-03  3.8499483E-03  2.8381322E-03
  2.2714236E-03  1.9157967E-03  1.6748881E-03
  0.0000000E+00  1.6794767E-02  7.4211308E-03  4.7458988E-03  3.5356199E-03
  2.8633703E-03  2.4446484E-03  2.1693241E-03
  0.0000000E+00  2.0672249E-02  9.2176208E-03  5.9630605E-03  4.5004017E-03
  3.6973730E-03  3.2086726E-03  2.9012272E-03
  0.0000000E+00  2.5926350E-02  1.1689802E-02  7.6689222E-03  5.8839046E-03
  4.9237120E-03  4.3684752E-03  0.0000000E+00
  0.0000000E+00  3.3245381E-02  1.5188711E-02  1.0150281E-02  7.9557188E-03
  6.8280371E-03  6.2452676E-03  0.0000000E+00
  0.0000000E+00  4.3822415E-02  2.0373980E-02  1.3938281E-02  1.1249282E-02
  1.0008030E-02  9.5732473E-03  0.0000000E+00
  0.0000000E+00  5.9791207E-02  2.8450154E-02  2.0121600E-02  1.6932430E-02
  1.5899966E-02  1.6312951E-02  0.0000000E+00
  0.0000000E+00  8.5338987E-02  4.1929562E-02  3.1123091E-02  2.7968338E-02
  2.8725479E-02  3.2235857E-02
  0.0000000E+00  0.1294023      6.6789031E-02  5.3584948E-02  5.3940576E-02
  6.3657217E-02
  0.0000000E+00  0.2142939      0.1201101      0.1111736      0.1372032    
  0.0000000E+00  0.4073649      0.2691293      0.3347482    
  0.0000000E+00   1.000000      0.9921991    
  0.0000000E+00   4.652977    
   31.31811    
   1000000.    
  0.0000000E+00  1.3883572E-02  6.0905307E-03  3.8565481E-03  2.8420223E-03
  2.2711407E-03  1.9108208E-03  1.6664790E-03
  0.0000000E+00  1.6822431E-02  7.4349740E-03  4.7539696E-03  3.5401420E-03
  2.8611645E-03  2.4377885E-03  2.1540367E-03
  0.0000000E+00  2.0707129E-02  9.2331953E-03  5.9723007E-03  4.5051235E-03
  3.6944039E-03  3.1967121E-03  2.8758026E-03
  0.0000000E+00  2.5954286E-02  1.1710393E-02  7.6804422E-03  5.8867247E-03
  4.9161133E-03  4.3452312E-03  0.0000000E+00
  0.0000000E+00  3.3284541E-02  1.5212252E-02  1.0164397E-02  7.9574380E-03
  6.8111704E-03  6.1963750E-03  0.0000000E+00
  0.0000000E+00  4.3868937E-02  2.0403108E-02  1.3962392E-02  1.1244230E-02
  9.9650947E-03  9.4527649E-03  0.0000000E+00
  0.0000000E+00  5.9858125E-02  2.8487785E-02  2.0132868E-02  1.6901251E-02
  1.5775250E-02  1.5932892E-02  0.0000000E+00
  0.0000000E+00  8.5429572E-02  4.1988518E-02  3.1133883E-02  2.7857225E-02
  2.8240066E-02  3.0694744E-02
  0.0000000E+00  0.1296025      6.6873103E-02  5.3518750E-02  5.3349849E-02
  6.1040424E-02
  0.0000000E+00  0.2146155      0.1201441      0.1104831      0.1325301    
  0.0000000E+00  0.4077244      0.2684382      0.3255264    
  0.0000000E+00   1.000000      0.9716249    
  0.0000000E+00   4.594078    
   30.99876    
  1.0000000E+07
  0.0000000E+00  1.3923086E-02  6.1128666E-03  3.8697028E-03  2.8467155E-03
  2.2682210E-03  1.8999892E-03  1.6450594E-03
  0.0000000E+00  1.6864583E-02  7.4615972E-03  4.7684931E-03  3.5439592E-03
  2.8554311E-03  2.4196536E-03  2.1211463E-03
  0.0000000E+00  2.0753896E-02  9.2646265E-03  5.9897592E-03  4.5081163E-03
  3.6823184E-03  3.1670118E-03  2.8205689E-03
  0.0000000E+00  2.6026800E-02  1.1744198E-02  7.7001853E-03  5.8884411E-03
  4.8948689E-03  4.2913170E-03  0.0000000E+00
  0.0000000E+00  3.3369649E-02  1.5263100E-02  1.0187385E-02  7.9518473E-03
  6.7676217E-03  6.0921670E-03  0.0000000E+00
  0.0000000E+00  4.3969933E-02  2.0459745E-02  1.3988453E-02  1.1221266E-02
  9.8670879E-03  9.2199584E-03  0.0000000E+00
  0.0000000E+00  5.9995644E-02  2.8565204E-02  2.0154702E-02  1.6831899E-02
  1.5524568E-02  1.5284890E-02  0.0000000E+00
  0.0000000E+00  8.5630246E-02  4.2096090E-02  3.1125395E-02  2.7606495E-02
  2.7388604E-02  2.8467154E-02
  0.0000000E+00  0.1298616      6.7000762E-02  5.3350039E-02  5.2249704E-02
  5.7173986E-02
  0.0000000E+00  0.2150561      0.1201656      0.1091622      0.1255039    
  0.0000000E+00  0.4085412      0.2671315      0.3114718    
  0.0000000E+00   1.000000      0.9398628    
  0.0000000E+00   4.502669    
   30.51531    
  1.0000000E+08
  0.0000000E+00  1.4029851E-02  6.1636646E-03  3.8960371E-03  2.8543489E-03
  2.2593925E-03  1.8733916E-03  1.6006175E-03
  0.0000000E+00  1.6984044E-02  7.5172409E-03  4.7956766E-03  3.5491509E-03
  2.8378796E-03  2.3787955E-03  2.0545546E-03
  0.0000000E+00  2.0885229E-02  9.3288729E-03  6.0185278E-03  4.5084921E-03
  3.6520846E-03  3.1013896E-03  2.7153885E-03
  0.0000000E+00  2.6176015E-02  1.1816778E-02  7.7313436E-03  5.8795675E-03
  4.8409677E-03  4.1821925E-03  0.0000000E+00
  0.0000000E+00  3.3556353E-02  1.5347401E-02  1.0221307E-02  7.9258885E-03
  6.6659804E-03  5.8898609E-03  0.0000000E+00
  0.0000000E+00  4.4209983E-02  2.0576429E-02  1.4019558E-02  1.1158003E-02
  9.6592894E-03  8.7997941E-03  0.0000000E+00
  0.0000000E+00  6.0308799E-02  2.8718477E-02  2.0174988E-02  1.6654657E-02
  1.5028306E-02  1.4256304E-02  0.0000000E+00
  0.0000000E+00  8.6073086E-02  4.2285126E-02  3.1065363E-02  2.7092125E-02
  2.5959855E-02  2.5373135E-02
  0.0000000E+00  0.1305198      6.7225941E-02  5.2949049E-02  5.0324239E-02
  5.1682964E-02
  0.0000000E+00  0.2161606      0.1202265      0.1067422      0.1151827    
  0.0000000E+00  0.4102934      0.2646423      0.2906845    
  0.0000000E+00   1.000000      0.8923315    
  0.0000000E+00   4.367473    
   29.83016    
  1.0000000E+09
  0.0000000E+00  1.4349860E-02  6.3049579E-03  3.9672591E-03  2.8774557E-03
  2.2422825E-03  1.8231993E-03  1.5210478E-03
  0.0000000E+00  1.7296540E-02  7.6548178E-03  4.8587467E-03  3.5575302E-03
  2.7998129E-03  2.2984098E-03  1.9354536E-03
  0.0000000E+00  2.1216091E-02  9.4667915E-03  6.0748365E-03  4.4995323E-03
  3.5827879E-03  2.9738073E-03  2.5313378E-03
  0.0000000E+00  2.6538823E-02  1.1964452E-02  7.7811042E-03  5.8437795E-03
  4.7212350E-03  3.9738072E-03  0.0000000E+00
  0.0000000E+00  3.3975679E-02  1.5519178E-02  1.0261927E-02  7.8447144E-03
  6.4536948E-03  5.5294666E-03  0.0000000E+00
  0.0000000E+00  4.4724043E-02  2.0776426E-02  1.4031806E-02  1.0982227E-02
  9.2553794E-03  8.1113186E-03  0.0000000E+00
  0.0000000E+00  6.0972873E-02  2.8961647E-02  2.0130964E-02  1.6267540E-02
  1.4162770E-02  1.2750234E-02  0.0000000E+00
  0.0000000E+00  8.6987846E-02  4.2581853E-02  3.0832555E-02  2.6099158E-02
  2.3751169E-02  2.1524789E-02
  0.0000000E+00  0.1318990      6.7502335E-02  5.2029938E-02  4.7165576E-02
  4.4649206E-02
  0.0000000E+00  0.2181478      0.1200187      0.1025257      0.1015903    
  0.0000000E+00  0.4133770      0.2598690      0.2623948    
  0.0000000E+00   1.000000      0.8263798    
  0.0000000E+00   4.179607    
   28.99906    
  1.0000000E+10
  0.0000000E+00  1.5966455E-02  7.0487224E-03  4.3522366E-03  3.0479233E-03
  2.2755591E-03  1.7667733E-03  1.4081470E-03
  0.0000000E+00  1.8642174E-02  8.2507990E-03  5.1565496E-03  3.6653355E-03
  2.7779555E-03  2.1853035E-03  1.7619809E-03
  0.0000000E+00  2.2380192E-02  9.9600647E-03  6.2955273E-03  4.5383386E-03
  3.4872205E-03  2.7795527E-03  2.2659744E-03
  0.0000000E+00  2.7603835E-02  1.2396167E-02  7.9321088E-03  5.8003198E-03
  4.5223641E-03  3.6525559E-03  0.0000000E+00
  0.0000000E+00  3.5023965E-02  1.5910544E-02  1.0343451E-02  7.6877000E-03
  6.0902559E-03  4.9888180E-03  0.0000000E+00
  0.0000000E+00  4.5862619E-02  2.1158148E-02  1.4017573E-02  1.0638978E-02
  8.5862624E-03  7.1461666E-03  0.0000000E+00
  0.0000000E+00  6.2324282E-02  2.9353036E-02  1.9952077E-02  1.5535144E-02
  1.2851438E-02  1.0846647E-02  0.0000000E+00
  0.0000000E+00  8.8738024E-02  4.2971246E-02  3.0263579E-02  2.4432909E-02
  2.0790735E-02  1.7324282E-02
  0.0000000E+00  0.1343451      6.7747600E-02  5.0255593E-02  4.2635787E-02
  3.6709264E-02
  0.0000000E+00  0.2218051      0.1192492      9.5926516E-02  8.5702881E-02
  0.0000000E+00  0.4187700      0.2517572      0.2281150    
  0.0000000E+00   1.000000      0.7439297    
  0.0000000E+00   3.946486    
   28.89777    
  9.9999998E+10
  0.0000000E+00  2.7544726E-02  1.0937694E-02  5.8155460E-03  3.5663170E-03
  2.3849476E-03  1.6921653E-03  1.2529303E-03
  0.0000000E+00  2.7908698E-02  1.1634793E-02  6.4713145E-03  4.1079582E-03
  2.8198643E-03  2.0413327E-03  1.5342381E-03
  0.0000000E+00  2.9494140E-02  1.2757557E-02  7.4028377E-03  4.8642815E-03
  3.4281309E-03  2.5317706E-03  1.9327576E-03
  0.0000000E+00  3.3004317E-02  1.4583590E-02  8.7847011E-03  5.9562004E-03
  4.3066009E-03  3.2430599E-03  0.0000000E+00
  0.0000000E+00  3.9241210E-02  1.7563233E-02  1.0888341E-02  7.6002469E-03
  5.6267735E-03  4.3146205E-03  0.0000000E+00
  0.0000000E+00  4.9389265E-02  2.2381246E-02  1.4225787E-02  1.0185071E-02
  7.7051204E-03  6.0018511E-03  0.0000000E+00
  0.0000000E+00  6.5576807E-02  3.0246761E-02  1.9710056E-02  1.4472549E-02
  1.1178285E-02  8.7785320E-03  0.0000000E+00
  0.0000000E+00  9.2165329E-02  4.3565702E-02  2.9253548E-02  2.2085134E-02
  1.7365824E-02  1.3288094E-02
  0.0000000E+00  0.1385565      6.7797661E-02  4.7396667E-02  3.6977176E-02
  2.8790871E-02
  0.0000000E+00  0.2275756      0.1173350      8.6921655E-02  6.9154844E-02
  0.0000000E+00  0.4265268      0.2396669      0.1908698    
  0.0000000E+00   1.000000      0.6508328    
  0.0000000E+00   3.684146    
   31.28316    
  1.0000000E+12
  0.0000000E+00  5.5618659E-02  1.7995942E-02  8.1176469E-03  4.3894523E-03
  2.6580121E-03  1.7407706E-03  1.2064909E-03
  0.0000000E+00  5.7322513E-02  1.9038539E-02  8.7748477E-03  4.8316428E-03
  2.9703854E-03  1.9699798E-03  1.3801217E-03
  0.0000000E+00  5.8864094E-02  2.0324543E-02  9.6673425E-03  5.4563894E-03
  3.4231239E-03  2.3079107E-03  1.6381338E-03
  0.0000000E+00  6.0283974E-02  2.1971604E-02  1.0912779E-02  6.3610547E-03
  4.0933061E-03  2.8150103E-03  0.0000000E+00
  0.0000000E+00  6.2474642E-02  2.4312373E-02  1.2734280E-02  7.7241380E-03
  5.1156185E-03  3.5947261E-03  0.0000000E+00
  0.0000000E+00  6.7586206E-02  2.8016226E-02  1.5557809E-02  9.8498985E-03
  6.7302231E-03  4.8235296E-03  0.0000000E+00
  0.0000000E+00  7.9188637E-02  3.4401622E-02  2.0198783E-02  1.3342799E-02
  9.3833664E-03  6.8032453E-03  0.0000000E+00
  0.0000000E+00  0.1027180      4.6044622E-02  2.8348884E-02  1.9448275E-02
  1.3947261E-02  9.8255575E-03
  0.0000000E+00  0.1477890      6.8356998E-02  4.3853953E-02  3.0969573E-02
  2.1797160E-02
  0.0000000E+00  0.2372414      0.1143205      7.6511152E-02  5.3955376E-02
  0.0000000E+00  0.4373225      0.2239351      0.1548073    
  0.0000000E+00   1.000000      0.5569980    
  0.0000000E+00   3.421906    
   32.75050    
  9.9999998E+12
  0.0000000E+00  0.1043218      3.2278743E-02  1.3982630E-02  7.2952854E-03
  4.2824647E-03  2.7274606E-03  1.8428453E-03
  0.0000000E+00  0.1009719      3.1368900E-02  1.3645575E-02  7.1484698E-03
  4.2100912E-03  2.6881720E-03  1.8211332E-03
  0.0000000E+00  0.1005583      3.1451613E-02  1.3771712E-02  7.2559966E-03
  4.2969398E-03  2.7564103E-03  1.8730356E-03
  0.0000000E+00  0.1033912      3.2712985E-02  1.4472704E-02  7.6964437E-03
  4.5947065E-03  2.9673283E-03  0.0000000E+00
  0.0000000E+00  0.1091605      3.5215054E-02  1.5856080E-02  8.5607944E-03
  5.1757651E-03  3.3746900E-03  0.0000000E+00
  0.0000000E+00  0.1173904      3.9164599E-02  1.8155500E-02  1.0033085E-02
  6.1807279E-03  4.0839538E-03  0.0000000E+00
  0.0000000E+00  0.1283706      4.5223329E-02  2.1918941E-02  1.2539289E-02
  7.9156328E-03  5.2894955E-03  0.0000000E+00
  0.0000000E+00  0.1454922      5.5210918E-02  2.8473945E-02  1.7001655E-02
  1.0986353E-02  7.1588089E-03
  0.0000000E+00  0.1803764      7.3821343E-02  4.0777504E-02  2.5392886E-02
  1.6174525E-02
  0.0000000E+00  0.2609595      0.1130066      6.6232421E-02  4.1273780E-02
  0.0000000E+00  0.4553350      0.2066791      0.1233457    
  0.0000000E+00   1.000000      0.4702233    
  0.0000000E+00   3.178246    
   32.56824    
  1.0000000E+14
  0.0000000E+00  0.1911555      5.8694720E-02  2.5235377E-02  1.3074179E-02
  7.6176887E-03  4.8188297E-03  3.2346647E-03
  0.0000000E+00  0.2101284      6.4557768E-02  2.7774606E-02  1.4393723E-02
  8.3951494E-03  5.3102705E-03  3.5627673E-03
  0.0000000E+00  0.2148359      6.6098429E-02  2.8473608E-02  1.4771754E-02
  8.6233951E-03  5.4550641E-03  3.6590584E-03
  0.0000000E+00  0.2062054      6.3566327E-02  2.7439371E-02  1.4265335E-02
  8.3380882E-03  5.2767475E-03  0.0000000E+00
  0.0000000E+00  0.1936519      5.9907272E-02  2.5955776E-02  1.3530670E-02
  7.9243938E-03  5.0221113E-03  0.0000000E+00
  0.0000000E+00  0.1878031      5.8459342E-02  2.5477888E-02  1.3352353E-02
  7.8530675E-03  4.9764621E-03  0.0000000E+00
  0.0000000E+00  0.1942939      6.1169755E-02  2.6954349E-02  1.4251069E-02
  8.4236804E-03  5.3174035E-03  0.0000000E+00
  0.0000000E+00  0.2155492      6.9315262E-02  3.1148359E-02  1.6718972E-02
  9.9286726E-03  6.0363766E-03
  0.0000000E+00  0.2552782      8.5520685E-02  3.9800286E-02  2.1825962E-02
  1.2653352E-02
  0.0000000E+00  0.3291726      0.1178317      5.7796005E-02  3.1661909E-02
  0.0000000E+00  0.4995007      0.1920827      9.7289585E-02
  0.0000000E+00   1.000000      0.3920827    
  0.0000000E+00   2.930100    
   31.85449    
