   100.0000    
  0.0000000E+00  1.4102879E-02  6.1007729E-03  3.7868680E-03  2.7229637E-03
  2.1172753E-03  1.7277037E-03  1.4587430E-03
  0.0000000E+00  1.7138343E-02  7.4613765E-03  4.6699438E-03  3.3883429E-03
  2.6580056E-03  2.1910113E-03  1.8714888E-03
  0.0000000E+00  2.1155197E-02  9.2819519E-03  5.8690310E-03  4.3030195E-03
  3.4164325E-03  2.8528792E-03  2.4701545E-03
  0.0000000E+00  2.6597612E-02  1.1780198E-02  7.5403797E-03  5.6056883E-03
  4.5189611E-03  3.8377810E-03  0.0000000E+00
  0.0000000E+00  3.4164324E-02  1.5321279E-02  9.9631324E-03  7.5403797E-03
  6.2008430E-03  5.3897472E-03  0.0000000E+00
  0.0000000E+00  4.5119382E-02  2.0540731E-02  1.3637641E-02  1.0570576E-02
  8.9413626E-03  8.0407299E-03  0.0000000E+00
  0.0000000E+00  6.1657302E-02  2.8651686E-02  1.9557586E-02  1.5686447E-02
  1.3837782E-02  1.3105689E-02  0.0000000E+00
  0.0000000E+00  8.8061802E-02  4.2099722E-02  2.9933287E-02  2.5298458E-02
  2.3876404E-02  2.4157304E-02
  0.0000000E+00  0.1335323      6.6590592E-02  5.0509132E-02  4.6611659E-02
  4.8806183E-02
  0.0000000E+00  0.2205056      0.1179775      0.1003511      0.1082163    
  0.0000000E+00  0.4162571      0.2550913      0.2729986    
  0.0000000E+00   1.000000      0.8446278    
  0.0000000E+00   4.236306    
   29.19593    
   1000.000    
  0.0000000E+00  1.4102789E-02  6.1006844E-03  3.7870549E-03  2.7240834E-03
  2.1171723E-03  1.7277671E-03  1.4585161E-03
  0.0000000E+00  1.7139098E-02  7.4618487E-03  4.6711103E-03  3.3888791E-03
  2.6591825E-03  2.1925978E-03  1.8698473E-03
  0.0000000E+00  2.1154182E-02  9.2825815E-03  5.8691460E-03  4.3045077E-03
  3.4169443E-03  2.8521311E-03  2.4697420E-03
  0.0000000E+00  2.6591826E-02  1.1782143E-02  7.5425361E-03  5.6077880E-03
  4.5185057E-03  3.8361689E-03  0.0000000E+00
  0.0000000E+00  3.4169443E-02  1.5323628E-02  9.9649178E-03  7.5407824E-03
  6.2006665E-03  5.3885286E-03  0.0000000E+00
  0.0000000E+00  4.5132432E-02  2.0540256E-02  1.3639712E-02  1.0571829E-02
  8.9405365E-03  8.0354325E-03  0.0000000E+00
  0.0000000E+00  6.1655849E-02  2.8661637E-02  1.9557972E-02  1.5688475E-02
  1.3834414E-02  1.3088932E-02  0.0000000E+00
  0.0000000E+00  8.8054724E-02  4.2097878E-02  2.9942116E-02  2.5293808E-02
  2.3855463E-02  2.4083493E-02
  0.0000000E+00  0.1335204      6.6602349E-02  5.0499912E-02  4.6588317E-02
  4.8658129E-02
  0.0000000E+00  0.2204876      0.1179793      0.1003157      0.1079635    
  0.0000000E+00  0.4162427      0.2550430      0.2725838    
  0.0000000E+00   1.000000      0.8437117    
  0.0000000E+00   4.232591    
   29.18786    
   10000.00    
  0.0000000E+00  1.4106737E-02  6.1032372E-03  3.7882763E-03  2.7244093E-03
  2.1172352E-03  1.7268591E-03  1.4570428E-03
  0.0000000E+00  1.7142607E-02  7.4645667E-03  4.6736659E-03  3.3893264E-03
  2.6579178E-03  2.1907261E-03  1.8687664E-03
  0.0000000E+00  2.1154856E-02  9.2860889E-03  5.8705164E-03  4.3044616E-03
  3.4173226E-03  2.8503938E-03  2.4654418E-03
  0.0000000E+00  2.6596677E-02  1.1784777E-02  7.5450568E-03  5.6080488E-03
  4.5179352E-03  3.8337708E-03  0.0000000E+00
  0.0000000E+00  3.4173228E-02  1.5328083E-02  9.9667544E-03  7.5415568E-03
  6.1977254E-03  5.3805769E-03  0.0000000E+00
  0.0000000E+00  4.5126855E-02  2.0559929E-02  1.3643045E-02  1.0570428E-02
  8.9343833E-03  8.0174971E-03  0.0000000E+00
  0.0000000E+00  6.1662290E-02  2.8661415E-02  1.9562555E-02  1.5683290E-02
  1.3814522E-02  1.3032371E-02  0.0000000E+00
  0.0000000E+00  8.8083990E-02  4.2117234E-02  2.9938757E-02  2.5284341E-02
  2.3779528E-02  2.3779528E-02
  0.0000000E+00  0.1335608      6.6614173E-02  5.0498687E-02  4.6491686E-02
  4.8188973E-02
  0.0000000E+00  0.2206474      0.1180053      0.1002275      0.1071041    
  0.0000000E+00  0.4162730      0.2549431      0.2708662    
  0.0000000E+00   1.000000      0.8398950    
  0.0000000E+00   4.222222    
   29.13386    
   100000.0    
  0.0000000E+00  1.4115599E-02  6.1072428E-03  3.7917828E-03  2.7245823E-03
  2.1152508E-03  1.7245822E-03  1.4531686E-03
  0.0000000E+00  1.7153552E-02  7.4704038E-03  4.6744426E-03  3.3896239E-03
  2.6566854E-03  2.1866295E-03  1.8628134E-03
  0.0000000E+00  2.1169916E-02  9.2914347E-03  5.8739553E-03  4.3053622E-03
  3.4139971E-03  2.8447076E-03  2.4564764E-03
  0.0000000E+00  2.6601672E-02  1.1793176E-02  7.5470060E-03  5.6075905E-03
  4.5125349E-03  3.8231199E-03  0.0000000E+00
  0.0000000E+00  3.4192201E-02  1.5337744E-02  9.9704042E-03  7.5383009E-03
  6.1890669E-03  5.3621167E-03  0.0000000E+00
  0.0000000E+00  4.5160167E-02  2.0560585E-02  1.3645543E-02  1.0565808E-02
  8.9153899E-03  7.9770191E-03  0.0000000E+00
  0.0000000E+00  6.1699163E-02  2.8673399E-02  1.9568246E-02  1.5668523E-02
  1.3769151E-02  1.2912605E-02  0.0000000E+00
  0.0000000E+00  8.8109329E-02  4.2130917E-02  2.9944289E-02  2.5226325E-02
  2.3624651E-02  2.3276461E-02
  0.0000000E+00  0.1336177      6.6643454E-02  5.0452650E-02  4.6291780E-02
  4.7301535E-02
  0.0000000E+00  0.2207521      0.1180014      9.9965177E-02  0.1055362    
  0.0000000E+00  0.4164345      0.2547005      0.2677577    
  0.0000000E+00   1.000000      0.8330432    
  0.0000000E+00   4.202646    
   29.02159    
   1000000.    
  0.0000000E+00  1.4134184E-02  6.1159022E-03  3.7944119E-03  2.7250778E-03
  2.1145223E-03  1.7197309E-03  1.4451536E-03
  0.0000000E+00  1.7174888E-02  7.4801655E-03  4.6791998E-03  3.3908244E-03
  2.6543636E-03  2.1800622E-03  1.8506382E-03
  0.0000000E+00  2.1196965E-02  9.3032084E-03  5.8796140E-03  4.3049329E-03
  3.4080716E-03  2.8337357E-03  2.4370472E-03
  0.0000000E+00  2.6647121E-02  1.1807520E-02  7.5526047E-03  5.6053814E-03
  4.5032771E-03  3.8030355E-03  0.0000000E+00
  0.0000000E+00  3.4235943E-02  1.5355295E-02  9.9775782E-03  7.5336327E-03
  6.1710938E-03  5.3259744E-03  0.0000000E+00
  0.0000000E+00  4.5205243E-02  2.0593308E-02  1.3652984E-02  1.0553639E-02
  8.8789240E-03  7.8958264E-03  0.0000000E+00
  0.0000000E+00  6.1762679E-02  2.8699553E-02  1.9575715E-02  1.5638152E-02
  1.3677130E-02  1.2692308E-02  0.0000000E+00
  0.0000000E+00  8.8202827E-02  4.2169716E-02  2.9924111E-02  2.5129355E-02
  2.3335632E-02  2.2473266E-02
  0.0000000E+00  0.1337358      6.6678166E-02  5.0379444E-02  4.5912385E-02
  4.5929633E-02
  0.0000000E+00  0.2209383      0.1180235      9.9499822E-02  0.1030183    
  0.0000000E+00  0.4168679      0.2542256      0.2628493    
  0.0000000E+00   1.000000      0.8216627    
  0.0000000E+00   4.170403    
   28.85478    
  1.0000000E+07
  0.0000000E+00  1.4174016E-02  6.1346674E-03  3.8025782E-03  2.7255767E-03
  2.1082091E-03  1.7096336E-03  1.4287652E-03
  0.0000000E+00  1.7215062E-02  7.5016962E-03  4.6879239E-03  3.3904342E-03
  2.6458616E-03  2.1641790E-03  1.8266622E-03
  0.0000000E+00  2.1251697E-02  9.3283588E-03  5.8887382E-03  4.3029170E-03
  3.3955225E-03  2.8086840E-03  2.3982362E-03
  0.0000000E+00  2.6696065E-02  1.1835143E-02  7.5627547E-03  5.6004073E-03
  4.4810041E-03  3.7635686E-03  0.0000000E+00
  0.0000000E+00  3.4311399E-02  1.5388399E-02  9.9881282E-03  7.5220489E-03
  6.1329715E-03  5.2527138E-03  0.0000000E+00
  0.0000000E+00  4.5301899E-02  2.0624151E-02  1.3660109E-02  1.0525780E-02
  8.8008819E-03  7.7442331E-03  0.0000000E+00
  0.0000000E+00  6.1889421E-02  2.8765265E-02  1.9572591E-02  1.5569879E-02
  1.3497286E-02  1.2308344E-02  0.0000000E+00
  0.0000000E+00  8.8381954E-02  4.2232022E-02  2.9901629E-02  2.4949118E-02
  2.2795115E-02  2.1285618E-02
  0.0000000E+00  0.1340061      6.6757128E-02  5.0220493E-02  4.5183174E-02
  4.3843284E-02
  0.0000000E+00  0.2213365      0.1180122      9.8575309E-02  9.9118054E-02
  0.0000000E+00  0.4175712      0.2532225      0.2549186    
  0.0000000E+00   1.000000      0.8035957    
  0.0000000E+00   4.118046    
   28.57870    
  1.0000000E+08
  0.0000000E+00  1.4262187E-02  6.1709490E-03  3.8175229E-03  2.7256259E-03
  2.0965086E-03  1.6864296E-03  1.3955863E-03
  0.0000000E+00  1.7308960E-02  7.5411727E-03  4.7035571E-03  3.3860344E-03
  2.6268116E-03  2.1294467E-03  1.7770092E-03
  0.0000000E+00  2.1360341E-02  9.3741762E-03  5.9041502E-03  4.2951251E-03
  3.3662713E-03  2.7585640E-03  2.3254282E-03
  0.0000000E+00  2.6828064E-02  1.1888999E-02  7.5774048E-03  5.5830041E-03
  4.4334652E-03  3.6808299E-03  0.0000000E+00
  0.0000000E+00  3.4469698E-02  1.5451252E-02  9.9983532E-03  7.4884719E-03
  6.0490775E-03  5.1086959E-03  0.0000000E+00
  0.0000000E+00  4.5503955E-02  2.0701582E-02  1.3664361E-02  1.0456192E-02
  8.6413044E-03  7.4637681E-03  0.0000000E+00
  0.0000000E+00  6.2154148E-02  2.8853754E-02  1.9548750E-02  1.5416667E-02
  1.3152175E-02  1.1673254E-02  0.0000000E+00
  0.0000000E+00  8.8735178E-02  4.2341895E-02  2.9808959E-02  2.4555335E-02
  2.1887351E-02  1.9565217E-02
  0.0000000E+00  0.1345356      6.6864297E-02  4.9868248E-02  4.3889988E-02
  4.0727932E-02
  0.0000000E+00  0.2221673      0.1179348      9.6854411E-02  9.3165345E-02
  0.0000000E+00  0.4186429      0.2513175      0.2425889    
  0.0000000E+00   1.000000      0.7750329    
  0.0000000E+00   4.036561    
   28.17852    
  1.0000000E+09
  0.0000000E+00  1.4533918E-02  6.2791789E-03  3.8649538E-03  2.7338241E-03
  2.0758263E-03  1.6434279E-03  1.3358921E-03
  0.0000000E+00  1.7577942E-02  7.6453080E-03  4.7422838E-03  3.3824223E-03
  2.5896914E-03  2.0664264E-03  1.6904277E-03
  0.0000000E+00  2.1635594E-02  9.4783017E-03  5.9360801E-03  4.2754193E-03
  3.3056557E-03  2.6601912E-03  2.1948926E-03
  0.0000000E+00  2.7134575E-02  1.1999060E-02  7.6014409E-03  5.5412813E-03
  4.3349522E-03  3.5281216E-03  0.0000000E+00
  0.0000000E+00  3.4811217E-02  1.5574182E-02  1.0010967E-02  7.4087419E-03
  5.8812471E-03  4.8535173E-03  0.0000000E+00
  0.0000000E+00  4.5918848E-02  2.0852264E-02  1.3651888E-02  1.0303932E-02
  8.3393389E-03  6.9967099E-03  0.0000000E+00
  0.0000000E+00  6.2682122E-02  2.9014571E-02  1.9489268E-02  1.5101049E-02
  1.2539558E-02  1.0704998E-02  0.0000000E+00
  0.0000000E+00  8.9472041E-02  4.2534854E-02  2.9578568E-02  2.3797587E-02
  2.0429265E-02  1.7264610E-02
  0.0000000E+00  0.1355789      6.7006111E-02  4.9114838E-02  4.1735861E-02
  3.6456212E-02
  0.0000000E+00  0.2237193      0.1176406      9.3811691E-02  8.4787712E-02
  0.0000000E+00  0.4211186      0.2476892      0.2249726    
  0.0000000E+00   1.000000      0.7330409    
  0.0000000E+00   3.918220    
   27.68291    
  1.0000000E+10
  0.0000000E+00  1.5914662E-02  6.8516652E-03  4.1329106E-03  2.8355196E-03
  2.0772668E-03  1.5856999E-03  1.2433329E-03
  0.0000000E+00  1.8740090E-02  8.1072515E-03  4.9473839E-03  3.4380858E-03
  2.5515351E-03  1.9677095E-03  1.5568689E-03
  0.0000000E+00  2.2632262E-02  9.8587284E-03  6.0818801E-03  4.2799483E-03
  3.2132047E-03  2.5039641E-03  1.9979819E-03
  0.0000000E+00  2.8038057E-02  1.2325213E-02  7.6935277E-03  5.4821968E-03
  4.1660662E-03  3.2823989E-03  0.0000000E+00
  0.0000000E+00  3.5692662E-02  1.5871415E-02  1.0044687E-02  7.2610639E-03
  5.5917543E-03  4.4529336E-03  0.0000000E+00
  0.0000000E+00  4.6864636E-02  2.1118641E-02  1.3605305E-02  1.0008649E-02
  7.8304745E-03  6.3082026E-03  0.0000000E+00
  0.0000000E+00  6.3788384E-02  2.9292202E-02  1.9287879E-02  1.4516362E-02
  1.1572726E-02  9.4032008E-03  0.0000000E+00
  0.0000000E+00  9.0875022E-02  4.2770650E-02  2.9061554E-02  2.2531353E-02
  1.8350871E-02  1.4559608E-02
  0.0000000E+00  0.1375234      6.7089520E-02  4.7671903E-02  3.8460433E-02
  3.1252705E-02
  0.0000000E+00  0.2266109      0.1168372      8.8885687E-02  7.4167512E-02
  0.0000000E+00  0.4251117      0.2413147      0.2016722    
  0.0000000E+00   1.000000      0.6763731    
  0.0000000E+00   3.758109    
   27.76416    
  9.9999998E+10
  0.0000000E+00  2.5276661E-02  9.8855626E-03  5.2225855E-03  3.1903922E-03
  2.1252513E-03  1.5015091E-03  1.1065140E-03
  0.0000000E+00  2.6370725E-02  1.0754527E-02  5.9192656E-03  3.7298794E-03
  2.5440140E-03  1.8297284E-03  1.3656941E-03
  0.0000000E+00  2.8634306E-02  1.2053572E-02  6.8900902E-03  4.4756033E-03
  3.1250000E-03  2.2862172E-03  1.7291248E-03
  0.0000000E+00  3.2708753E-02  1.4059356E-02  8.2985414E-03  5.5445172E-03
  3.9562373E-03  2.9426559E-03  0.0000000E+00
  0.0000000E+00  3.9411467E-02  1.7178070E-02  1.0414990E-02  7.1327966E-03
  5.1936619E-03  3.9197686E-03  0.0000000E+00
  0.0000000E+00  4.9974848E-02  2.2095071E-02  1.3707244E-02  9.5975846E-03
  7.1164481E-03  5.4338528E-03  0.0000000E+00
  0.0000000E+00  6.6649899E-02  2.9979879E-02  1.9026659E-02  1.3619215E-02
  1.0271629E-02  7.8734905E-03  0.0000000E+00
  0.0000000E+00  9.3863174E-02  4.3209255E-02  2.8181588E-02  2.0661470E-02
  1.5769618E-02  1.1695171E-02
  0.0000000E+00  0.1410966      6.7014590E-02  4.5309357E-02  3.4129776E-02
  2.5578471E-02
  0.0000000E+00  0.2313883      0.1151283      8.1853621E-02  6.2160462E-02
  0.0000000E+00  0.4315895      0.2316398      0.1741700    
  0.0000000E+00   1.000000      0.6071428    
  0.0000000E+00   3.562626    
   30.36972    
  1.0000000E+12
  0.0000000E+00  4.8196163E-02  1.5586372E-02  7.0254244E-03  3.7966033E-03
  2.2982615E-03  1.5033665E-03  1.0400965E-03
  0.0000000E+00  5.0738622E-02  1.6822431E-02  7.7509796E-03  4.2638932E-03
  2.6188323E-03  1.7344991E-03  1.2129435E-03
  0.0000000E+00  5.3190637E-02  1.8299669E-02  8.6966129E-03  4.9020196E-03
  3.0710481E-03  2.0661240E-03  1.4621646E-03
  0.0000000E+00  5.5743139E-02  2.0158779E-02  9.9829165E-03  5.8074566E-03
  3.7272635E-03  2.5545170E-03  0.0000000E+00
  0.0000000E+00  5.9290525E-02  2.2741433E-02  1.1838006E-02  7.1470202E-03
  4.7140992E-03  3.2951462E-03  0.0000000E+00
  0.0000000E+00  6.5852679E-02  2.6710883E-02  1.4671892E-02  9.2191743E-03
  6.2536430E-03  4.4467892E-03  0.0000000E+00
  0.0000000E+00  7.8786053E-02  3.3363480E-02  1.9274445E-02  1.2581650E-02
  8.7518841E-03  6.2737414E-03  0.0000000E+00
  0.0000000E+00  0.1034067      4.5181390E-02  2.7263591E-02  1.8390112E-02
  1.2983620E-02  8.9960806E-03
  0.0000000E+00  0.1494322      6.7350015E-02  4.2186715E-02  2.9162899E-02
  2.0088434E-02
  0.0000000E+00  0.2398754      0.1124510      7.3108234E-02  5.0115567E-02
  0.0000000E+00  0.4409607      0.2181690      0.1453120    
  0.0000000E+00   1.000000      0.5311024    
  0.0000000E+00   3.351422    
   32.49924    
  9.9999998E+12
  0.0000000E+00  8.2650937E-02  2.5530880E-02  1.1047884E-02  5.7571130E-03
  3.3754336E-03  2.1464261E-03  1.4482997E-03
  0.0000000E+00  8.3275504E-02  2.5836224E-02  1.1221373E-02  5.8681467E-03
  3.4510756E-03  2.1998612E-03  1.4871617E-03
  0.0000000E+00  8.6190149E-02  2.6911868E-02  1.1762665E-02  6.1852881E-03
  3.6551005E-03  2.3393475E-03  1.5863983E-03
  0.0000000E+00  9.1672443E-02  2.8931295E-02  1.2775850E-02  6.7793201E-03
  4.0367800E-03  2.6002775E-03  0.0000000E+00
  0.0000000E+00  9.9514231E-02  3.2012492E-02  1.4378903E-02  7.7446220E-03
  4.6662041E-03  3.0340042E-03  0.0000000E+00
  0.0000000E+00  0.1095767      3.6391392E-02  1.6814712E-02  9.2644002E-03
  5.6863287E-03  3.7425398E-03  0.0000000E+00
  0.0000000E+00  0.1224150      4.2775851E-02  2.0645384E-02  1.1762665E-02
  7.3907007E-03  4.9139485E-03  0.0000000E+00
  0.0000000E+00  0.1417765      5.3046491E-02  2.7147815E-02  1.6120750E-02
  1.0353920E-02  6.6960445E-03
  0.0000000E+00  0.1793199      7.1825124E-02  3.9229702E-02  2.4191534E-02
  1.5267176E-02
  0.0000000E+00  0.2621096      0.1108258      6.3879251E-02  3.9229702E-02
  0.0000000E+00  0.4575989      0.2024983      0.1181818    
  0.0000000E+00   1.000000      0.4554476    
  0.0000000E+00   3.139486    
   32.58154    
  1.0000000E+14
  0.0000000E+00  0.1515298      4.6492539E-02  1.9966418E-02  1.0332090E-02
  6.0186568E-03  3.8022390E-03  2.5492539E-03
  0.0000000E+00  0.1650373      5.0634332E-02  2.1768657E-02  1.1268657E-02
  6.5634330E-03  4.1455226E-03  2.7787313E-03
  0.0000000E+00  0.1704851      5.2350745E-02  2.2526119E-02  1.1667911E-02
  6.7985076E-03  4.2947759E-03  2.8757462E-03
  0.0000000E+00  0.1681716      5.1753733E-02  2.2291046E-02  1.1559702E-02
  6.7425375E-03  4.2574625E-03  0.0000000E+00
  0.0000000E+00  0.1641791      5.0671641E-02  2.1884328E-02  1.1376866E-02
  6.6455225E-03  4.1977614E-03  0.0000000E+00
  0.0000000E+00  0.1662313      5.1567163E-02  2.2391791E-02  1.1690298E-02
  6.8432838E-03  4.3208958E-03  0.0000000E+00
  0.0000000E+00  0.1789552      5.6082092E-02  2.4585821E-02  1.2932835E-02
  7.6044779E-03  4.7761197E-03  0.0000000E+00
  0.0000000E+00  0.2045895      6.5410450E-02  2.9216418E-02  1.5585821E-02
  9.1940295E-03  5.5522388E-03
  0.0000000E+00  0.2476493      8.2276121E-02  3.8022391E-02  2.0694030E-02
  1.1910448E-02
  0.0000000E+00  0.3248508      0.1146642      5.5746268E-02  3.0291045E-02
  0.0000000E+00  0.4992537      0.1880597      9.4029851E-02
  0.0000000E+00   1.000000      0.3828358    
  0.0000000E+00   2.908582    
   31.94030    
