   100.0000    
  0.0000000E+00  1.3794554E-02  6.0582487E-03  3.8492274E-03  2.8524867E-03
  2.2994427E-03  1.9556303E-03  1.7295763E-03
  0.0000000E+00  1.6706971E-02  7.3945960E-03  4.7450322E-03  3.5548313E-03
  2.9008517E-03  2.5013143E-03  2.2479235E-03
  0.0000000E+00  2.0555148E-02  9.1809481E-03  5.9625697E-03  4.5284405E-03
  3.7514458E-03  3.2930293E-03  3.0217643E-03
  0.0000000E+00  2.5770161E-02  1.1639155E-02  7.6700663E-03  5.9247189E-03
  5.0068339E-03  4.5021558E-03  0.0000000E+00
  0.0000000E+00  3.3024918E-02  1.5119337E-02  1.0156661E-02  8.0233421E-03
  6.9666705E-03  6.4809173E-03  0.0000000E+00
  0.0000000E+00  4.3518033E-02  2.0281779E-02  1.3962780E-02  1.1376301E-02
  1.0268111E-02  1.0057828E-02  0.0000000E+00
  0.0000000E+00  5.9352335E-02  2.8335612E-02  2.0176638E-02  1.7190622E-02
  1.6486175E-02  1.7579645E-02  0.0000000E+00
  0.0000000E+00  8.4701926E-02  4.1793715E-02  3.1300601E-02  2.8630007E-02
  3.0469984E-02  3.7072863E-02
  0.0000000E+00  0.1284828      6.6670172E-02  5.4221429E-02  5.6324255E-02
  7.1979813E-02
  0.0000000E+00  0.2128062      0.1202818      0.1142887      0.1525602    
  0.0000000E+00  0.4050047      0.2727368      0.3652613    
  0.0000000E+00   1.000000       1.061928    
  0.0000000E+00   4.850173    
   32.35202    
   1000.000    
  0.0000000E+00  1.3792742E-02  6.0583181E-03  3.8504303E-03  2.8539964E-03
  2.3001889E-03  1.9572058E-03  1.7306482E-03
  0.0000000E+00  1.6708622E-02  7.3945881E-03  4.7461716E-03  3.5567442E-03
  2.9022447E-03  2.5026221E-03  2.2477449E-03
  0.0000000E+00  2.0558003E-02  9.1818757E-03  5.9649679E-03  4.5301029E-03
  3.7528847E-03  3.2945250E-03  3.0228656E-03
  0.0000000E+00  2.5760436E-02  1.1632054E-02  7.6725404E-03  5.9272079E-03
  5.0094402E-03  4.5038806E-03  0.0000000E+00
  0.0000000E+00  3.3018671E-02  1.5124817E-02  1.0160478E-02  8.0270609E-03
  6.9697923E-03  6.4820643E-03  0.0000000E+00
  0.0000000E+00  4.3507449E-02  2.0285295E-02  1.3971051E-02  1.1380323E-02
  1.0271659E-02  1.0054542E-02  0.0000000E+00
  0.0000000E+00  5.9345502E-02  2.8340677E-02  2.0190896E-02  1.7191106E-02
  1.6488358E-02  1.7547725E-02  0.0000000E+00
  0.0000000E+00  8.4686391E-02  4.1808266E-02  3.1319492E-02  2.8634360E-02
  3.0438431E-02  3.6815610E-02
  0.0000000E+00  0.1284875      6.6687644E-02  5.4237466E-02  5.6293268E-02
  7.1575418E-02
  0.0000000E+00  0.2128173      0.1203063      0.1143277      0.1517726    
  0.0000000E+00  0.4049717      0.2727082      0.3639606    
  0.0000000E+00   1.000000       1.059367    
  0.0000000E+00   4.842669    
   32.30543    
   10000.00    
  0.0000000E+00  1.3789869E-02  6.0610799E-03  3.8534505E-03  2.8559519E-03
  2.3014385E-03  1.9574733E-03  1.7292057E-03
  0.0000000E+00  1.6708361E-02  7.3973318E-03  4.7488012E-03  3.5584741E-03
  2.9028561E-03  2.5026058E-03  2.2461957E-03
  0.0000000E+00  2.0554515E-02  9.1849072E-03  5.9672715E-03  4.5330417E-03
  3.7544300E-03  3.2937254E-03  3.0175110E-03
  0.0000000E+00  2.5755681E-02  1.1642694E-02  7.6766736E-03  5.9307902E-03
  5.0104233E-03  4.5007300E-03  0.0000000E+00
  0.0000000E+00  3.3020642E-02  1.5134459E-02  1.0165729E-02  8.0310619E-03
  6.9699818E-03  6.4727957E-03  0.0000000E+00
  0.0000000E+00  4.3506362E-02  2.0293936E-02  1.3977486E-02  1.1382115E-02
  1.0266834E-02  1.0027101E-02  0.0000000E+00
  0.0000000E+00  5.9339177E-02  2.8351054E-02  2.0200126E-02  1.7198250E-02
  1.6458202E-02  1.7437981E-02  0.0000000E+00
  0.0000000E+00  8.4688351E-02  4.1817807E-02  3.1332083E-02  2.8622055E-02
  3.0310612E-02  3.6085054E-02
  0.0000000E+00  0.1285178      6.6708364E-02  5.4242235E-02  5.6149676E-02
  7.0377320E-02
  0.0000000E+00  0.2128414      0.1203877      0.1141338      0.1497811    
  0.0000000E+00  0.4050448      0.2726704      0.3600167    
  0.0000000E+00   1.000000       1.050657    
  0.0000000E+00   4.817595    
   32.17636    
   100000.0    
  0.0000000E+00  1.3798784E-02  6.0673463E-03  3.8574808E-03  2.8586139E-03
  2.3025435E-03  1.9555143E-03  1.7258779E-03
  0.0000000E+00  1.6713006E-02  7.4050040E-03  4.7544022E-03  3.5619400E-03
  2.9039234E-03  2.5002575E-03  2.2397281E-03
  0.0000000E+00  2.0564307E-02  9.1936979E-03  5.9736376E-03  4.5360927E-03
  3.7545050E-03  3.2890534E-03  3.0058695E-03
  0.0000000E+00  2.5774892E-02  1.1646586E-02  7.6840697E-03  5.9345071E-03
  5.0087529E-03  4.4907834E-03  0.0000000E+00
  0.0000000E+00  3.3034701E-02  1.5147770E-02  1.0175060E-02  8.0352174E-03
  6.9642672E-03  6.4504170E-03  0.0000000E+00
  0.0000000E+00  4.3517660E-02  2.0306868E-02  1.3984142E-02  1.1389147E-02
  1.0249201E-02  9.9639576E-03  0.0000000E+00
  0.0000000E+00  5.9365664E-02  2.8369891E-02  2.0214191E-02  1.7186694E-02
  1.6404077E-02  1.7207291E-02  0.0000000E+00
  0.0000000E+00  8.4718361E-02  4.1849446E-02  3.1345896E-02  2.8565543E-02
  3.0017506E-02  3.4857377E-02
  0.0000000E+00  0.1285141      6.6759348E-02  5.4227162E-02  5.5812996E-02
  6.8345174E-02
  0.0000000E+00  0.2129544      0.1203789      0.1137885      0.1461229    
  0.0000000E+00  0.4052106      0.2722685      0.3531047    
  0.0000000E+00   1.000000       1.034909    
  0.0000000E+00   4.773967    
   31.94316    
   1000000.    
  0.0000000E+00  1.3818108E-02  6.0791620E-03  3.8654448E-03  2.8633298E-03
  2.3033540E-03  1.9518582E-03  1.7161849E-03
  0.0000000E+00  1.6738845E-02  7.4186726E-03  4.7638235E-03  3.5673282E-03
  2.9036158E-03  2.4937054E-03  2.2237890E-03
  0.0000000E+00  2.0586163E-02  9.2103947E-03  5.9854970E-03  4.5422502E-03
  3.7526437E-03  3.2762617E-03  2.9781449E-03
  0.0000000E+00  2.5803203E-02  1.1672878E-02  7.6976540E-03  5.9401751E-03
  5.0025182E-03  4.4667139E-03  0.0000000E+00
  0.0000000E+00  3.3064760E-02  1.5167691E-02  1.0192366E-02  8.0390777E-03
  6.9483332E-03  6.3984292E-03  0.0000000E+00
  0.0000000E+00  4.3569341E-02  2.0344445E-02  1.4009468E-02  1.1380805E-02
  1.0202438E-02  9.8328134E-03  0.0000000E+00
  0.0000000E+00  5.9431970E-02  2.8421795E-02  2.0233659E-02  1.7171921E-02
  1.6265485E-02  1.6779132E-02  0.0000000E+00
  0.0000000E+00  8.4812172E-02  4.1917615E-02  3.1362675E-02  2.8452009E-02
  2.9479302E-02  3.3044618E-02
  0.0000000E+00  0.1287139      6.6854671E-02  5.4174643E-02  5.5161651E-02
  6.5273441E-02
  0.0000000E+00  0.2131131      0.1204552      0.1130023      0.1406990    
  0.0000000E+00  0.4056804      0.2716286      0.3424313    
  0.0000000E+00   1.000000       1.011179    
  0.0000000E+00   4.706416    
   31.57418    
  1.0000000E+07
  0.0000000E+00  1.3866279E-02  6.1075580E-03  3.8827520E-03  2.8711241E-03
  2.3023256E-03  1.9418604E-03  1.6947675E-03
  0.0000000E+00  1.6792635E-02  7.4515501E-03  4.7839149E-03  3.5755811E-03
  2.9001937E-03  2.4767441E-03  2.1899224E-03
  0.0000000E+00  2.0658914E-02  9.2490306E-03  6.0087210E-03  4.5503876E-03
  3.7441861E-03  3.2480622E-03  2.9215117E-03
  0.0000000E+00  2.5881784E-02  1.1724806E-02  7.7248067E-03  5.9476746E-03
  4.9854652E-03  4.4137598E-03  0.0000000E+00
  0.0000000E+00  3.3168603E-02  1.5232558E-02  1.0222868E-02  8.0416668E-03
  6.9089150E-03  6.2916665E-03  0.0000000E+00
  0.0000000E+00  4.3701552E-02  2.0426355E-02  1.4050388E-02  1.1375969E-02
  1.0106590E-02  9.5823649E-03  0.0000000E+00
  0.0000000E+00  5.9602715E-02  2.8517440E-02  2.0281008E-02  1.7102715E-02
  1.5998062E-02  1.6056200E-02  0.0000000E+00
  0.0000000E+00  8.5058138E-02  4.2063951E-02  3.1385660E-02  2.8217053E-02
  2.8546512E-02  3.0474806E-02
  0.0000000E+00  0.1290698      6.7044571E-02  5.4040696E-02  5.3972866E-02
  6.0843024E-02
  0.0000000E+00  0.2137597      0.1206395      0.1116279      0.1325581    
  0.0000000E+00  0.4067829      0.2704457      0.3264535    
  0.0000000E+00   1.000000      0.9757752    
  0.0000000E+00   4.604651    
   31.04651    
  1.0000000E+08
  0.0000000E+00  1.3976449E-02  6.1594206E-03  3.9094202E-03  2.8795290E-03
  2.2934782E-03  1.9139494E-03  1.6476450E-03
  0.0000000E+00  1.6911233E-02  7.5090579E-03  4.8125000E-03  3.5815218E-03
  2.8831521E-03  2.4338770E-03  2.1186594E-03
  0.0000000E+00  2.0788046E-02  9.3115941E-03  6.0398551E-03  4.5516309E-03
  3.7128625E-03  3.1784421E-03  2.8070654E-03
  0.0000000E+00  2.6032612E-02  1.1793478E-02  7.7599641E-03  5.9402175E-03
  4.9293479E-03  4.2961962E-03  0.0000000E+00
  0.0000000E+00  3.3351451E-02  1.5326087E-02  1.0262681E-02  8.0172103E-03
  6.8025365E-03  6.0715582E-03  0.0000000E+00
  0.0000000E+00  4.3931164E-02  2.0543478E-02  1.4085145E-02  1.1304348E-02
  9.8913051E-03  9.1213780E-03  0.0000000E+00
  0.0000000E+00  5.9918482E-02  2.8677538E-02  2.0298913E-02  1.6929349E-02
  1.5471015E-02  1.4900363E-02  0.0000000E+00
  0.0000000E+00  8.5498191E-02  4.2264495E-02  3.1322464E-02  2.7663043E-02
  2.6947463E-02  2.6920291E-02
  0.0000000E+00  0.1297102      6.7282610E-02  5.3614132E-02  5.1847827E-02
  5.4556157E-02
  0.0000000E+00  0.2148551      0.1207428      0.1089674      0.1208333    
  0.0000000E+00  0.4084240      0.2676631      0.3028986    
  0.0000000E+00   1.000000      0.9221015    
  0.0000000E+00   4.451087    
   30.25362    
  1.0000000E+09
  0.0000000E+00  1.4304207E-02  6.3082525E-03  3.9870548E-03  2.9069579E-03
  2.2783170E-03  1.8624596E-03  1.5631068E-03
  0.0000000E+00  1.7233010E-02  7.6537221E-03  4.8818770E-03  3.5938511E-03
  2.8454692E-03  2.3495145E-03  1.9911004E-03
  0.0000000E+00  2.1124596E-02  9.4660195E-03  6.1019417E-03  4.5453073E-03
  3.6423949E-03  3.0436893E-03  2.6084143E-03
  0.0000000E+00  2.6407767E-02  1.1957929E-02  7.8155342E-03  5.9069581E-03
  4.8042075E-03  4.0744338E-03  0.0000000E+00
  0.0000000E+00  3.3786409E-02  1.5509709E-02  1.0307443E-02  7.9360846E-03
  6.5784790E-03  5.6836568E-03  0.0000000E+00
  0.0000000E+00  4.4466022E-02  2.0760518E-02  1.4110032E-02  1.1124596E-02
  9.4579291E-03  8.3737867E-03  0.0000000E+00
  0.0000000E+00  6.0606796E-02  2.8940128E-02  2.0258900E-02  1.6521037E-02
  1.4530744E-02  1.3236246E-02  0.0000000E+00
  0.0000000E+00  8.6488679E-02  4.2580906E-02  3.1100323E-02  2.6601942E-02
  2.4530746E-02  2.2588996E-02
  0.0000000E+00  0.1310680      6.7597091E-02  5.2653722E-02  4.8414238E-02
  4.6674754E-02
  0.0000000E+00  0.2169903      0.1205502      0.1044498      0.1057443    
  0.0000000E+00  0.4118123      0.2625405      0.2714401    
  0.0000000E+00   1.000000      0.8487055    
  0.0000000E+00   4.242718    
   29.32039    
  1.0000000E+10
  0.0000000E+00  1.5959732E-02  7.0872484E-03  4.4000000E-03  3.0953020E-03
  2.3194631E-03  1.8067114E-03  1.4449664E-03
  0.0000000E+00  1.8597316E-02  8.2751680E-03  5.1993290E-03  3.7140942E-03
  2.8261745E-03  2.2322149E-03  1.8067114E-03
  0.0000000E+00  2.2302013E-02  9.9731544E-03  6.3369130E-03  4.5912755E-03
  3.5449665E-03  2.8389262E-03  2.3241611E-03
  0.0000000E+00  2.7483221E-02  1.2395973E-02  7.9798661E-03  5.8644298E-03
  4.5966445E-03  3.7315437E-03  0.0000000E+00
  0.0000000E+00  3.4852348E-02  1.5906041E-02  1.0395973E-02  7.7718124E-03
  6.1939596E-03  5.1033557E-03  0.0000000E+00
  0.0000000E+00  4.5610741E-02  2.1147652E-02  1.4093960E-02  1.0758390E-02
  8.7449662E-03  7.3288595E-03  0.0000000E+00
  0.0000000E+00  6.1973155E-02  2.9342283E-02  2.0073825E-02  1.5744967E-02
  1.3120806E-02  1.1167785E-02  0.0000000E+00
  0.0000000E+00  8.8187926E-02  4.2979866E-02  3.0496646E-02  2.4818793E-02
  2.1322148E-02  1.7959733E-02
  0.0000000E+00  0.1335571      6.7852348E-02  5.0771814E-02  4.3523490E-02
  3.7946310E-02
  0.0000000E+00  0.2206711      0.1196644      9.7382545E-02  8.8255033E-02
  0.0000000E+00  0.4171141      0.2538926      0.2339597    
  0.0000000E+00   1.000000      0.7583893    
  0.0000000E+00   3.986577    
   29.14765    
  9.9999998E+10
  0.0000000E+00  2.8062439E-02  1.1189296E-02  5.9563923E-03  3.6551042E-03
  2.4459863E-03  1.7363726E-03  1.2864223E-03
  0.0000000E+00  2.8245790E-02  1.1843409E-02  6.6055497E-03  4.1962336E-03
  2.8835481E-03  2.0891973E-03  1.5723489E-03
  0.0000000E+00  2.9667988E-02  1.2918732E-02  7.5222994E-03  4.9524279E-03
  3.4965314E-03  2.5862239E-03  1.9777007E-03
  0.0000000E+00  3.3037659E-02  1.4702676E-02  8.8899899E-03  6.0455897E-03
  4.3830527E-03  3.3087216E-03  0.0000000E+00
  0.0000000E+00  3.9172448E-02  1.7641228E-02  1.0991080E-02  7.7006938E-03
  5.7185334E-03  4.3994053E-03  0.0000000E+00
  0.0000000E+00  4.9231913E-02  2.2438059E-02  1.4331021E-02  1.0307235E-02
  7.8295348E-03  6.1248760E-03  0.0000000E+00
  0.0000000E+00  6.5361746E-02  3.0292368E-02  1.9846383E-02  1.4643212E-02
  1.1367691E-02  8.9742318E-03  0.0000000E+00
  0.0000000E+00  9.1823593E-02  4.3622397E-02  2.9464817E-02  2.2378592E-02
  1.7700695E-02  1.3627354E-02
  0.0000000E+00  0.1380079      6.7938551E-02  4.7814667E-02  3.7571855E-02
  2.9474726E-02
  0.0000000E+00  0.2267592      0.1177403      8.7958373E-02  7.0664026E-02
  0.0000000E+00  0.4253717      0.2412785      0.1943509    
  0.0000000E+00   1.000000      0.6600595    
  0.0000000E+00   3.709613    
   31.48166    
  1.0000000E+12
  0.0000000E+00  5.7377052E-02  1.8573163E-02  8.3819060E-03  4.5324834E-03
  2.7465087E-03  1.7996357E-03  1.2480267E-03
  0.0000000E+00  5.8803886E-02  1.9553734E-02  9.0194298E-03  4.9666059E-03
  3.0540377E-03  2.0270187E-03  1.4207651E-03
  0.0000000E+00  6.0078930E-02  2.0783242E-02  9.8937461E-03  5.5859140E-03
  3.5063750E-03  2.3652094E-03  1.6797207E-03
  0.0000000E+00  6.1232541E-02  2.2380084E-02  1.1126291E-02  6.4905891E-03
  4.1803275E-03  2.8752277E-03  0.0000000E+00
  0.0000000E+00  6.3114755E-02  2.4663024E-02  1.2938676E-02  7.8536738E-03
  5.2094716E-03  3.6612020E-03  0.0000000E+00
  0.0000000E+00  6.7911357E-02  2.8306011E-02  1.5758956E-02  9.9939276E-03
  6.8366728E-03  4.9058897E-03  0.0000000E+00
  0.0000000E+00  7.9204619E-02  3.4638736E-02  2.0400729E-02  1.3509411E-02
  9.5203407E-03  6.9186403E-03  0.0000000E+00
  0.0000000E+00  0.1024894      4.6235580E-02  2.8585307E-02  1.9675165E-02
  1.4156042E-02  1.0003036E-02
  0.0000000E+00  0.1474196      6.8579234E-02  4.4201575E-02  3.1360049E-02
  2.2161506E-02
  0.0000000E+00  0.2366727      0.1147541      7.7200972E-02  5.4766245E-02
  0.0000000E+00  0.4365513      0.2251973      0.1568306    
  0.0000000E+00   1.000000      0.5625380    
  0.0000000E+00   3.436551    
   32.81725    
  9.9999998E+12
  0.0000000E+00  0.1098484      3.3996381E-02  1.4744748E-02  7.6950896E-03
  4.5207958E-03  2.8807900E-03  1.9474196E-03
  0.0000000E+00  0.1053693      3.2758381E-02  1.4257894E-02  7.4739181E-03
  4.4053416E-03  2.8154124E-03  1.9084712E-03
  0.0000000E+00  0.1039783      3.2549728E-02  1.4271804E-02  7.5226040E-03
  4.4581997E-03  2.8627070E-03  1.9474196E-03
  0.0000000E+00  0.1060509      3.3579078E-02  1.4869940E-02  7.9190433E-03
  4.7322297E-03  3.0588398E-03  0.0000000E+00
  0.0000000E+00  0.1112116      3.5915982E-02  1.6191402E-02  8.7536518E-03
  5.2969814E-03  3.4594520E-03  0.0000000E+00
  0.0000000E+00  0.1189595      3.9769091E-02  1.8458756E-02  1.0212825E-02
  6.2971208E-03  4.1660871E-03  0.0000000E+00
  0.0000000E+00  0.1294617      4.5736540E-02  2.2214495E-02  1.2720823E-02
  8.0400612E-03  5.3790514E-03  0.0000000E+00
  0.0000000E+00  0.1460565      5.5668380E-02  2.8766170E-02  1.7206844E-02
  1.1137850E-02  7.2708302E-03
  0.0000000E+00  0.1804145      7.4238420E-02  4.1146193E-02  2.5664208E-02
  1.6386146E-02
  0.0000000E+00  0.2605369      0.1134928      6.6782586E-02  4.1744333E-02
  0.0000000E+00  0.4547225      0.2076784      0.1245236    
  0.0000000E+00   1.000000      0.4736403    
  0.0000000E+00   3.186813    
   32.56364    
  1.0000000E+14
  0.0000000E+00  0.1992931      6.1205823E-02  2.6332641E-02  1.3646569E-02
  7.9584196E-03  5.0353426E-03  3.3808732E-03
  0.0000000E+00  0.2199169      6.7609146E-02  2.9110188E-02  1.5093555E-02
  8.8066524E-03  5.5717258E-03  3.7417880E-03
  0.0000000E+00  0.2247817      6.9189191E-02  2.9833680E-02  1.5488565E-02
  9.0436591E-03  5.7255719E-03  3.8436591E-03
  0.0000000E+00  0.2148441      6.6278584E-02  2.8644489E-02  1.4902287E-02
  8.7151770E-03  5.5218297E-03  0.0000000E+00
  0.0000000E+00  0.2004574      6.2079001E-02  2.6927236E-02  1.4054053E-02
  8.2411645E-03  5.2307695E-03  0.0000000E+00
  0.0000000E+00  0.1927235      6.0083162E-02  2.6228691E-02  1.3767151E-02
  8.1039499E-03  5.1476094E-03  0.0000000E+00
  0.0000000E+00  0.1975884      6.2328484E-02  2.7521828E-02  1.4582120E-02
  8.6361747E-03  5.4636179E-03  0.0000000E+00
  0.0000000E+00  0.2176299      7.0187107E-02  3.1613305E-02  1.7010394E-02
  1.0124740E-02  6.1746361E-03
  0.0000000E+00  0.2565904      8.6237013E-02  4.0253639E-02  2.2128899E-02
  1.2864865E-02
  0.0000000E+00  0.3297297      0.1185447      5.8336798E-02  3.2058213E-02
  0.0000000E+00  0.4989605      0.1931393      9.8170482E-02
  0.0000000E+00   1.000000      0.3947609    
  0.0000000E+00   2.936798    
   31.83784    
