   100.0000    
  0.0000000E+00  1.3734940E-02  6.0454127E-03  3.8563486E-03  2.8730307E-03
  2.3308620E-03  1.9990732E-03  1.7859130E-03
  0.0000000E+00  1.6626507E-02  7.3753474E-03  4.7525489E-03  3.5810939E-03
  2.9434662E-03  2.5616311E-03  2.3271549E-03
  0.0000000E+00  2.0444857E-02  9.1538467E-03  5.9721968E-03  4.5634848E-03
  3.8118630E-03  3.3799815E-03  3.1417981E-03
  0.0000000E+00  2.5607046E-02  1.1603337E-02  7.6830396E-03  5.9768306E-03
  5.0973129E-03  4.6385545E-03  0.0000000E+00
  0.0000000E+00  3.2798890E-02  1.5069509E-02  1.0176090E-02  8.1047267E-03
  7.1139946E-03  6.7154774E-03  0.0000000E+00
  0.0000000E+00  4.3197408E-02  2.0213161E-02  1.4003707E-02  1.1510658E-02
  1.0537535E-02  1.0518999E-02  0.0000000E+00
  0.0000000E+00  5.8915667E-02  2.8248381E-02  2.0268768E-02  1.7469881E-02
  1.7062096E-02  1.8721038E-02  0.0000000E+00
  0.0000000E+00  8.4059320E-02  4.1705284E-02  3.1529196E-02  2.9304912E-02
  3.2075997E-02  4.0936053E-02
  0.0000000E+00  0.1275255      6.6626504E-02  5.4921225E-02  5.8572758E-02
  7.8739576E-02
  0.0000000E+00  0.2113068      0.1206673      0.1173309      0.1650603    
  0.0000000E+00  0.4027804      0.2763670      0.3907322    
  0.0000000E+00   1.000000       1.120482    
  0.0000000E+00   5.017609    
   33.22521    
   1000.000    
  0.0000000E+00  1.3721145E-02  6.0424744E-03  3.8550324E-03  2.8725760E-03
  2.3314864E-03  1.9999999E-03  1.7857802E-03
  0.0000000E+00  1.6611263E-02  7.3711909E-03  4.7516157E-03  3.5807940E-03
  2.9436748E-03  2.5614034E-03  2.3268696E-03
  0.0000000E+00  2.0424746E-02  9.1486610E-03  5.9704524E-03  4.5632501E-03
  3.8116341E-03  3.3804248E-03  3.1412742E-03
  0.0000000E+00  2.5577098E-02  1.1588180E-02  7.6814396E-03  5.9769158E-03
  5.0978758E-03  4.6380423E-03  0.0000000E+00
  0.0000000E+00  3.2770082E-02  1.5069252E-02  1.0175439E-02  8.1052631E-03
  7.1144965E-03  6.7137582E-03  0.0000000E+00
  0.0000000E+00  4.3157890E-02  2.0203140E-02  1.3998154E-02  1.1514312E-02
  1.0535548E-02  1.0517081E-02  0.0000000E+00
  0.0000000E+00  5.8855027E-02  2.8236380E-02  2.0267773E-02  1.7469991E-02
  1.7054478E-02  1.8679593E-02  0.0000000E+00
  0.0000000E+00  8.3979681E-02  4.1680515E-02  3.1532779E-02  2.9298244E-02
  3.2022160E-02  4.0581714E-02
  0.0000000E+00  0.1274238      6.6602029E-02  5.4912280E-02  5.8513384E-02
  7.8171737E-02
  0.0000000E+00  0.2111727      0.1205909      0.1172668      0.1640812    
  0.0000000E+00  0.4024931      0.2762696      0.3888273    
  0.0000000E+00   1.000000       1.116343    
  0.0000000E+00   5.004617    
   33.14866    
   10000.00    
  0.0000000E+00  1.3730522E-02  6.0476623E-03  3.8597614E-03  2.8762601E-03
  2.3336390E-03  2.0009165E-03  1.7855178E-03
  0.0000000E+00  1.6617782E-02  7.3776352E-03  4.7571035E-03  3.5857009E-03
  2.9468378E-03  2.5627862E-03  2.3263062E-03
  0.0000000E+00  2.0430798E-02  9.1567365E-03  5.9770849E-03  4.5692022E-03
  3.8157653E-03  3.3822178E-03  3.1384050E-03
  0.0000000E+00  2.5591200E-02  1.1604032E-02  7.6901927E-03  5.9835012E-03
  5.1026582E-03  4.6379468E-03  0.0000000E+00
  0.0000000E+00  3.2786433E-02  1.5077909E-02  1.0192484E-02  8.1136571E-03
  7.1191564E-03  6.7094406E-03  0.0000000E+00
  0.0000000E+00  4.3180566E-02  2.0219982E-02  1.4014665E-02  1.1521540E-02
  1.0540788E-02  1.0494959E-02  0.0000000E+00
  0.0000000E+00  5.8881756E-02  2.8258478E-02  2.0293308E-02  1.7479375E-02
  1.7039413E-02  1.8560952E-02  0.0000000E+00
  0.0000000E+00  8.4014662E-02  4.1723188E-02  3.1558204E-02  2.9303389E-02
  3.1897340E-02  3.9697524E-02
  0.0000000E+00  0.1274977      6.6663615E-02  5.4949589E-02  5.8377631E-02
  7.6746099E-02
  0.0000000E+00  0.2112741      0.1207149      0.1172319      0.1616865    
  0.0000000E+00  0.4027498      0.2763520      0.3842346    
  0.0000000E+00   1.000000       1.106324    
  0.0000000E+00   4.977085    
   33.00642    
   100000.0    
  0.0000000E+00  1.3727437E-02  6.0514435E-03  3.8637181E-03  2.8790613E-03
  2.3348373E-03  1.9999999E-03  1.7815883E-03
  0.0000000E+00  1.6615523E-02  7.3817684E-03  4.7608302E-03  3.5884476E-03
  2.9476532E-03  2.5604691E-03  2.3185920E-03
  0.0000000E+00  2.0424187E-02  9.1606500E-03  5.9819492E-03  4.5722020E-03
  3.8158842E-03  3.3763538E-03  3.1245486E-03
  0.0000000E+00  2.5586642E-02  1.1606498E-02  7.6958481E-03  5.9873643E-03
  5.1001804E-03  4.6272562E-03  0.0000000E+00
  0.0000000E+00  3.2779779E-02  1.5090252E-02  1.0198556E-02  8.1173275E-03
  7.1128155E-03  6.6832127E-03  0.0000000E+00
  0.0000000E+00  4.3176893E-02  2.0234656E-02  1.4025270E-02  1.1525271E-02
  1.0514440E-02  1.0415162E-02  0.0000000E+00
  0.0000000E+00  5.8880866E-02  2.8276172E-02  2.0297833E-02  1.7472923E-02
  1.6967509E-02  1.8285198E-02  0.0000000E+00
  0.0000000E+00  8.4016241E-02  4.1741874E-02  3.1570394E-02  2.9241877E-02
  3.1552345E-02  3.8176894E-02
  0.0000000E+00  0.1274368      6.6696748E-02  5.4927796E-02  5.7987362E-02
  7.4223824E-02
  0.0000000E+00  0.2112816      0.1207581      0.1167870      0.1572202    
  0.0000000E+00  0.4027978      0.2759025      0.3758123    
  0.0000000E+00   1.000000       1.087545    
  0.0000000E+00   4.923285    
   32.70758    
   1000000.    
  0.0000000E+00  1.3740122E-02  6.0632131E-03  3.8718171E-03  2.8841088E-03
  2.3362597E-03  1.9964881E-03  1.7717296E-03
  0.0000000E+00  1.6637400E-02  7.3959613E-03  4.7717295E-03  3.5943808E-03
  2.9481999E-03  2.5539945E-03  2.3020192E-03
  0.0000000E+00  2.0447761E-02  9.1747148E-03  5.9947320E-03  4.5785778E-03
  3.8147497E-03  3.3643546E-03  3.0956978E-03
  0.0000000E+00  2.5610184E-02  1.1633011E-02  7.7111498E-03  5.9938543E-03
  5.0956979E-03  4.6031605E-03  0.0000000E+00
  0.0000000E+00  3.2809481E-02  1.5109744E-02  1.0210711E-02  8.1237927E-03
  7.0974533E-03  6.6286214E-03  0.0000000E+00
  0.0000000E+00  4.3213345E-02  2.0272167E-02  1.4047409E-02  1.1527656E-02
  1.0474100E-02  1.0272169E-02  0.0000000E+00
  0.0000000E+00  5.8928885E-02  2.8323090E-02  2.0333625E-02  1.7453907E-02
  1.6821774E-02  1.7778752E-02  0.0000000E+00
  0.0000000E+00  8.4091306E-02  4.1808601E-02  3.1597890E-02  2.9130816E-02
  3.0939421E-02  3.5970148E-02
  0.0000000E+00  0.1275680      6.6795431E-02  5.4872692E-02  5.7243191E-02
  7.0509210E-02
  0.0000000E+00  0.2115013      0.1208077      0.1159789      0.1505707    
  0.0000000E+00  0.4031607      0.2751536      0.3629499    
  0.0000000E+00   1.000000       1.059701    
  0.0000000E+00   4.841089    
   32.27392    
  1.0000000E+07
  0.0000000E+00  1.3790795E-02  6.0912133E-03  3.8895397E-03  2.8928870E-03
  2.3364017E-03  1.9857739E-03  1.7489539E-03
  0.0000000E+00  1.6686192E-02  7.4284514E-03  4.7916318E-03  3.6041839E-03
  2.9456066E-03  2.5372384E-03  2.2661088E-03
  0.0000000E+00  2.0510459E-02  9.2133889E-03  6.0184100E-03  4.5882841E-03
  3.8066944E-03  3.3338910E-03  3.0334727E-03
  0.0000000E+00  2.5682008E-02  1.1673640E-02  7.7397483E-03  6.0025104E-03
  5.0778245E-03  4.5464435E-03  0.0000000E+00
  0.0000000E+00  3.2903764E-02  1.5171548E-02  1.0251046E-02  8.1280330E-03
  7.0560668E-03  6.5104603E-03  0.0000000E+00
  0.0000000E+00  4.3330543E-02  2.0343095E-02  1.4092050E-02  1.1514644E-02
  1.0368201E-02  9.9916318E-03  0.0000000E+00
  0.0000000E+00  5.9087865E-02  2.8426778E-02  2.0376569E-02  1.7389121E-02
  1.6527196E-02  1.6953975E-02  0.0000000E+00
  0.0000000E+00  8.4351465E-02  4.1958157E-02  3.1623431E-02  2.8861923E-02
  2.9857740E-02  3.2903764E-02
  0.0000000E+00  0.1279498      6.6987447E-02  5.4736398E-02  5.5899583E-02
  6.5238491E-02
  0.0000000E+00  0.2120502      0.1210042      0.1143933      0.1410879    
  0.0000000E+00  0.4041841      0.2737238      0.3441841    
  0.0000000E+00   1.000000       1.016736    
  0.0000000E+00   4.721339    
   31.64017    
  1.0000000E+08
  0.0000000E+00  1.3909020E-02  6.1511174E-03  3.9228993E-03  2.9059367E-03
  2.3299921E-03  1.9591365E-03  1.7000771E-03
  0.0000000E+00  1.6815729E-02  7.4949879E-03  4.8280647E-03  3.6152659E-03
  2.9313799E-03  2.4942174E-03  2.1904395E-03
  0.0000000E+00  2.0655358E-02  9.2906710E-03  6.0593677E-03  4.5967619E-03
  3.7794909E-03  3.2636854E-03  2.9105628E-03
  0.0000000E+00  2.5859674E-02  1.1765612E-02  7.7872011E-03  6.0038548E-03
  5.0254432E-03  4.4232844E-03  0.0000000E+00
  0.0000000E+00  3.3114880E-02  1.5281418E-02  1.0300694E-02  8.1110252E-03
  6.9514266E-03  6.2767928E-03  0.0000000E+00
  0.0000000E+00  4.3600615E-02  2.0493446E-02  1.4148033E-02  1.1464919E-02
  1.0146492E-02  9.4834231E-03  0.0000000E+00
  0.0000000E+00  5.9452582E-02  2.8612180E-02  2.0424055E-02  1.7216654E-02
  1.5959907E-02  1.5651504E-02  0.0000000E+00
  0.0000000E+00  8.4811106E-02  4.2212799E-02  3.1603701E-02  2.8296066E-02
  2.8087895E-02  2.8774094E-02
  0.0000000E+00  0.1287587      6.7309171E-02  5.4340787E-02  5.3577486E-02
  5.7987664E-02
  0.0000000E+00  0.2133385      0.1212028      0.1115652      0.1276022    
  0.0000000E+00  0.4063223      0.2709329      0.3171935    
  0.0000000E+00   1.000000      0.9560524    
  0.0000000E+00   4.547417    
   30.74017    
  1.0000000E+09
  0.0000000E+00  1.4241612E-02  6.3046981E-03  4.0060403E-03  2.9375840E-03
  2.3161073E-03  1.9053691E-03  1.6093961E-03
  0.0000000E+00  1.7140940E-02  7.6442952E-03  4.9013421E-03  3.6302013E-03
  2.8926174E-03  2.4046979E-03  2.0516780E-03
  0.0000000E+00  2.0993290E-02  9.4496645E-03  6.1255032E-03  4.5919460E-03
  3.7053693E-03  3.1187921E-03  2.6932887E-03
  0.0000000E+00  2.6234899E-02  1.1932886E-02  7.8456383E-03  5.9697987E-03
  4.8926175E-03  4.1825506E-03  0.0000000E+00
  0.0000000E+00  3.3543624E-02  1.5469799E-02  1.0348993E-02  8.0268458E-03
  6.7114094E-03  5.8516781E-03  0.0000000E+00
  0.0000000E+00  4.4134229E-02  2.0711409E-02  1.4174497E-02  1.1275168E-02
  9.6778525E-03  8.6577181E-03  0.0000000E+00
  0.0000000E+00  6.0140941E-02  2.8885905E-02  2.0389261E-02  1.6785236E-02
  1.4932887E-02  1.3785236E-02  0.0000000E+00
  0.0000000E+00  8.5771814E-02  4.2536914E-02  3.1355705E-02  2.7140941E-02
  2.5395975E-02  2.3812082E-02
  0.0000000E+00  0.1301342      6.7651011E-02  5.3302012E-02  4.9785234E-02
  4.8986576E-02
  0.0000000E+00  0.2155033      0.1209396      0.1065101      0.1103356    
  0.0000000E+00  0.4096645      0.2653020      0.2816107    
  0.0000000E+00   1.000000      0.8731544    
  0.0000000E+00   4.311409    
   29.67114    
  1.0000000E+10
  0.0000000E+00  1.5965756E-02  7.1428572E-03  4.4601387E-03  3.1519528E-03
  2.3713214E-03  1.8539326E-03  1.4874265E-03
  0.0000000E+00  1.8566078E-02  8.3146067E-03  5.2536111E-03  3.7720706E-03
  2.8838948E-03  2.2878544E-03  1.8592831E-03
  0.0000000E+00  2.2231139E-02  9.9999998E-03  6.3884426E-03  4.6548955E-03
  3.6131623E-03  2.9074370E-03  2.3921884E-03
  0.0000000E+00  2.7372926E-02  1.2413055E-02  8.0310330E-03  5.9390049E-03
  4.6832529E-03  3.8229001E-03  0.0000000E+00
  0.0000000E+00  3.4686998E-02  1.5917601E-02  1.0465490E-02  7.8705186E-03
  6.3135363E-03  5.2359551E-03  0.0000000E+00
  0.0000000E+00  4.5377206E-02  2.1155698E-02  1.4194757E-02  1.0909577E-02
  8.9299083E-03  7.5387903E-03  0.0000000E+00
  0.0000000E+00  6.1637234E-02  2.9352594E-02  2.0230068E-02  1.5987158E-02
  1.3434991E-02  1.1540931E-02  0.0000000E+00
  0.0000000E+00  8.7747455E-02  4.3028358E-02  3.0775815E-02  2.5280898E-02
  2.1936864E-02  1.8694488E-02
  0.0000000E+00  0.1328518      6.8004273E-02  5.1385764E-02  4.4558588E-02
  3.9379347E-02
  0.0000000E+00  0.2196897      0.1202247      9.9090420E-02  9.1278762E-02
  0.0000000E+00  0.4157838      0.2563938      0.2407704    
  0.0000000E+00   1.000000      0.7758159    
  0.0000000E+00   4.035848    
   29.47566    
  9.9999998E+10
  0.0000000E+00  2.8649148E-02  1.1484087E-02  6.1250925E-03  3.7601776E-03
  2.5177647E-03  1.7883049E-03  1.3260547E-03
  0.0000000E+00  2.8623242E-02  1.2087342E-02  6.7579569E-03  4.3005180E-03
  2.9585492E-03  2.1458177E-03  1.6169504E-03
  0.0000000E+00  2.9855663E-02  1.3108809E-02  7.6646926E-03  5.0555146E-03
  3.5766098E-03  2.6498889E-03  2.0296078E-03
  0.0000000E+00  3.3079199E-02  1.4840858E-02  9.0192454E-03  6.1547002E-03
  4.4744634E-03  3.3841599E-03  0.0000000E+00
  0.0000000E+00  3.9119173E-02  1.7738711E-02  1.1113990E-02  7.8164320E-03
  5.8253142E-03  4.4966694E-03  0.0000000E+00
  0.0000000E+00  4.9074758E-02  2.2505552E-02  1.4459659E-02  1.0451517E-02
  7.9755737E-03  6.2583270E-03  0.0000000E+00
  0.0000000E+00  6.5099925E-02  3.0355293E-02  2.0007402E-02  1.4844559E-02
  1.1584012E-02  9.1931904E-03  0.0000000E+00
  0.0000000E+00  9.1413766E-02  4.3708365E-02  2.9718727E-02  2.2716505E-02
  1.8079201E-02  1.4019244E-02
  0.0000000E+00  0.1374537      6.8097703E-02  4.8297558E-02  3.8230941E-02
  3.0255368E-02
  0.0000000E+00  0.2259437      0.1182457      8.9156181E-02  7.2316803E-02
  0.0000000E+00  0.4245004      0.2432272      0.1983346    
  0.0000000E+00   1.000000      0.6709844    
  0.0000000E+00   3.737972    
   31.73575    
  1.0000000E+12
  0.0000000E+00  5.9364751E-02  1.9237705E-02  8.6864755E-03  4.7008195E-03
  2.8504098E-03  1.8690573E-03  1.2969262E-03
  0.0000000E+00  6.0471307E-02  2.0135244E-02  9.2930328E-03  5.1209014E-03
  3.1516394E-03  2.0942623E-03  1.4684426E-03
  0.0000000E+00  6.1434429E-02  2.1290982E-02  1.0147541E-02  5.7336064E-03
  3.6024591E-03  2.4323771E-03  1.7284836E-03
  0.0000000E+00  6.2254097E-02  2.2827867E-02  1.1364754E-02  6.6372952E-03
  4.2766393E-03  2.9446722E-03  0.0000000E+00
  0.0000000E+00  6.3770488E-02  2.5040982E-02  1.3170082E-02  8.0040982E-03
  5.3135245E-03  3.7418031E-03  0.0000000E+00
  0.0000000E+00  6.8155736E-02  2.8627047E-02  1.5985655E-02  1.0155737E-02
  6.9590164E-03  5.0020493E-03  0.0000000E+00
  0.0000000E+00  7.9139344E-02  3.4877047E-02  2.0635245E-02  1.3702868E-02
  9.6762292E-03  7.0491801E-03  0.0000000E+00
  0.0000000E+00  0.1022131      4.6434425E-02  2.8852457E-02  1.9934425E-02
  1.4389344E-02  1.0204918E-02
  0.0000000E+00  0.1469672      6.8790980E-02  4.4590164E-02  3.1782787E-02
  2.2581968E-02
  0.0000000E+00  0.2360656      0.1152254      7.8032784E-02  5.5676229E-02
  0.0000000E+00  0.4358607      0.2266393      0.1590779    
  0.0000000E+00   1.000000      0.5688524    
  0.0000000E+00   3.454918    
   32.86885    
  9.9999998E+12
  0.0000000E+00  0.1163017      3.6025949E-02  1.5628548E-02  8.1670722E-03
  4.8021087E-03  3.0624494E-03  2.0721816E-03
  0.0000000E+00  0.1104623      3.4363341E-02  1.4979725E-02  7.8588808E-03
  4.6374695E-03  2.9675588E-03  2.0129764E-03
  0.0000000E+00  0.1078670      3.3811841E-02  1.4841849E-02  7.8353612E-03
  4.6496349E-03  2.9894565E-03  2.0356853E-03
  0.0000000E+00  0.1090024      3.4566101E-02  1.5336578E-02  8.1751822E-03
  4.8945658E-03  3.1695052E-03  0.0000000E+00
  0.0000000E+00  0.1133820      3.6699109E-02  1.6577452E-02  8.9781024E-03
  5.4428224E-03  3.5604215E-03  0.0000000E+00
  0.0000000E+00  0.1205191      4.0405516E-02  1.8791566E-02  1.0421735E-02
  6.4387671E-03  4.2676399E-03  0.0000000E+00
  0.0000000E+00  0.1304947      4.6293594E-02  2.2538522E-02  1.2935928E-02
  8.1914030E-03  5.4914844E-03  0.0000000E+00
  0.0000000E+00  0.1464720      5.6171935E-02  2.9115977E-02  1.7453365E-02
  1.1321979E-02  7.4071367E-03
  0.0000000E+00  0.1801298      7.4720189E-02  4.1573398E-02  2.6001621E-02
  1.6650446E-02
  0.0000000E+00  0.2598540      0.1140308      6.7437142E-02  4.2311434E-02
  0.0000000E+00  0.4539335      0.2087591      0.1259530    
  0.0000000E+00   1.000000      0.4776967    
  0.0000000E+00   3.197080    
   32.56285    
  1.0000000E+14
  0.0000000E+00  0.2073761      6.3704155E-02  2.7428456E-02  1.4224103E-02
  8.3010886E-03  5.2559450E-03  3.5308343E-03
  0.0000000E+00  0.2299476      7.0777915E-02  3.0511891E-02  1.5830310E-02
  9.2462711E-03  5.8565093E-03  3.9359131E-03
  0.0000000E+00  0.2353890      7.2531238E-02  3.1297863E-02  1.6271666E-02
  9.5122932E-03  6.0298266E-03  4.0507861E-03
  0.0000000E+00  0.2245062      6.9347039E-02  3.0008063E-02  1.5630795E-02
  9.1555826E-03  5.8101574E-03  0.0000000E+00
  0.0000000E+00  0.2081822      6.4590894E-02  2.8073357E-02  1.4675534E-02
  8.6215241E-03  5.4796454E-03  0.0000000E+00
  0.0000000E+00  0.1983474      6.1970979E-02  2.7126158E-02  1.4270456E-02
  8.4220078E-03  5.3607421E-03  0.0000000E+00
  0.0000000E+00  0.2012898      6.3684002E-02  2.8214429E-02  1.4993954E-02
  8.9076990E-03  5.6549776E-03  0.0000000E+00
  0.0000000E+00  0.2198710      7.1160823E-02  3.2184605E-02  1.7388150E-02
  1.0388955E-02  6.3583236E-03
  0.0000000E+00  0.2577590      8.7081827E-02  4.0830310E-02  2.2551391E-02
  1.3162032E-02
  0.0000000E+00  0.3301088      0.1195083      5.9109233E-02  3.2607820E-02
  0.0000000E+00  0.4985893      0.1946393      9.9496171E-02
  0.0000000E+00   1.000000      0.3986296    
  0.0000000E+00   2.946393    
   31.82185    
