   100.0000    
  0.0000000E+00  1.3944829E-02  6.0855174E-03  3.8248275E-03  2.7944827E-03
  2.2137931E-03  1.8455173E-03  1.5944828E-03
  0.0000000E+00  1.6924139E-02  7.4344827E-03  4.7172415E-03  3.4813792E-03
  2.7862070E-03  2.3503448E-03  2.0579312E-03
  0.0000000E+00  2.0855173E-02  9.2399996E-03  5.9268968E-03  4.4275862E-03
  3.5931035E-03  3.0758621E-03  2.7406898E-03
  0.0000000E+00  2.6179310E-02  1.1720000E-02  7.6206899E-03  5.7806899E-03
  4.7737928E-03  4.1710348E-03  0.0000000E+00
  0.0000000E+00  3.3599999E-02  1.5241380E-02  1.0081380E-02  7.8013800E-03
  6.5944828E-03  5.9268968E-03  0.0000000E+00
  0.0000000E+00  4.4303447E-02  2.0441379E-02  1.3834484E-02  1.0997241E-02
  9.6110348E-03  9.0055177E-03  0.0000000E+00
  0.0000000E+00  6.0496554E-02  2.8524138E-02  1.9917240E-02  1.6468966E-02
  1.5131035E-02  1.5158621E-02  0.0000000E+00
  0.0000000E+00  8.6358629E-02  4.1999999E-02  3.0675864E-02  2.6979312E-02
  2.6965519E-02  2.9682759E-02
  0.0000000E+00  0.1309655      6.6717245E-02  5.2441381E-02  5.1255174E-02
  5.8841381E-02
  0.0000000E+00  0.2166897      0.1192690      0.1071862      0.1276552    
  0.0000000E+00  0.4106207      0.2638621      0.3140690    
  0.0000000E+00   1.000000      0.9422069    
  0.0000000E+00   4.511724    
   30.59310    
   1000.000    
  0.0000000E+00  1.3953169E-02  6.0854000E-03  3.8264464E-03  2.7961433E-03
  2.2148760E-03  1.8457300E-03  1.5950414E-03
  0.0000000E+00  1.6928375E-02  7.4366392E-03  4.7190087E-03  3.4820938E-03
  2.7878787E-03  2.3512396E-03  2.0578513E-03
  0.0000000E+00  2.0853994E-02  9.2410473E-03  5.9283748E-03  4.4283750E-03
  3.5936642E-03  3.0771352E-03  2.7396695E-03
  0.0000000E+00  2.6170801E-02  1.1721764E-02  7.6225898E-03  5.7823691E-03
  4.7741048E-03  4.1707992E-03  0.0000000E+00
  0.0000000E+00  3.3595044E-02  1.5234160E-02  1.0084023E-02  7.8044082E-03
  6.5964186E-03  5.9256200E-03  0.0000000E+00
  0.0000000E+00  4.4311296E-02  2.0440770E-02  1.3829201E-02  1.1001377E-02
  9.6115703E-03  9.0013780E-03  0.0000000E+00
  0.0000000E+00  6.0482092E-02  2.8526172E-02  1.9917356E-02  1.6473830E-02
  1.5137741E-02  1.5137741E-02  0.0000000E+00
  0.0000000E+00  8.6349867E-02  4.1997246E-02  3.0688707E-02  2.6969697E-02
  2.6942151E-02  2.9531680E-02
  0.0000000E+00  0.1309642      6.6721767E-02  5.2451793E-02  5.1239673E-02
  5.8608815E-02
  0.0000000E+00  0.2166667      0.1192975      0.1071763      0.1272452    
  0.0000000E+00  0.4106061      0.2639118      0.3133609    
  0.0000000E+00   1.000000      0.9406337    
  0.0000000E+00   4.506887    
   30.57851    
   10000.00    
  0.0000000E+00  1.3954447E-02  6.0880897E-03  3.8282110E-03  2.7963778E-03
  2.2145994E-03  1.8454994E-03  1.5930297E-03
  0.0000000E+00  1.6931944E-02  7.4396268E-03  4.7200876E-03  3.4824370E-03
  2.7881449E-03  2.3504391E-03  2.0554336E-03
  0.0000000E+00  2.0856204E-02  9.2453351E-03  5.9316684E-03  4.4305706E-03
  3.5935787E-03  3.0749177E-03  2.7346325E-03
  0.0000000E+00  2.6180023E-02  1.1724752E-02  7.6262350E-03  5.7834801E-03
  4.7736005E-03  4.1671242E-03  0.0000000E+00
  0.0000000E+00  3.3603184E-02  1.5244237E-02  1.0087815E-02  7.8046103E-03
  6.5944022E-03  5.9165754E-03  0.0000000E+00
  0.0000000E+00  4.4319432E-02  2.0444566E-02  1.3830955E-02  1.1001647E-02
  9.6048294E-03  8.9791436E-03  0.0000000E+00
  0.0000000E+00  6.0496710E-02  2.8540066E-02  1.9923162E-02  1.6465422E-02
  1.5107025E-02  1.5052141E-02  0.0000000E+00
  0.0000000E+00  8.6361140E-02  4.2014267E-02  3.0694293E-02  2.6962129E-02
  2.6838640E-02  2.9088913E-02
  0.0000000E+00  0.1309824      6.6739842E-02  5.2442368E-02  5.1111415E-02
  5.7862237E-02
  0.0000000E+00  0.2166575      0.1193194      0.1070527      0.1259468    
  0.0000000E+00  0.4106751      0.2638584      0.3107848    
  0.0000000E+00   1.000000      0.9350988    
  0.0000000E+00   4.490944    
   30.48848    
   100000.0    
  0.0000000E+00  1.3956971E-02  6.0934094E-03  3.8316993E-03  2.7982024E-03
  2.2140522E-03  1.8436818E-03  1.5890523E-03
  0.0000000E+00  1.6938997E-02  7.4441722E-03  4.7235838E-03  3.4844771E-03
  2.7873092E-03  2.3461329E-03  2.0479301E-03
  0.0000000E+00  2.0874184E-02  9.2510888E-03  5.9354575E-03  4.4321893E-03
  3.5920478E-03  3.0691721E-03  2.7246731E-03
  0.0000000E+00  2.6198257E-02  1.1733388E-02  7.6307189E-03  5.7843132E-03
  4.7698799E-03  4.1557737E-03  0.0000000E+00
  0.0000000E+00  3.3619281E-02  1.5250545E-02  1.0092592E-02  7.8050103E-03
  6.5849675E-03  5.8959695E-03  0.0000000E+00
  0.0000000E+00  4.4335511E-02  2.0452069E-02  1.3848039E-02  1.0998094E-02
  9.5860558E-03  8.9270156E-03  0.0000000E+00
  0.0000000E+00  6.0525596E-02  2.8553922E-02  1.9934639E-02  1.6448801E-02
  1.5059913E-02  1.4882897E-02  0.0000000E+00
  0.0000000E+00  8.6397059E-02  4.2034313E-02  3.0691721E-02  2.6906317E-02
  2.6620371E-02  2.8308824E-02
  0.0000000E+00  0.1310321      6.6775598E-02  5.2410129E-02  5.0857838E-02
  5.6549560E-02
  0.0000000E+00  0.2167756      0.1193491      0.1067402      0.1236111    
  0.0000000E+00  0.4108115      0.2634804      0.3062364    
  0.0000000E+00   1.000000      0.9249728    
  0.0000000E+00   4.462146    
   30.33769    
   1000000.    
  0.0000000E+00  1.3976906E-02  6.1036516E-03  3.8372718E-03  2.8007519E-03
  2.2140171E-03  1.8380773E-03  1.5802900E-03
  0.0000000E+00  1.6957572E-02  7.4570356E-03  4.7301287E-03  3.4868419E-03
  2.7846401E-03  2.3388828E-03  2.0341030E-03
  0.0000000E+00  2.0891516E-02  9.2655746E-03  5.9425347E-03  4.4334047E-03
  3.5875402E-03  3.0558538E-03  2.7013964E-03
  0.0000000E+00  2.6221804E-02  1.1750805E-02  7.6396349E-03  5.7854457E-03
  4.7610095E-03  4.1339956E-03  0.0000000E+00
  0.0000000E+00  3.3646617E-02  1.5279270E-02  1.0103384E-02  7.8034373E-03
  6.5668635E-03  5.8512352E-03  0.0000000E+00
  0.0000000E+00  4.4374328E-02  2.0488722E-02  1.3856068E-02  1.0989527E-02
  9.5435008E-03  8.8238446E-03  0.0000000E+00
  0.0000000E+00  6.0580023E-02  2.8584855E-02  1.9938238E-02  1.6420515E-02
  1.4943609E-02  1.4581096E-02  0.0000000E+00
  0.0000000E+00  8.6493015E-02  4.2091839E-02  3.0692803E-02  2.6799140E-02
  2.6235230E-02  2.7121374E-02
  0.0000000E+00  0.1311762      6.6836737E-02  5.2349623E-02  5.0349087E-02
  5.4524705E-02
  0.0000000E+00  0.2169710      0.1193878      0.1061493      0.1199517    
  0.0000000E+00  0.4112513      0.2628894      0.2990064    
  0.0000000E+00   1.000000      0.9088346    
  0.0000000E+00   4.415950    
   30.08861    
  1.0000000E+07
  0.0000000E+00  1.4025669E-02  6.1249346E-03  3.8488738E-03  2.8038241E-03
  2.2092718E-03  1.8268728E-03  1.5610267E-03
  0.0000000E+00  1.7011525E-02  7.4816658E-03  4.7433213E-03  3.4900471E-03
  2.7776323E-03  2.3218964E-03  2.0049766E-03
  0.0000000E+00  2.0953380E-02  9.2954431E-03  5.9573073E-03  4.4342587E-03
  3.5751704E-03  3.0290727E-03  2.6532216E-03
  0.0000000E+00  2.6296491E-02  1.1786276E-02  7.6558408E-03  5.7844422E-03
  4.7393925E-03  4.0859086E-03  0.0000000E+00
  0.0000000E+00  3.3734940E-02  1.5322158E-02  1.0121792E-02  7.7959667E-03
  6.5256678E-03  5.7608695E-03  0.0000000E+00
  0.0000000E+00  4.4486646E-02  2.0534312E-02  1.3868518E-02  1.0965165E-02
  9.4552124E-03  8.6262440E-03  0.0000000E+00
  0.0000000E+00  6.0725514E-02  2.8653746E-02  1.9958094E-02  1.6356731E-02
  1.4719749E-02  1.4064956E-02  0.0000000E+00
  0.0000000E+00  8.6694606E-02  4.2181768E-02  3.0683605E-02  2.6571503E-02
  2.5523834E-02  2.5392877E-02
  0.0000000E+00  0.1314825      6.6959143E-02  5.2173913E-02  4.9423780E-02
  5.1506028E-02
  0.0000000E+00  0.2175223      0.1194343      0.1050157      0.1143662    
  0.0000000E+00  0.4119958      0.2617863      0.2878470    
  0.0000000E+00   1.000000      0.8834469    
  0.0000000E+00   4.343897    
   29.71451    
  1.0000000E+08
  0.0000000E+00  1.4119122E-02  6.1692791E-03  3.8695924E-03  2.8075236E-03
  2.1981192E-03  1.8018808E-03  1.5210031E-03
  0.0000000E+00  1.7115986E-02  7.5310343E-03  4.7648903E-03  3.4896550E-03
  2.7586205E-03  2.2833855E-03  1.9460815E-03
  0.0000000E+00  2.1078369E-02  9.3504703E-03  5.9799370E-03  4.4300938E-03
  3.5448275E-03  2.9692790E-03  2.5605015E-03
  0.0000000E+00  2.6432602E-02  1.1850784E-02  7.6789972E-03  5.7705329E-03
  4.6871472E-03  3.9874609E-03  0.0000000E+00
  0.0000000E+00  3.3905957E-02  1.5398119E-02  1.0144200E-02  7.7642631E-03
  6.4300941E-03  5.5824453E-03  0.0000000E+00
  0.0000000E+00  4.4702195E-02  2.0639498E-02  1.3893417E-02  1.0895298E-02
  9.2664575E-03  8.2670851E-03  0.0000000E+00
  0.0000000E+00  6.1015677E-02  2.8777430E-02  1.9949844E-02  1.6188087E-02
  1.4294671E-02  1.3203762E-02  0.0000000E+00
  0.0000000E+00  8.7097175E-02  4.2332288E-02  3.0608151E-02  2.6106583E-02
  2.4313480E-02  2.2934170E-02
  0.0000000E+00  0.1320376      6.7122258E-02  5.1786833E-02  4.7774296E-02
  4.7109716E-02
  0.0000000E+00  0.2184326      0.1194107      0.1028715      0.1060690    
  0.0000000E+00  0.4135423      0.2594357      0.2709718    
  0.0000000E+00   1.000000      0.8445141    
  0.0000000E+00   4.233229    
   29.14107    
  1.0000000E+09
  0.0000000E+00  1.4425541E-02  6.2969006E-03  3.9303196E-03  2.8245165E-03
  2.1801444E-03  1.7536705E-03  1.4495456E-03
  0.0000000E+00  1.7408529E-02  7.6543931E-03  4.8170588E-03  3.4933581E-03
  2.7208112E-03  2.2092753E-03  1.8398975E-03
  0.0000000E+00  2.1381961E-02  9.4768116E-03  6.0254023E-03  4.4162204E-03
  3.4782102E-03  2.8536471E-03  2.4003729E-03
  0.0000000E+00  2.6765322E-02  1.1990213E-02  7.7173156E-03  5.7317642E-03
  4.5746914E-03  3.8009789E-03  0.0000000E+00
  0.0000000E+00  3.4292705E-02  1.5544163E-02  1.0171289E-02  7.6823588E-03
  6.2351436E-03  5.2656722E-03  0.0000000E+00
  0.0000000E+00  4.5175947E-02  2.0811001E-02  1.3901189E-02  1.0728269E-02
  8.9035193E-03  7.6730363E-03  0.0000000E+00
  0.0000000E+00  6.1628990E-02  2.8990911E-02  1.9890469E-02  1.5823819E-02
  1.3528314E-02  1.1931950E-02  0.0000000E+00
  0.0000000E+00  8.7928221E-02  4.2577486E-02  3.0365882E-02  2.5215566E-02
  2.2430670E-02  1.9785598E-02
  0.0000000E+00  0.1333023      6.7338616E-02  5.0932184E-02  4.5036122E-02
  4.1319042E-02
  0.0000000E+00  0.2202284      0.1192030      9.9137731E-02  9.4814725E-02
  0.0000000E+00  0.4163365      0.2551853      0.2473782    
  0.0000000E+00   1.000000      0.7892100    
  0.0000000E+00   4.074808    
   28.46656    
  1.0000000E+10
  0.0000000E+00  1.5951300E-02  6.9706971E-03  4.2653736E-03  2.9643006E-03
  2.1987206E-03  1.6962443E-03  1.3433760E-03
  0.0000000E+00  1.8675195E-02  8.1954189E-03  5.0753201E-03  3.5782089E-03
  2.6898473E-03  2.1017333E-03  1.6828312E-03
  0.0000000E+00  2.2472141E-02  9.9226162E-03  6.2144035E-03  4.4397442E-03
  3.3821708E-03  2.6733389E-03  2.1626083E-03
  0.0000000E+00  2.7765166E-02  1.2371028E-02  7.8425501E-03  5.6809736E-03
  4.3871235E-03  3.5101115E-03  0.0000000E+00
  0.0000000E+00  3.5276517E-02  1.5899710E-02  1.0231118E-02  7.5268261E-03
  5.9007430E-03  4.7833263E-03  0.0000000E+00
  0.0000000E+00  4.6234008E-02  2.1151466E-02  1.3867106E-02  1.0400330E-02
  8.3006602E-03  6.8221213E-03  0.0000000E+00
  0.0000000E+00  6.2876597E-02  2.9333472E-02  1.9706974E-02  1.5156831E-02
  1.2360710E-02  1.0284770E-02  0.0000000E+00
  0.0000000E+00  8.9527443E-02  4.2901363E-02  2.9818408E-02  2.3710275E-02
  1.9841107E-02  1.6229881E-02
  0.0000000E+00  0.1354726      6.7498967E-02  4.9277753E-02  4.1033842E-02
  3.4554273E-02
  0.0000000E+00  0.2235865      0.1183450      9.3231536E-02  8.1180356E-02
  0.0000000E+00  0.4210689      0.2478333      0.2178085    
  0.0000000E+00   1.000000      0.7177053    
  0.0000000E+00   3.872266    
   28.44614    
  9.9999998E+10
  0.0000000E+00  2.6635673E-02  1.0515638E-02  5.5756550E-03  3.4150465E-03
  2.2814877E-03  1.6162299E-03  1.1944209E-03
  0.0000000E+00  2.7295010E-02  1.1284869E-02  6.2502115E-03  3.9568893E-03
  2.7109045E-03  1.9577346E-03  1.4683008E-03
  0.0000000E+00  2.9154690E-02  1.2476753E-02  7.1994923E-03  4.7109043E-03
  3.3093828E-03  2.4361792E-03  1.8537615E-03
  0.0000000E+00  3.2890953E-02  1.4370244E-02  8.5883345E-03  5.7954355E-03
  4.1707521E-03  3.1267961E-03  0.0000000E+00
  0.0000000E+00  3.9298393E-02  1.7404903E-02  1.0701606E-02  7.4192723E-03
  5.4606930E-03  4.1631442E-03  0.0000000E+00
  0.0000000E+00  4.9602702E-02  2.2265425E-02  1.4023668E-02  9.9577345E-03
  7.4826707E-03  5.7844459E-03  0.0000000E+00
  0.0000000E+00  6.5976329E-02  3.0143701E-02  1.9450549E-02  1.4150465E-02
  1.0836856E-02  8.4336428E-03  0.0000000E+00
  0.0000000E+00  9.2814870E-02  4.3423500E-02  2.8841928E-02  2.1546913E-02
  1.6762467E-02  1.2671174E-02
  0.0000000E+00  0.1394759      6.7480974E-02  4.6601858E-02  3.5900250E-02
  2.7557056E-02
  0.0000000E+00  0.2289095      0.1164835      8.5038036E-02  6.6483513E-02
  0.0000000E+00  0.4282333      0.2366018      0.1845309    
  0.0000000E+00   1.000000      0.6342350    
  0.0000000E+00   3.637362    
   30.91293    
  1.0000000E+12
  0.0000000E+00  5.2645080E-02  1.7025046E-02  7.6786806E-03  4.1484423E-03
  2.5119120E-03  1.6444717E-03  1.1386683E-03
  0.0000000E+00  5.4715943E-02  1.8161271E-02  8.3689680E-03  4.6041543E-03
  2.8295661E-03  1.8759926E-03  1.3127673E-03
  0.0000000E+00  5.6646302E-02  1.9529626E-02  9.2852786E-03  5.2370192E-03
  3.2840562E-03  2.2119731E-03  1.5687232E-03
  0.0000000E+00  5.8540013E-02  2.1264507E-02  1.0549787E-02  6.1453879E-03
  3.9505190E-03  2.7128896E-03  0.0000000E+00
  0.0000000E+00  6.1270613E-02  2.3701893E-02  1.2382407E-02  7.5015267E-03
  4.9609044E-03  3.4789247E-03  0.0000000E+00
  0.0000000E+00  6.6951744E-02  2.7513744E-02  1.5216860E-02  9.6090408E-03
  6.5485639E-03  4.6799020E-03  0.0000000E+00
  0.0000000E+00  7.9047032E-02  3.4001220E-02  1.9841174E-02  1.3054368E-02
  9.1447774E-03  6.6035432E-03  0.0000000E+00
  0.0000000E+00  0.1029933      4.5717776E-02  2.7935246E-02  1.9047037E-02
  1.3585828E-02  9.5113013E-03
  0.0000000E+00  0.1483812      6.7990221E-02  4.3219302E-02  3.0293219E-02
  2.1154551E-02
  0.0000000E+00  0.2381796      0.1136225      7.5198531E-02  5.2510690E-02
  0.0000000E+00  0.4386072      0.2217471      0.1512523    
  0.0000000E+00   1.000000      0.5473427    
  0.0000000E+00   3.395235    
   32.65119    
  9.9999998E+12
  0.0000000E+00  9.5322058E-02  2.9467434E-02  1.2759986E-02  6.6534728E-03
  3.9042823E-03  2.4839870E-03  1.6772221E-03
  0.0000000E+00  9.3738757E-02  2.9096797E-02  1.2648435E-02  6.6210874E-03
  3.8970853E-03  2.4861463E-03  1.6822598E-03
  0.0000000E+00  9.4818279E-02  2.9622167E-02  1.2957900E-02  6.8189995E-03
  4.0338254E-03  2.5854625E-03  1.7549479E-03
  0.0000000E+00  9.8812528E-02  3.1216266E-02  1.3799928E-02  7.3299748E-03
  4.3684780E-03  2.8186399E-03  0.0000000E+00
  0.0000000E+00  0.1054696      3.3976249E-02  1.5278878E-02  8.2367761E-03
  4.9730120E-03  3.2385751E-03  0.0000000E+00
  0.0000000E+00  0.1145016      3.8107231E-02  1.7639440E-02  9.7337170E-03
  5.9841671E-03  3.9474634E-03  0.0000000E+00
  0.0000000E+00  0.1262325      4.4296511E-02  2.1432171E-02  1.2238216E-02
  7.7114073E-03  5.1421379E-03  0.0000000E+00
  0.0000000E+00  0.1442246      5.4408062E-02  2.7959697E-02  1.6660670E-02
  1.0741275E-02  6.9809286E-03
  0.0000000E+00  0.1801368      7.3083848E-02  4.0194318E-02  2.4926234E-02
  1.5825836E-02
  0.0000000E+00  0.2615329      0.1121986      6.5347247E-02  4.0482190E-02
  0.0000000E+00  0.4562792      0.2050738      0.1213746    
  0.0000000E+00   1.000000      0.4645556    
  0.0000000E+00   3.163728    
   32.57647    
  1.0000000E+14
  0.0000000E+00  0.1759330      5.3983241E-02  2.3198782E-02  1.2010662E-02
  6.9977148E-03  4.4234577E-03  2.9672505E-03
  0.0000000E+00  0.1923838      5.9070829E-02  2.5407465E-02  1.3157654E-02
  7.6679359E-03  4.8469156E-03  3.2505712E-03
  0.0000000E+00  0.1972582      6.0639758E-02  2.6108149E-02  1.3532368E-02
  7.8918505E-03  4.9885754E-03  3.3434881E-03
  0.0000000E+00  0.1911653      5.8857579E-02  2.5377000E-02  1.3177456E-02
  7.6923077E-03  4.8651942E-03  0.0000000E+00
  0.0000000E+00  0.1820259      5.6222390E-02  2.4325972E-02  1.2661082E-02
  7.4044173E-03  4.6854531E-03  0.0000000E+00
  0.0000000E+00  0.1792841      5.5734955E-02  2.4249809E-02  1.2680884E-02
  7.4394518E-03  4.7067786E-03  0.0000000E+00
  0.0000000E+00  0.1884235      5.9177458E-02  2.6016755E-02  1.3718203E-02
  8.0853011E-03  5.0921552E-03  0.0000000E+00
  0.0000000E+00  0.2114242      6.7814164E-02  3.0388422E-02  1.6252857E-02
  9.6222386E-03  5.8324444E-03
  0.0000000E+00  0.2525514      8.4280275E-02  3.9086062E-02  2.1355674E-02
  1.2341202E-02
  0.0000000E+00  0.3277989      0.1165727      5.6953542E-02  3.1089108E-02
  0.0000000E+00  0.4996192      0.1904036      9.5902510E-02
  0.0000000E+00   1.000000      0.3882712    
  0.0000000E+00   2.920030    
   31.88119    
