   100.0000    
  0.0000000E+00  1.3659306E-02  6.0260249E-03  3.8596212E-03  2.8919559E-03
  2.3635644E-03  2.0457413E-03  1.8477917E-03
  0.0000000E+00  1.6514195E-02  7.3477919E-03  4.7555203E-03  3.6056782E-03
  2.9873818E-03  2.6261830E-03  2.4164037E-03
  0.0000000E+00  2.0291798E-02  9.1167195E-03  5.9755524E-03  4.5977919E-03
  3.8738167E-03  3.4763408E-03  3.2791796E-03
  0.0000000E+00  2.5402207E-02  1.1545741E-02  7.6892739E-03  6.0268138E-03
  5.1932177E-03  4.7902204E-03  0.0000000E+00
  0.0000000E+00  3.2531545E-02  1.5000000E-02  1.0189274E-02  8.1861196E-03
  7.2728707E-03  6.9834385E-03  0.0000000E+00
  0.0000000E+00  4.2823341E-02  2.0126183E-02  1.4037854E-02  1.1656151E-02
  1.0828075E-02  1.1072555E-02  0.0000000E+00
  0.0000000E+00  5.8375392E-02  2.8123027E-02  2.0347003E-02  1.7768139E-02
  1.7720819E-02  2.0149842E-02  0.0000000E+00
  0.0000000E+00  8.3280757E-02  4.1561514E-02  3.1750787E-02  3.0055204E-02
  3.4037855E-02  4.6182964E-02
  0.0000000E+00  0.1263407      6.6514194E-02  5.5654574E-02  6.1253943E-02
  8.7776020E-02
  0.0000000E+00  0.2095426      0.1208991      0.1208991      0.1817823    
  0.0000000E+00  0.4000789      0.2805205      0.4241325    
  0.0000000E+00   1.000000       1.197161    
  0.0000000E+00   5.235016    
   34.36120    
   1000.000    
  0.0000000E+00  1.3642073E-02  6.0227630E-03  3.8587127E-03  2.8924646E-03
  2.3649922E-03  2.0470957E-03  1.8485087E-03
  0.0000000E+00  1.6499216E-02  7.3437989E-03  4.7551021E-03  3.6067504E-03
  2.9882262E-03  2.6271585E-03  2.4167974E-03
  0.0000000E+00  2.0274725E-02  9.1130296E-03  5.9756669E-03  4.5989011E-03
  3.8759811E-03  3.4772370E-03  3.2802199E-03
  0.0000000E+00  2.5376765E-02  1.1538462E-02  7.6891677E-03  6.0282578E-03
  5.1954472E-03  4.7919936E-03  0.0000000E+00
  0.0000000E+00  3.2496076E-02  1.4992150E-02  1.0188383E-02  8.1868134E-03
  7.2755096E-03  6.9843014E-03  0.0000000E+00
  0.0000000E+00  4.2778652E-02  2.0117739E-02  1.4034537E-02  1.1664051E-02
  1.0832025E-02  1.1067504E-02  0.0000000E+00
  0.0000000E+00  5.8320250E-02  2.8116168E-02  2.0353219E-02  1.7770801E-02
  1.7723704E-02  2.0102041E-02  0.0000000E+00
  0.0000000E+00  8.3202511E-02  4.1546311E-02  3.1758241E-02  3.0062793E-02
  3.3995289E-02  4.5714285E-02
  0.0000000E+00  0.1262951      6.6491365E-02  5.5667192E-02  6.1208788E-02
  8.7048665E-02
  0.0000000E+00  0.2093406      0.1208791      0.1208791      0.1805338    
  0.0000000E+00  0.3998430      0.2804553      0.4218211    
  0.0000000E+00   1.000000       1.192308    
  0.0000000E+00   5.219780    
   34.27786    
   10000.00    
  0.0000000E+00  1.3644133E-02  6.0264179E-03  3.8632478E-03  2.8958819E-03
  2.3675214E-03  2.0489511E-03  1.8492618E-03
  0.0000000E+00  1.6503496E-02  7.3480965E-03  4.7606835E-03  3.6114994E-03
  2.9922300E-03  2.6293704E-03  2.4164722E-03
  0.0000000E+00  2.0271949E-02  9.1142189E-03  5.9813517E-03  4.6045063E-03
  3.8803418E-03  3.4794095E-03  3.2773891E-03
  0.0000000E+00  2.5376845E-02  1.1546231E-02  7.6969694E-03  6.0357419E-03
  5.2004657E-03  4.7933175E-03  0.0000000E+00
  0.0000000E+00  3.2494172E-02  1.5003885E-02  1.0202019E-02  8.1973579E-03
  7.2812741E-03  6.9805747E-03  0.0000000E+00
  0.0000000E+00  4.2781658E-02  2.0124320E-02  1.4048173E-02  1.1678321E-02
  1.0839161E-02  1.1041181E-02  0.0000000E+00
  0.0000000E+00  5.8329444E-02  2.8135197E-02  2.0372959E-02  1.7785547E-02
  1.7707847E-02  1.9953379E-02  0.0000000E+00
  0.0000000E+00  8.3216779E-02  4.1577309E-02  3.1787101E-02  3.0069930E-02
  3.3838384E-02  4.4553224E-02
  0.0000000E+00  0.1262626      6.6550113E-02  5.5710956E-02  6.1056718E-02
  8.5159287E-02
  0.0000000E+00  0.2094017      0.1209790      0.1207459      0.1773116    
  0.0000000E+00  0.3999223      0.2804973      0.4157731    
  0.0000000E+00   1.000000       1.178710    
  0.0000000E+00   5.182595    
   34.07925    
   100000.0    
  0.0000000E+00  1.3648134E-02  6.0319882E-03  3.8682409E-03  2.9002286E-03
  2.3701447E-03  2.0495050E-03  1.8461539E-03
  0.0000000E+00  1.6504189E-02  7.3549128E-03  4.7669457E-03  3.6161463E-03
  2.9946687E-03  2.6290938E-03  2.4105103E-03
  0.0000000E+00  2.0274183E-02  9.1241430E-03  5.9893373E-03  4.6108146E-03
  3.8834731E-03  3.4767708E-03  3.2650419E-03
  0.0000000E+00  2.5384616E-02  1.1561310E-02  7.7075399E-03  6.0434123E-03
  5.2025896E-03  4.7852248E-03  0.0000000E+00
  0.0000000E+00  3.2498095E-02  1.5019041E-02  1.0213252E-02  8.2102055E-03
  7.2802743E-03  6.9573494E-03  0.0000000E+00
  0.0000000E+00  4.2787507E-02  2.0144707E-02  1.4067022E-02  1.1683168E-02
  1.0830160E-02  1.0967250E-02  0.0000000E+00
  0.0000000E+00  5.8332063E-02  2.8156893E-02  2.0396041E-02  1.7791318E-02
  1.7638994E-02  1.9634426E-02  0.0000000E+00
  0.0000000E+00  8.3244480E-02  4.1614626E-02  3.1820260E-02  3.0030465E-02
  3.3450115E-02  4.2597104E-02
  0.0000000E+00  0.1262757      6.6610813E-02  5.5719730E-02  6.0624521E-02
  8.1949733E-02
  0.0000000E+00  0.2094440      0.1210967      0.1203351      0.1716679    
  0.0000000E+00  0.4000762      0.2801219      0.4051790    
  0.0000000E+00   1.000000       1.155369    
  0.0000000E+00   5.115766    
   33.71668    
   1000000.    
  0.0000000E+00  1.3659074E-02  6.0462896E-03  3.8795003E-03  2.9074210E-03
  2.3739897E-03  2.0470242E-03  1.8368847E-03
  0.0000000E+00  1.6524615E-02  7.3695816E-03  4.7795740E-03  3.6252756E-03
  2.9985304E-03  2.6245408E-03  2.3952976E-03
  0.0000000E+00  2.0293901E-02  9.1476860E-03  6.0051433E-03  4.6208669E-03
  3.8853786E-03  3.4673035E-03  3.2351213E-03
  0.0000000E+00  2.5407787E-02  1.1579721E-02  7.7296104E-03  6.0551069E-03
  5.2020573E-03  4.7626742E-03  0.0000000E+00
  0.0000000E+00  3.2527555E-02  1.5047759E-02  1.0242470E-02  8.2218954E-03
  7.2703897E-03  6.9008078E-03  0.0000000E+00
  0.0000000E+00  4.2821456E-02  2.0191038E-02  1.4099928E-02  1.1697282E-02
  1.0786186E-02  1.0800882E-02  0.0000000E+00
  0.0000000E+00  5.8383543E-02  2.8221896E-02  2.0440852E-02  1.7781043E-02
  1.7487142E-02  1.9037474E-02  0.0000000E+00
  0.0000000E+00  8.3321095E-02  4.1697279E-02  3.1866275E-02  2.9919177E-02
  3.2733284E-02  3.9816312E-02
  0.0000000E+00  0.1264511      6.6745043E-02  5.5694342E-02  5.9786920E-02
  7.7369586E-02
  0.0000000E+00  0.2096988      0.1212344      0.1193975      0.1634827    
  0.0000000E+00  0.4005878      0.2793534      0.3892726    
  0.0000000E+00   1.000000       1.120500    
  0.0000000E+00   5.015430    
   33.17414    
  1.0000000E+07
  0.0000000E+00  1.3706003E-02  6.0745343E-03  3.8985505E-03  2.9185645E-03
  2.3754314E-03  2.0379573E-03  1.8129746E-03
  0.0000000E+00  1.6570048E-02  7.4051069E-03  4.8026228E-03  3.6369909E-03
  2.9972394E-03  2.6073153E-03  2.3561076E-03
  0.0000000E+00  2.0351967E-02  9.1856457E-03  6.0324362E-03  4.6335403E-03
  3.8799171E-03  3.4361628E-03  3.1670118E-03
  0.0000000E+00  2.5472740E-02  1.1628709E-02  7.7570737E-03  6.0676327E-03
  5.1863352E-03  4.7025532E-03  0.0000000E+00
  0.0000000E+00  3.2615598E-02  1.5113872E-02  1.0282954E-02  8.2263630E-03
  7.2325738E-03  6.7722565E-03  0.0000000E+00
  0.0000000E+00  4.2933058E-02  2.0269152E-02  1.4147689E-02  1.1690821E-02
  1.0676328E-02  1.0483092E-02  0.0000000E+00
  0.0000000E+00  5.8536921E-02  2.8329883E-02  2.0496896E-02  1.7722568E-02
  1.7163562E-02  1.8060731E-02  0.0000000E+00
  0.0000000E+00  8.3505869E-02  4.1856453E-02  3.1904761E-02  2.9634230E-02
  3.1476881E-02  3.6045548E-02
  0.0000000E+00  0.1267771      6.6963419E-02  5.5555556E-02  5.8247067E-02
  7.0876472E-02
  0.0000000E+00  0.2102830      0.1214631      0.1176674      0.1518289    
  0.0000000E+00  0.4015873      0.2777778      0.3665286    
  0.0000000E+00   1.000000       1.069703    
  0.0000000E+00   4.870255    
   32.40166    
  1.0000000E+08
  0.0000000E+00  1.3821340E-02  6.1370963E-03  3.9354837E-03  2.9348636E-03
  2.3703473E-03  2.0105459E-03  1.7599255E-03
  0.0000000E+00  1.6699752E-02  7.4751861E-03  4.8424318E-03  3.6513647E-03
  2.9844912E-03  2.5626549E-03  2.2735731E-03
  0.0000000E+00  2.0496277E-02  9.2679895E-03  6.0775434E-03  4.6451613E-03
  3.8529777E-03  3.3610421E-03  3.0310175E-03
  0.0000000E+00  2.5645161E-02  1.1730769E-02  7.8101736E-03  6.0725808E-03
  5.1327543E-03  4.5688585E-03  0.0000000E+00
  0.0000000E+00  3.2828782E-02  1.5229528E-02  1.0341191E-02  8.2196025E-03
  7.1215881E-03  6.5136473E-03  0.0000000E+00
  0.0000000E+00  4.3207195E-02  2.0421835E-02  1.4218362E-02  1.1637717E-02
  1.0434244E-02  9.9131512E-03  0.0000000E+00
  0.0000000E+00  5.8901984E-02  2.8529776E-02  2.0552108E-02  1.7543424E-02
  1.6526055E-02  1.6550869E-02  0.0000000E+00
  0.0000000E+00  8.4057070E-02  4.2127792E-02  3.1898260E-02  2.9013649E-02
  2.9441686E-02  3.1066999E-02
  0.0000000E+00  0.1275434      6.7307696E-02  5.5142678E-02  5.5607941E-02
  6.2158808E-02
  0.0000000E+00  0.2116005      0.1216501      0.1145161      0.1357940    
  0.0000000E+00  0.4037841      0.2746898      0.3344913    
  0.0000000E+00   1.000000      0.9975186    
  0.0000000E+00   4.663772    
   31.33375    
  1.0000000E+09
  0.0000000E+00  1.4172288E-02  6.3051376E-03  4.0295795E-03  2.9735339E-03
  2.3611831E-03  1.9553711E-03  1.6632071E-03
  0.0000000E+00  1.7042033E-02  7.6388163E-03  4.9273479E-03  3.6735861E-03
  2.9486248E-03  2.4696419E-03  2.1235081E-03
  0.0000000E+00  2.0861443E-02  9.4343536E-03  6.1546443E-03  4.6471199E-03
  3.7789310E-03  3.2070575E-03  2.7929423E-03
  0.0000000E+00  2.6045667E-02  1.1914893E-02  7.8827189E-03  6.0456665E-03
  4.9963673E-03  4.3098079E-03  0.0000000E+00
  0.0000000E+00  3.3295278E-02  1.5443694E-02  1.0404774E-02  8.1370007E-03
  6.8655941E-03  6.0508563E-03  0.0000000E+00
  0.0000000E+00  4.3783080E-02  2.0674624E-02  1.4265698E-02  1.1447846E-02
  9.9325376E-03  8.9932531E-03  0.0000000E+00
  0.0000000E+00  5.9678257E-02  2.8847950E-02  2.0539699E-02  1.7093929E-02
  1.5412559E-02  1.4442137E-02  0.0000000E+00
  0.0000000E+00  8.5106380E-02  4.2522054E-02  3.1676181E-02  2.7784120E-02
  2.6429683E-02  2.5293201E-02
  0.0000000E+00  0.1291126      6.7721844E-02  5.4073688E-02  5.1406331E-02
  5.1779967E-02
  0.0000000E+00  0.2140114      0.1215361      0.1090296      0.1159834    
  0.0000000E+00  0.4075246      0.2687078      0.2938246    
  0.0000000E+00   1.000000      0.9029580    
  0.0000000E+00   4.395433    
   30.10898    
  1.0000000E+10
  0.0000000E+00  1.5941860E-02  7.1976748E-03  4.5271320E-03  3.2170543E-03
  2.4310078E-03  1.9077520E-03  1.5364342E-03
  0.0000000E+00  1.8503876E-02  8.3488375E-03  5.3139539E-03  3.8372094E-03
  2.9488374E-03  2.3503876E-03  1.9186047E-03
  0.0000000E+00  2.2127908E-02  1.0015504E-02  6.4457366E-03  4.7248062E-03
  3.6887599E-03  2.9841086E-03  2.4682172E-03
  0.0000000E+00  2.7217055E-02  1.2418604E-02  8.0930237E-03  6.0232556E-03
  4.7790697E-03  3.9263568E-03  0.0000000E+00
  0.0000000E+00  3.4468994E-02  1.5910853E-02  1.0534884E-02  7.9806205E-03
  6.4457366E-03  5.3837206E-03  0.0000000E+00
  0.0000000E+00  4.5077518E-02  2.1147287E-02  1.4290697E-02  1.1069767E-02
  9.1356589E-03  7.7713178E-03  0.0000000E+00
  0.0000000E+00  6.1201554E-02  2.9348837E-02  2.0387597E-02  1.6251938E-02
  1.3782946E-02  1.1953488E-02  0.0000000E+00
  0.0000000E+00  8.7131783E-02  4.3062016E-02  3.1069769E-02  2.5779070E-02
  2.2624033E-02  1.9534884E-02
  0.0000000E+00  0.1319768      6.8139538E-02  5.2054264E-02  4.5697674E-02
  4.1007753E-02
  0.0000000E+00  0.2183333      0.1208140      0.1009302      9.4651170E-02
  0.0000000E+00  0.4139535      0.2591085      0.2483721    
  0.0000000E+00   1.000000      0.7949613    
  0.0000000E+00   4.089147    
   29.84496    
  9.9999998E+10
  0.0000000E+00  2.9266521E-02  1.1817962E-02  6.3180826E-03  3.8828370E-03
  2.6022755E-03  1.8496731E-03  1.3725490E-03
  0.0000000E+00  2.8976034E-02  1.2360203E-02  6.9353660E-03  4.4226577E-03
  3.0452674E-03  2.2115710E-03  1.6686033E-03
  0.0000000E+00  2.9992735E-02  1.3316387E-02  7.8286128E-03  5.1779225E-03
  3.6698137E-03  2.7233113E-03  2.0898087E-03
  0.0000000E+00  3.3067051E-02  1.4989107E-02  9.1672717E-03  6.2793507E-03
  4.5751631E-03  3.4713144E-03  0.0000000E+00
  0.0000000E+00  3.8949404E-02  1.7835874E-02  1.1249091E-02  7.9496484E-03
  5.9501329E-03  4.6066325E-03  0.0000000E+00
  0.0000000E+00  4.8825946E-02  2.2570806E-02  1.4601791E-02  1.0610021E-02
  8.1360443E-03  6.4149112E-03  0.0000000E+00
  0.0000000E+00  6.4730085E-02  3.0404259E-02  2.0183973E-02  1.5068989E-02
  1.1825223E-02  9.4383918E-03  0.0000000E+00
  0.0000000E+00  9.0922289E-02  4.3790851E-02  2.9992735E-02  2.3088839E-02
  1.8503992E-02  1.4456548E-02
  0.0000000E+00  0.1366981      6.8288542E-02  4.8850156E-02  3.8997822E-02
  3.1130476E-02
  0.0000000E+00  0.2248850      0.1188090      9.0510771E-02  7.4219316E-02
  0.0000000E+00  0.4229000      0.2452191      0.2028080    
  0.0000000E+00   1.000000      0.6826434    
  0.0000000E+00   3.771484    
   32.00194    
  1.0000000E+12
  0.0000000E+00  6.1612684E-02  1.9997703E-02  9.0454863E-03  4.9012178E-03
  2.9761086E-03  1.9538249E-03  1.3576844E-03
  0.0000000E+00  6.2301863E-02  2.0790258E-02  9.6152080E-03  5.3055361E-03
  3.2701585E-03  2.1743625E-03  1.5276819E-03
  0.0000000E+00  6.2853210E-02  2.1869974E-02  1.0442224E-02  5.9085689E-03
  3.7169766E-03  2.5132094E-03  1.7884218E-03
  0.0000000E+00  6.3266709E-02  2.3328738E-02  1.1647140E-02  6.8102460E-03
  4.3946705E-03  3.0312429E-03  0.0000000E+00
  0.0000000E+00  6.4334936E-02  2.5465196E-02  1.3439007E-02  8.1851594E-03
  5.4422235E-03  3.8375834E-03  0.0000000E+00
  0.0000000E+00  6.8297721E-02  2.8968526E-02  1.6253158E-02  1.0352631E-02
  7.1088905E-03  5.1206066E-03  0.0000000E+00
  0.0000000E+00  7.8911096E-02  3.5136685E-02  2.0916609E-02  1.3932920E-02
  9.8679075E-03  7.2076726E-03  0.0000000E+00
  0.0000000E+00  0.1017459      4.6657477E-02  2.9175282E-02  2.0250402E-02
  1.4668045E-02  1.0449115E-02
  0.0000000E+00  0.1463359      6.9055825E-02  4.5072362E-02  3.2311048E-02
  2.3064554E-02
  0.0000000E+00  0.2351252      0.1157822      7.9002991E-02  5.6765445E-02
  0.0000000E+00  0.4347576      0.2282334      0.1618424    
  0.0000000E+00   1.000000      0.5763841    
  0.0000000E+00   3.474615    
   32.94280    
  9.9999998E+12
  0.0000000E+00  0.1239618      3.8478501E-02  1.6714443E-02  8.7467842E-03
  5.1525175E-03  3.2895994E-03  2.2289599E-03
  0.0000000E+00  0.1164645      3.6310181E-02  1.5858140E-02  8.3351713E-03
  4.9283355E-03  3.1587651E-03  2.1470049E-03
  0.0000000E+00  0.1124587      3.5328925E-02  1.5542081E-02  8.2249166E-03
  4.8915837E-03  3.1521500E-03  2.1517824E-03
  0.0000000E+00  0.1123117      3.5729509E-02  1.5902242E-02  8.5042259E-03
  5.1010661E-03  3.3127526E-03  0.0000000E+00
  0.0000000E+00  0.1157663      3.7596472E-02  1.7045204E-02  9.2613008E-03
  5.6302827E-03  3.6934952E-03  0.0000000E+00
  0.0000000E+00  0.1221610      4.1124586E-02  1.9206174E-02  1.0687248E-02
  6.6262404E-03  4.4064685E-03  0.0000000E+00
  0.0000000E+00  0.1314223      4.6931274E-02  2.2943771E-02  1.3215730E-02
  8.3976481E-03  5.6486591E-03  0.0000000E+00
  0.0000000E+00  0.1467108      5.6743845E-02  2.9573686E-02  1.7798604E-02
  1.1580301E-02  7.6001473E-03
  0.0000000E+00  0.1796031      7.5303204E-02  4.2153623E-02  2.6482910E-02
  1.7019479E-02
  0.0000000E+00  0.2588387      0.1148107      6.8357222E-02  4.3109149E-02
  0.0000000E+00  0.4527747      0.2104373      0.1280044    
  0.0000000E+00   1.000000      0.4836457    
  0.0000000E+00   3.213157    
   32.56523    
  1.0000000E+14
  0.0000000E+00  0.2137437      6.5783821E-02  2.8353615E-02  1.4724410E-02
  8.6041512E-03  5.4545454E-03  3.6692913E-03
  0.0000000E+00  0.2391553      7.3729418E-02  3.1818181E-02  1.6542591E-02
  9.6778804E-03  6.1388691E-03  4.1317106E-03
  0.0000000E+00  0.2457409      7.5876877E-02  3.2820329E-02  1.7093772E-02
  1.0014316E-02  6.3614892E-03  4.2827488E-03
  0.0000000E+00  0.2345741      7.2655685E-02  3.1524695E-02  1.6463850E-02
  9.6707232E-03  6.1517535E-03  0.0000000E+00
  0.0000000E+00  0.2169649      6.7516103E-02  2.9434502E-02  1.5440229E-02
  9.0980669E-03  5.8024339E-03  0.0000000E+00
  0.0000000E+00  0.2049392      6.4280607E-02  2.8253401E-02  1.4924839E-02
  8.8403728E-03  5.6521115E-03  0.0000000E+00
  0.0000000E+00  0.2055834      6.5368645E-02  2.9112382E-02  1.5554761E-02
  9.2841806E-03  5.9248391E-03  0.0000000E+00
  0.0000000E+00  0.2221188      7.2369367E-02  3.2963492E-02  1.7916966E-02
  1.0773085E-02  6.6349320E-03
  0.0000000E+00  0.2588404      8.8117398E-02  4.1646384E-02  2.3163922E-02
  1.3607731E-02
  0.0000000E+00  0.3302076      0.1207588      6.0243376E-02  3.3464566E-02
  0.0000000E+00  0.4974946      0.1968504      0.1015748    
  0.0000000E+00   1.000000      0.4044381    
  0.0000000E+00   2.962777    
   31.81102    
