   100.0000    
  0.0000000E+00  1.4322178E-02  6.0992055E-03  3.7057549E-03  2.5957141E-03
  1.9619551E-03  1.5535757E-03  1.2713701E-03
  0.0000000E+00  1.7447628E-02  7.4717072E-03  4.5701899E-03  3.2265831E-03
  2.4560560E-03  1.9607511E-03  1.6176258E-03
  0.0000000E+00  2.1581989E-02  9.3065249E-03  5.7428367E-03  4.0910183E-03
  3.1423066E-03  2.5331085E-03  2.1129304E-03
  0.0000000E+00  2.7185166E-02  1.1822779E-02  7.3729837E-03  5.3118230E-03
  4.1319528E-03  3.3734650E-03  0.0000000E+00
  0.0000000E+00  3.5010837E-02  1.5384059E-02  9.7230915E-03  7.1081147E-03
  5.6176255E-03  4.6689138E-03  0.0000000E+00
  0.0000000E+00  4.6327956E-02  2.0623645E-02  1.3265110E-02  9.8892367E-03
  7.9894047E-03  6.8071275E-03  0.0000000E+00
  0.0000000E+00  6.3375875E-02  2.8726222E-02  1.8918855E-02  1.4497953E-02
  1.2094871E-02  1.0683843E-02  0.0000000E+00
  0.0000000E+00  9.0585120E-02  4.2065978E-02  2.8678065E-02  2.2901516E-02
  2.0067422E-02  1.8374670E-02
  0.0000000E+00  0.1373224      6.6144951E-02  4.7507826E-02  4.0597159E-02
  3.8020708E-02
  0.0000000E+00  0.2263183      0.1156032      9.0994462E-02  8.6708404E-02
  0.0000000E+00  0.4245124      0.2422345      0.2264387    
  0.0000000E+00   1.000000      0.7310378    
  0.0000000E+00   3.915242    
   27.61859    
   1000.000    
  0.0000000E+00  1.4322503E-02  6.1010830E-03  3.7063777E-03  2.5968712E-03
  1.9619735E-03  1.5535499E-03  1.2709989E-03
  0.0000000E+00  1.7446449E-02  7.4729240E-03  4.5728041E-03  3.2274369E-03
  2.4572804E-03  1.9605295E-03  1.6173285E-03
  0.0000000E+00  2.1583635E-02  9.3068592E-03  5.7424787E-03  4.0914561E-03
  3.1432009E-03  2.5342961E-03  2.1121539E-03
  0.0000000E+00  2.7196148E-02  1.1824308E-02  7.3718410E-03  5.3116726E-03
  4.1323705E-03  3.3742478E-03  0.0000000E+00
  0.0000000E+00  3.5018049E-02  1.5386282E-02  9.7232247E-03  7.1071000E-03
  5.6173285E-03  4.6666665E-03  0.0000000E+00
  0.0000000E+00  4.6329722E-02  2.0625753E-02  1.3265944E-02  9.8892907E-03
  7.9879668E-03  6.8038506E-03  0.0000000E+00
  0.0000000E+00  6.3393496E-02  2.8736461E-02  1.8919373E-02  1.4498195E-02
  1.2089049E-02  1.0671481E-02  0.0000000E+00
  0.0000000E+00  9.0589650E-02  4.2069793E-02  2.8664261E-02  2.2897713E-02
  2.0052949E-02  1.8332131E-02
  0.0000000E+00  0.1373285      6.6137187E-02  4.7509022E-02  4.0577620E-02
  3.7930205E-02
  0.0000000E+00  0.2263297      0.1156197      9.0974726E-02  8.6570397E-02
  0.0000000E+00  0.4245487      0.2421179      0.2261853    
  0.0000000E+00   1.000000      0.7304453    
  0.0000000E+00   3.913357    
   27.60529    
   10000.00    
  0.0000000E+00  1.4325883E-02  6.1018984E-03  3.7058401E-03  2.5955299E-03
  1.9613074E-03  1.5525115E-03  1.2696467E-03
  0.0000000E+00  1.7450131E-02  7.4741649E-03  4.5734197E-03  3.2275897E-03
  2.4561402E-03  1.9591444E-03  1.6152366E-03
  0.0000000E+00  2.1586157E-02  9.3102623E-03  5.7438118E-03  4.0903627E-03
  3.1410719E-03  2.5306419E-03  2.1091083E-03
  0.0000000E+00  2.7205000E-02  1.1826484E-02  7.3732277E-03  5.3112232E-03
  4.1288151E-03  3.3693823E-03  0.0000000E+00
  0.0000000E+00  3.5015624E-02  1.5388128E-02  9.7236242E-03  7.1064648E-03
  5.6140348E-03  4.6623410E-03  0.0000000E+00
  0.0000000E+00  4.6335015E-02  2.0629657E-02  1.3266043E-02  9.8870462E-03
  7.9812547E-03  6.7916363E-03  0.0000000E+00
  0.0000000E+00  6.3398220E-02  2.8719058E-02  1.8918531E-02  1.4491709E-02
  1.2074021E-02  1.0636866E-02  0.0000000E+00
  0.0000000E+00  9.0603225E-02  4.2081229E-02  2.8670993E-02  2.2881519E-02
  2.0004807E-02  1.8168710E-02
  0.0000000E+00  0.1373468      6.6137947E-02  4.7512617E-02  4.0495072E-02
  3.7659217E-02
  0.0000000E+00  0.2263639      0.1156212      9.0891607E-02  8.6085074E-02
  0.0000000E+00  0.4244172      0.2420091      0.2252103    
  0.0000000E+00   1.000000      0.7281904    
  0.0000000E+00   3.907715    
   27.56549    
   100000.0    
  0.0000000E+00  1.4335011E-02  6.1059189E-03  3.7071651E-03  2.5976517E-03
  1.9602205E-03  1.5504434E-03  1.2664750E-03
  0.0000000E+00  1.7462257E-02  7.4790320E-03  4.5746467E-03  3.2278937E-03
  2.4538701E-03  1.9561467E-03  1.6108316E-03
  0.0000000E+00  2.1598371E-02  9.3146423E-03  5.7464656E-03  4.0905820E-03
  3.1392283E-03  2.5281573E-03  2.1020849E-03
  0.0000000E+00  2.7222622E-02  1.1833213E-02  7.3759886E-03  5.3103282E-03
  4.1241315E-03  3.3620896E-03  0.0000000E+00
  0.0000000E+00  3.5034750E-02  1.5396597E-02  9.7268159E-03  7.1052001E-03
  5.6074769E-03  4.6489337E-03  0.0000000E+00
  0.0000000E+00  4.6345554E-02  2.0639827E-02  1.3268632E-02  9.8801823E-03
  7.9678884E-03  6.7625209E-03  0.0000000E+00
  0.0000000E+00  6.3431583E-02  2.8732328E-02  1.8919243E-02  1.4478792E-02
  1.2041697E-02  1.0560747E-02  0.0000000E+00
  0.0000000E+00  9.0654209E-02  4.2104006E-02  2.8660435E-02  2.2844477E-02
  1.9901749E-02  1.7869638E-02
  0.0000000E+00  0.1374072      6.6163428E-02  4.7471844E-02  4.0378623E-02
  3.7143540E-02
  0.0000000E+00  0.2264558      0.1156242      9.0726100E-02  8.5142583E-02
  0.0000000E+00  0.4246345      0.2417925      0.2233405    
  0.0000000E+00   1.000000      0.7239396    
  0.0000000E+00   3.896477    
   27.51019    
   1000000.    
  0.0000000E+00  1.4351764E-02  6.1129648E-03  3.7106769E-03  2.5953290E-03
  1.9578170E-03  1.5459962E-03  1.2602479E-03
  0.0000000E+00  1.7480934E-02  7.4880840E-03  4.5757866E-03  3.2268828E-03
  2.4499525E-03  1.9497140E-03  1.6017635E-03
  0.0000000E+00  2.1622974E-02  9.3231648E-03  5.7483320E-03  4.0872260E-03
  3.1339370E-03  2.5166825E-03  2.0881793E-03
  0.0000000E+00  2.7240230E-02  1.1842231E-02  7.3784557E-03  5.3074360E-03
  4.1158246E-03  3.3460441E-03  0.0000000E+00
  0.0000000E+00  3.5081029E-02  1.5407532E-02  9.7283134E-03  7.0972359E-03
  5.5910391E-03  4.6210680E-03  0.0000000E+00
  0.0000000E+00  4.6401337E-02  2.0653004E-02  1.3267398E-02  9.8689226E-03
  7.9361303E-03  6.7063873E-03  0.0000000E+00
  0.0000000E+00  6.3465208E-02  2.8765492E-02  1.8915635E-02  1.4449476E-02
  1.1973308E-02  1.0419448E-02  0.0000000E+00
  0.0000000E+00  9.0729274E-02  4.2111535E-02  2.8646329E-02  2.2769306E-02
  1.9706864E-02  1.7402289E-02
  0.0000000E+00  0.1375119      6.6182077E-02  4.7402289E-02  4.0109631E-02
  3.6320306E-02
  0.0000000E+00  0.2266206      0.1156101      9.0371788E-02  8.3627269E-02
  0.0000000E+00  0.4249285      0.2414204      0.2202812    
  0.0000000E+00   1.000000      0.7168732    
  0.0000000E+00   3.875119    
   27.40705    
  1.0000000E+07
  0.0000000E+00  1.4386502E-02  6.1255307E-03  3.7140159E-03  2.5955639E-03
  1.9523361E-03  1.5370458E-03  1.2477583E-03
  0.0000000E+00  1.7520057E-02  7.5011798E-03  4.5823501E-03  3.2232185E-03
  2.4421897E-03  1.9367626E-03  1.5835299E-03
  0.0000000E+00  2.1668239E-02  9.3416702E-03  5.7527134E-03  4.0844739E-03
  3.1217556E-03  2.4988202E-03  2.0606418E-03
  0.0000000E+00  2.7300613E-02  1.1864087E-02  7.3831994E-03  5.2973097E-03
  4.0962719E-03  3.3152429E-03  0.0000000E+00
  0.0000000E+00  3.5134498E-02  1.5431807E-02  9.7310049E-03  7.0835296E-03
  5.5592260E-03  4.5658331E-03  0.0000000E+00
  0.0000000E+00  4.6484187E-02  2.0684285E-02  1.3268051E-02  9.8395469E-03
  7.8763561E-03  6.6021709E-03  0.0000000E+00
  0.0000000E+00  6.3591316E-02  2.8787162E-02  1.8905144E-02  1.4388863E-02
  1.1842851E-02  1.0172251E-02  0.0000000E+00
  0.0000000E+00  9.0868331E-02  4.2166114E-02  2.8598394E-02  2.2616800E-02
  1.9353468E-02  1.6691836E-02
  0.0000000E+00  0.1377301      6.6210479E-02  4.7262859E-02  3.9594147E-02
  3.5063710E-02
  0.0000000E+00  0.2269467      0.1155734      8.9688532E-02  8.1217550E-02
  0.0000000E+00  0.4254365      0.2406796      0.2153138    
  0.0000000E+00   1.000000      0.7055215    
  0.0000000E+00   3.843794    
   27.22982    
  1.0000000E+08
  0.0000000E+00  1.4459899E-02  6.1543812E-03  3.7227632E-03  2.5915625E-03
  1.9401948E-03  1.5178489E-03  1.2227631E-03
  0.0000000E+00  1.7598517E-02  7.5312937E-03  4.5897081E-03  3.2174317E-03
  2.4246639E-03  1.9098285E-03  1.5482152E-03
  0.0000000E+00  2.1757072E-02  9.3741314E-03  5.7579973E-03  4.0727863E-03
  3.0945758E-03  2.4571165E-03  2.0076495E-03
  0.0000000E+00  2.7399166E-02  1.1900788E-02  7.3875757E-03  5.2781645E-03
  4.0565599E-03  3.2545205E-03  0.0000000E+00
  0.0000000E+00  3.5257302E-02  1.5475197E-02  9.7311083E-03  7.0491428E-03
  5.4914234E-03  4.4622165E-03  0.0000000E+00
  0.0000000E+00  4.6638850E-02  2.0734819E-02  1.3259157E-02  9.7774686E-03
  7.7538253E-03  6.4070472E-03  0.0000000E+00
  0.0000000E+00  6.3792303E-02  2.8859528E-02  1.8871119E-02  1.4260547E-02
  1.1592490E-02  9.7542880E-03  0.0000000E+00
  0.0000000E+00  9.1145113E-02  4.2234588E-02  2.8511822E-02  2.2313399E-02
  1.8732037E-02  1.5630506E-02
  0.0000000E+00  0.1381317      6.6249423E-02  4.6940196E-02  3.8687993E-02
  3.3124711E-02
  0.0000000E+00  0.2275614      0.1154149      8.8433012E-02  7.7445529E-02
  0.0000000E+00  0.4262865      0.2392212      0.2074177    
  0.0000000E+00   1.000000      0.6868336    
  0.0000000E+00   3.789986    
   26.95874    
  1.0000000E+09
  0.0000000E+00  1.4691858E-02  6.2370668E-03  3.7539362E-03  2.5910933E-03
  1.9199280E-03  1.4831310E-03  1.1776879E-03
  0.0000000E+00  1.7825011E-02  7.6113362E-03  4.6131359E-03  3.2073774E-03
  2.3909134E-03  1.8594243E-03  1.4844805E-03
  0.0000000E+00  2.1990554E-02  9.4534419E-03  5.7759788E-03  4.0508322E-03
  3.0454341E-03  2.3841655E-03  1.9145301E-03
  0.0000000E+00  2.7642826E-02  1.1983806E-02  7.3976610E-03  5.2384166E-03
  3.9766082E-03  3.1399012E-03  0.0000000E+00
  0.0000000E+00  3.5560057E-02  1.5566803E-02  9.7278459E-03  6.9770585E-03
  5.3598746E-03  4.2780028E-03  0.0000000E+00
  0.0000000E+00  4.6986058E-02  2.0834459E-02  1.3232119E-02  9.6468739E-03
  7.5258664E-03  6.0796221E-03  0.0000000E+00
  0.0000000E+00  6.4237520E-02  2.8969862E-02  1.8794421E-02  1.4008097E-02
  1.1149348E-02  9.1025643E-03  0.0000000E+00
  0.0000000E+00  9.1767885E-02  4.2330187E-02  2.8295098E-02  2.1749888E-02
  1.7726045E-02  1.4170041E-02
  0.0000000E+00  0.1390014      6.6329286E-02  4.6333782E-02  3.7156995E-02
  3.0364376E-02
  0.0000000E+00  0.2287449      0.1151147      8.6189836E-02  7.1952321E-02
  0.0000000E+00  0.4282501      0.2363923      0.1955916    
  0.0000000E+00   1.000000      0.6583446    
  0.0000000E+00   3.708952    
   26.65317    
  1.0000000E+10
  0.0000000E+00  1.5878581E-02  6.6823424E-03  3.9418554E-03  2.6485678E-03
  1.9057288E-03  1.4292432E-03  1.1032493E-03
  0.0000000E+00  1.8824283E-02  7.9734921E-03  4.7541684E-03  3.2321503E-03
  2.3492945E-03  1.7766138E-03  1.3807182E-03
  0.0000000E+00  2.2851646E-02  9.7498931E-03  5.8743050E-03  4.0359125E-03
  2.9606670E-03  2.2595124E-03  1.7667806E-03
  0.0000000E+00  2.8430950E-02  1.2233860E-02  7.4497648E-03  5.1752883E-03
  3.8349722E-03  2.9499787E-03  0.0000000E+00
  0.0000000E+00  3.6297563E-02  1.5786661E-02  9.7327912E-03  6.8448051E-03
  5.1303976E-03  3.9781956E-03  0.0000000E+00
  0.0000000E+00  4.7776826E-02  2.1036768E-02  1.3168019E-02  9.3993153E-03
  7.1333898E-03  5.5793072E-03  0.0000000E+00
  0.0000000E+00  6.5156050E-02  2.9157758E-02  1.8610517E-02  1.3535698E-02
  1.0427533E-02  8.1851212E-03  0.0000000E+00
  0.0000000E+00  9.2902951E-02  4.2496793E-02  2.7853781E-02  2.0763146E-02
  1.6231295E-02  1.2338606E-02
  0.0000000E+00  0.1405729      6.6310383E-02  4.5168877E-02  3.4737065E-02
  2.6806327E-02
  0.0000000E+00  0.2310816      0.1143651      8.2449764E-02  6.4600252E-02
  0.0000000E+00  0.4313809      0.2315092      0.1792219    
  0.0000000E+00   1.000000      0.6179991    
  0.0000000E+00   3.595553    
   26.87046    
  9.9999998E+10
  0.0000000E+00  2.3500493E-02  9.0698134E-03  4.7571287E-03  2.8888891E-03
  1.9136677E-03  1.3443461E-03  9.8485744E-04
  0.0000000E+00  2.5152409E-02  1.0058997E-02  5.4709935E-03  3.4159292E-03
  2.3107179E-03  1.6489675E-03  1.2218290E-03
  0.0000000E+00  2.7925270E-02  1.1482793E-02  6.4601772E-03  4.1435594E-03
  2.8613571E-03  2.0707967E-03  1.5506392E-03
  0.0000000E+00  3.2448377E-02  1.3602753E-02  7.8761065E-03  5.1779747E-03
  3.6420848E-03  2.6725663E-03  0.0000000E+00
  0.0000000E+00  3.9547689E-02  1.6822025E-02  9.9744350E-03  6.7000985E-03
  4.7925273E-03  3.5575223E-03  0.0000000E+00
  0.0000000E+00  5.0501477E-02  2.1789579E-02  1.3193707E-02  9.0344157E-03
  6.5585058E-03  4.9085547E-03  0.0000000E+00
  0.0000000E+00  6.7630284E-02  2.9675517E-02  1.8344151E-02  1.2798427E-02
  9.4119962E-03  7.0462143E-03  0.0000000E+00
  0.0000000E+00  9.5457226E-02  4.2772859E-02  2.7079646E-02  1.9276302E-02
  1.4289086E-02  1.0285152E-02
  0.0000000E+00  0.1435792      6.6155359E-02  4.3205507E-02  3.1406097E-02
  2.2694198E-02
  0.0000000E+00  0.2352016      0.1128220      7.6892823E-02  5.5791546E-02
  0.0000000E+00  0.4365782      0.2235988      0.1588201    
  0.0000000E+00   1.000000      0.5659784    
  0.0000000E+00   3.449361    
   29.59686    
  1.0000000E+12
  0.0000000E+00  4.2409185E-02  1.3709732E-02  6.1823167E-03  3.3396161E-03
  2.0202193E-03  1.3205963E-03  9.1295410E-04
  0.0000000E+00  4.5390677E-02  1.5039410E-02  6.9276905E-03  3.8091158E-03
  2.3372171E-03  1.5460931E-03  1.0789924E-03
  0.0000000E+00  4.8457850E-02  1.6624400E-02  7.8906780E-03  4.4413982E-03
  2.7775874E-03  1.8642907E-03  1.3161412E-03
  0.0000000E+00  5.1833451E-02  1.8625772E-02  9.1929408E-03  5.3324196E-03
  3.4098697E-03  2.3286496E-03  0.0000000E+00
  0.0000000E+00  5.6442771E-02  2.1384509E-02  1.1055517E-02  6.6381083E-03
  4.3540099E-03  3.0243315E-03  0.0000000E+00
  0.0000000E+00  6.4204931E-02  2.5565455E-02  1.3882796E-02  8.6411927E-03
  5.8104862E-03  4.0952708E-03  0.0000000E+00
  0.0000000E+00  7.8289926E-02  3.2402329E-02  1.8420151E-02  1.1864291E-02
  8.1477035E-03  5.7676490E-03  0.0000000E+00
  0.0000000E+00  0.1038897      4.4328310E-02  2.6199453E-02  1.7357780E-02
  1.2045922E-02  8.1991088E-03
  0.0000000E+00  0.1508739      6.6312544E-02  4.0524330E-02  2.7364632E-02
  1.8420151E-02
  0.0000000E+00  0.2424606      0.1103667      6.9653869E-02  4.6333104E-02
  0.0000000E+00  0.4444825      0.2121316      0.1359321    
  0.0000000E+00   1.000000      0.5049692    
  0.0000000E+00   3.279644    
   32.24812    
  9.9999998E+12
  0.0000000E+00  6.7696705E-02  2.0909339E-02  9.0443781E-03  4.7100461E-03
  2.7606862E-03  1.7546965E-03  1.1828206E-03
  0.0000000E+00  7.0460118E-02  2.1848625E-02  9.4854338E-03  4.9578003E-03
  2.9131500E-03  1.8554315E-03  1.2534712E-03
  0.0000000E+00  7.5142935E-02  2.3454942E-02  1.0242308E-02  5.3825211E-03
  3.1772393E-03  2.0323987E-03  1.3762591E-03
  0.0000000E+00  8.2003810E-02  2.5864417E-02  1.1414375E-02  6.0509122E-03
  3.5992377E-03  2.3141846E-03  0.0000000E+00
  0.0000000E+00  9.1029130E-02  2.9240401E-02  1.3122789E-02  7.0569017E-03
  4.2472091E-03  2.7552408E-03  0.0000000E+00
  0.0000000E+00  0.1022189      3.3868771E-02  1.5627552E-02  8.5910698E-03
  5.2613667E-03  3.4535802E-03  0.0000000E+00
  0.0000000E+00  0.1164852      4.0484618E-02  1.9466376E-02  1.1056357E-02
  6.9221347E-03  4.5807245E-03  0.0000000E+00
  0.0000000E+00  0.1378982      5.0993741E-02  2.5918867E-02  1.5300844E-02
  9.7604143E-03  6.2646340E-03
  0.0000000E+00  0.1777838      6.9956437E-02  3.7748437E-02  2.3046555E-02
  1.4375170E-02
  0.0000000E+00  0.2625919      0.1086714      6.1557312E-02  3.7203923E-02
  0.0000000E+00  0.4592976      0.1982031      0.1129594    
  0.0000000E+00   1.000000      0.4405119    
  0.0000000E+00   3.101007    
   32.57555    
  1.0000000E+14
  0.0000000E+00  0.1200000      3.6794521E-02  1.5799087E-02  8.1716897E-03
  4.7579906E-03  3.0054795E-03  2.0146118E-03
  0.0000000E+00  0.1306849      4.0100455E-02  1.7223744E-02  8.9132423E-03
  5.1890407E-03  3.2767123E-03  2.1945206E-03
  0.0000000E+00  0.1369863      4.2054795E-02  1.8073060E-02  9.3607306E-03
  5.4493151E-03  3.4401827E-03  2.3013698E-03
  0.0000000E+00  0.1389954      4.2739727E-02  1.8392695E-02  9.5342463E-03
  5.5543380E-03  3.5059359E-03  0.0000000E+00
  0.0000000E+00  0.1409132      4.3442924E-02  1.8748857E-02  9.7351596E-03
  5.6785387E-03  3.5826485E-03  0.0000000E+00
  0.0000000E+00  0.1484018      4.5972601E-02  1.9936072E-02  1.0392694E-02
  6.0730590E-03  3.8264839E-03  0.0000000E+00
  0.0000000E+00  0.1652055      5.1671233E-02  2.2611871E-02  1.1872146E-02
  6.9607305E-03  4.3589040E-03  0.0000000E+00
  0.0000000E+00  0.1937899      6.1799087E-02  2.7534245E-02  1.4639270E-02
  8.6100455E-03  5.1789954E-03
  0.0000000E+00  0.2393607      7.9132423E-02  3.6429223E-02  1.9753424E-02
  1.1315068E-02
  0.0000000E+00  0.3195434      0.1117808      5.3972602E-02  2.9141553E-02
  0.0000000E+00  0.4976255      0.1845662      9.1223739E-02
  0.0000000E+00   1.000000      0.3748858    
  0.0000000E+00   2.890411    
   32.02740    
