   100.0000    
  0.0000000E+00  1.3557935E-02  5.9987409E-03  3.8589423E-03  2.9093202E-03
  2.3979850E-03  2.0969773E-03  1.9187658E-03
  0.0000000E+00  1.6385389E-02  7.3110829E-03  4.7544083E-03  3.6290933E-03
  3.0340049E-03  2.6983628E-03  2.5201510E-03
  0.0000000E+00  2.0113351E-02  9.0617128E-03  5.9741815E-03  4.6303528E-03
  3.9414358E-03  3.5843828E-03  3.4426954E-03
  0.0000000E+00  2.5163727E-02  1.1479849E-02  7.6889172E-03  6.0768262E-03
  5.2972292E-03  4.9659954E-03  0.0000000E+00
  0.0000000E+00  3.2204032E-02  1.4911839E-02  1.0195214E-02  8.2682623E-03
  7.4496223E-03  7.2984886E-03  0.0000000E+00
  0.0000000E+00  4.2374056E-02  2.0000001E-02  1.4055416E-02  1.1813602E-02
  1.1171285E-02  1.1750630E-02  0.0000000E+00
  0.0000000E+00  5.7751890E-02  2.7972292E-02  2.0415617E-02  1.8091939E-02
  1.8520152E-02  2.2052897E-02  0.0000000E+00
  0.0000000E+00  8.2367763E-02  4.1366499E-02  3.1977329E-02  3.0931991E-02
  3.6593199E-02  5.3992443E-02
  0.0000000E+00  0.1250000      6.6309825E-02  5.6479849E-02  6.4672545E-02
  0.1011335    
  0.0000000E+00  0.2074307      0.1211587      0.1253149      0.2059194    
  0.0000000E+00  0.3968514      0.2855164      0.4719774    
  0.0000000E+00   1.000000       1.305416    
  0.0000000E+00   5.544081    
   35.98867    
   1000.000    
  0.0000000E+00  1.3539713E-02  5.9949970E-03  3.8592871E-03  2.9111945E-03
  2.3996248E-03  2.0994372E-03  1.9212008E-03
  0.0000000E+00  1.6366478E-02  7.3045655E-03  4.7548469E-03  3.6310195E-03
  3.0368981E-03  2.7016886E-03  2.5234520E-03
  0.0000000E+00  2.0093808E-02  9.0619139E-03  5.9743589E-03  4.6328958E-03
  3.9455909E-03  3.5884927E-03  3.4465292E-03
  0.0000000E+00  2.5134459E-02  1.1469669E-02  7.6923077E-03  6.0806754E-03
  5.3026890E-03  4.9712323E-03  0.0000000E+00
  0.0000000E+00  3.2163855E-02  1.4903065E-02  1.0200125E-02  8.2739210E-03
  7.4546589E-03  7.3108193E-03  0.0000000E+00
  0.0000000E+00  4.2326454E-02  1.9993745E-02  1.4058787E-02  1.1819887E-02
  1.1181989E-02  1.1757349E-02  0.0000000E+00
  0.0000000E+00  5.7679802E-02  2.7961226E-02  2.0425266E-02  1.8111318E-02
  1.8530332E-02  2.2007504E-02  0.0000000E+00
  0.0000000E+00  8.2301438E-02  4.1350845E-02  3.1988744E-02  3.0963100E-02
  3.6554094E-02  5.3314574E-02
  0.0000000E+00  0.1248906      6.6353969E-02  5.6516573E-02  6.4665414E-02
  0.1000625    
  0.0000000E+00  0.2072545      0.1212007      0.1253283      0.2041276    
  0.0000000E+00  0.3965603      0.2855535      0.4687304    
  0.0000000E+00   1.000000       1.298311    
  0.0000000E+00   5.522827    
   35.87242    
   10000.00    
  0.0000000E+00  1.3534483E-02  5.9969211E-03  3.8626846E-03  2.9150248E-03
  2.4033252E-03  2.1022167E-03  1.9230295E-03
  0.0000000E+00  1.6354680E-02  7.3091136E-03  4.7592362E-03  3.6360838E-03
  3.0412562E-03  2.7050492E-03  2.5246306E-03
  0.0000000E+00  2.0080050E-02  9.0640392E-03  5.9802956E-03  4.6397783E-03
  3.9513549E-03  3.5923645E-03  3.4458130E-03
  0.0000000E+00  2.5123153E-02  1.1477833E-02  7.6970444E-03  6.0886699E-03
  5.3097289E-03  4.9747536E-03  0.0000000E+00
  0.0000000E+00  3.2149013E-02  1.4907636E-02  1.0209359E-02  8.2881777E-03
  7.4630543E-03  7.3091136E-03  0.0000000E+00
  0.0000000E+00  4.2302959E-02  2.0000000E-02  1.4076354E-02  1.1834975E-02
  1.1194581E-02  1.1730296E-02  0.0000000E+00
  0.0000000E+00  5.7653941E-02  2.7974138E-02  2.0449508E-02  1.8128078E-02
  1.8522168E-02  2.1822659E-02  0.0000000E+00
  0.0000000E+00  8.2266010E-02  4.1373152E-02  3.2025862E-02  3.0972905E-02
  3.6360838E-02  5.1637929E-02
  0.0000000E+00  0.1248153      6.6379309E-02  5.6564040E-02  6.4470440E-02
  9.7352214E-02
  0.0000000E+00  0.2072044      0.1213054      0.1251847      0.1995690    
  0.0000000E+00  0.3965517      0.2855296      0.4602217    
  0.0000000E+00   1.000000       1.280172    
  0.0000000E+00   5.469827    
   35.58497    
   100000.0    
  0.0000000E+00  1.3542790E-02  6.0083782E-03  3.8719331E-03  2.9228008E-03
  2.4099343E-03  2.1065231E-03  1.9228008E-03
  0.0000000E+00  1.6367445E-02  7.3189707E-03  4.7701974E-03  3.6457214E-03
  3.0484740E-03  2.7091564E-03  2.5218432E-03
  0.0000000E+00  2.0089768E-02  9.0783965E-03  5.9964093E-03  4.6517057E-03
  3.9599044E-03  3.5954521E-03  3.4374627E-03
  0.0000000E+00  2.5134649E-02  1.1496111E-02  7.7139437E-03  6.1041294E-03
  5.3201676E-03  4.9742670E-03  0.0000000E+00
  0.0000000E+00  3.2166366E-02  1.4937163E-02  1.0233394E-02  8.3064036E-03
  7.4745663E-03  7.2950334E-03  0.0000000E+00
  0.0000000E+00  4.2327948E-02  2.0035908E-02  1.4111311E-02  1.1861161E-02
  1.1196888E-02  1.1657691E-02  0.0000000E+00
  0.0000000E+00  5.7690009E-02  2.8019151E-02  2.0496709E-02  1.8156793E-02
  1.8473970E-02  2.1430282E-02  0.0000000E+00
  0.0000000E+00  8.2286052E-02  4.1454222E-02  3.2100540E-02  3.0969480E-02
  3.5924595E-02  4.8940755E-02
  0.0000000E+00  0.1249551      6.6487134E-02  5.6642730E-02  6.3973673E-02
  9.2998207E-02
  0.0000000E+00  0.2073609      0.1214841      0.1247756      0.1920407    
  0.0000000E+00  0.3969480      0.2853980      0.4460203    
  0.0000000E+00   1.000000       1.248953    
  0.0000000E+00   5.382406    
   35.11670    
   1000000.    
  0.0000000E+00  1.3549119E-02  6.0193068E-03  3.8841565E-03  2.9318568E-03
  2.4151050E-03  2.1061895E-03  1.9142531E-03
  0.0000000E+00  1.6371381E-02  7.3367404E-03  4.7847810E-03  3.6570129E-03
  3.0539464E-03  2.7058488E-03  2.5059623E-03
  0.0000000E+00  2.0102214E-02  9.0971030E-03  6.0136286E-03  4.6649631E-03
  3.9653606E-03  3.5865982E-03  3.4048834E-03
  0.0000000E+00  2.5144802E-02  1.1516184E-02  7.7399202E-03  6.1215213E-03
  5.3231115E-03  4.9517318E-03  0.0000000E+00
  0.0000000E+00  3.2180578E-02  1.4963089E-02  1.0261214E-02  8.3248150E-03
  7.4673477E-03  7.2288467E-03  0.0000000E+00
  0.0000000E+00  4.2345256E-02  2.0079499E-02  1.4145372E-02  1.1879613E-02
  1.1158432E-02  1.1465076E-02  0.0000000E+00
  0.0000000E+00  5.7694491E-02  2.8080635E-02  2.0545144E-02  1.8160136E-02
  1.8302102E-02  2.0681432E-02  0.0000000E+00
  0.0000000E+00  8.2339577E-02  4.1538894E-02  3.2157864E-02  3.0851787E-02
  3.5031233E-02  4.5178872E-02
  0.0000000E+00  0.1249858      6.6609874E-02  5.6638271E-02  6.2975578E-02
  8.6768873E-02
  0.0000000E+00  0.2075525      0.1216922      0.1237365      0.1810335    
  0.0000000E+00  0.3973310      0.2844974      0.4248722    
  0.0000000E+00   1.000000       1.202726    
  0.0000000E+00   5.248722    
   34.39523    
  1.0000000E+07
  0.0000000E+00  1.3596264E-02  6.0508563E-03  3.9071091E-03  2.9470681E-03
  2.4198233E-03  2.0985988E-03  1.8899844E-03
  0.0000000E+00  1.6424494E-02  7.3741572E-03  4.8121433E-03  3.6735861E-03
  3.0576026E-03  2.6912298E-03  2.4649715E-03
  0.0000000E+00  2.0155681E-02  9.1437465E-03  6.0456665E-03  4.6839644E-03
  3.9647119E-03  3.5573430E-03  3.3300468E-03
  0.0000000E+00  2.5215361E-02  1.1572392E-02  7.7789305E-03  6.1390763E-03
  5.3139594E-03  4.8899846E-03  0.0000000E+00
  0.0000000E+00  3.2262586E-02  1.5038921E-02  1.0311365E-02  8.3445767E-03
  7.4364301E-03  7.0887390E-03  0.0000000E+00
  0.0000000E+00  4.2454593E-02  2.0171251E-02  1.4213803E-02  1.1888946E-02
  1.1048262E-02  1.1100155E-02  0.0000000E+00
  0.0000000E+00  5.7861961E-02  2.8209653E-02  2.0627920E-02  1.8116243E-02
  1.7939802E-02  1.9486248E-02  0.0000000E+00
  0.0000000E+00  8.2563572E-02  4.1728072E-02  3.2231446E-02  3.0560456E-02
  3.3528801E-02  4.0306177E-02
  0.0000000E+00  0.1253762      6.6891536E-02  5.6512713E-02  6.1183184E-02
  7.8463934E-02
  0.0000000E+00  0.2081474      0.1220031      0.1217436      0.1661650    
  0.0000000E+00  0.3984950      0.2827711      0.3960560    
  0.0000000E+00   1.000000       1.138557    
  0.0000000E+00   5.065387    
   33.41463    
  1.0000000E+08
  0.0000000E+00  1.3710466E-02  6.1202673E-03  3.9496659E-03  2.9679285E-03
  2.4187083E-03  2.0712696E-03  1.8329620E-03
  0.0000000E+00  1.6547883E-02  7.4476614E-03  4.8596878E-03  3.6939865E-03
  3.0481068E-03  2.6454341E-03  2.3741648E-03
  0.0000000E+00  2.0302895E-02  9.2293983E-03  6.0979952E-03  4.7037858E-03
  3.9407569E-03  3.4779508E-03  3.1777280E-03
  0.0000000E+00  2.5385300E-02  1.1679286E-02  7.8396434E-03  6.1559021E-03
  5.2605788E-03  4.7438750E-03  0.0000000E+00
  0.0000000E+00  3.2476615E-02  1.5167038E-02  1.0387528E-02  8.3429841E-03
  7.3229396E-03  6.8017812E-03  0.0000000E+00
  0.0000000E+00  4.2730510E-02  2.0342983E-02  1.4293986E-02  1.1848551E-02
  1.0783964E-02  1.0440979E-02  0.0000000E+00
  0.0000000E+00  5.8262806E-02  2.8436525E-02  2.0712694E-02  1.7937638E-02
  1.7224943E-02  1.7679287E-02  0.0000000E+00
  0.0000000E+00  8.3118036E-02  4.2040087E-02  3.2253895E-02  2.9893095E-02
  3.1135855E-02  3.4062359E-02
  0.0000000E+00  0.1261915      6.7305118E-02  5.6124717E-02  5.8129173E-02
  6.7661464E-02
  0.0000000E+00  0.2094877      0.1222717      0.1181292      0.1463252    
  0.0000000E+00  0.4008018      0.2792873      0.3567038    
  0.0000000E+00   1.000000       1.049889    
  0.0000000E+00   4.810690    
   32.09800    
  1.0000000E+09
  0.0000000E+00  1.4075355E-02  6.3014170E-03  4.0580714E-03  3.0172830E-03
  2.4147944E-03  2.0162461E-03  1.7290011E-03
  0.0000000E+00  1.6916696E-02  7.6287589E-03  4.9567926E-03  3.7262356E-03
  3.0155550E-03  2.5475286E-03  2.2098168E-03
  0.0000000E+00  2.0687867E-02  9.4158314E-03  6.1908052E-03  4.7148289E-03
  3.8679570E-03  3.3131698E-03  2.9139302E-03
  0.0000000E+00  2.5814034E-02  1.1887315E-02  7.9294853E-03  6.1354996E-03
  5.1192534E-03  4.4624954E-03  0.0000000E+00
  0.0000000E+00  3.2983065E-02  1.5409609E-02  1.0473557E-02  8.2716905E-03
  7.0549599E-03  6.2875906E-03  0.0000000E+00
  0.0000000E+00  4.3346010E-02  2.0632561E-02  1.4369167E-02  1.1659178E-02
  1.0241964E-02  9.4020050E-03  0.0000000E+00
  0.0000000E+00  5.9073627E-02  2.8804012E-02  2.0729348E-02  1.7469754E-02
  1.5983408E-02  1.5240235E-02  0.0000000E+00
  0.0000000E+00  8.4237821E-02  4.2516418E-02  3.2056689E-02  2.8555132E-02
  2.7680609E-02  2.7144833E-02
  0.0000000E+00  0.1278949      6.7853436E-02  5.5029381E-02  5.3370204E-02
  5.5236779E-02
  0.0000000E+00  0.2122019      0.1222952      0.1120636      0.1229174    
  0.0000000E+00  0.4051158      0.2728310      0.3088835    
  0.0000000E+00   1.000000      0.9398549    
  0.0000000E+00   4.500518    
   30.66367    
  1.0000000E+10
  0.0000000E+00  1.5881008E-02  7.2585810E-03  4.6109841E-03  3.2974831E-03
  2.5057208E-03  1.9750572E-03  1.5970252E-03
  0.0000000E+00  1.8391304E-02  8.3821509E-03  5.3844391E-03  3.9176201E-03
  3.0297483E-03  2.4279177E-03  1.9910755E-03
  0.0000000E+00  2.1967962E-02  1.0032037E-02  6.5125856E-03  4.8100688E-03
  3.7803203E-03  3.0778032E-03  2.5606407E-03
  0.0000000E+00  2.7002288E-02  1.2418765E-02  8.1601832E-03  6.1235703E-03
  4.8947367E-03  4.0480550E-03  0.0000000E+00
  0.0000000E+00  3.4187641E-02  1.5903890E-02  1.0617848E-02  8.1121279E-03
  6.6064070E-03  5.5606407E-03  0.0000000E+00
  0.0000000E+00  4.4668190E-02  2.1132724E-02  1.4407322E-02  1.1260870E-02
  9.3775736E-03  8.0503430E-03  0.0000000E+00
  0.0000000E+00  6.0663614E-02  2.9336384E-02  2.0576660E-02  1.6569793E-02
  1.4199085E-02  1.2453089E-02  0.0000000E+00
  0.0000000E+00  8.6361557E-02  4.3066360E-02  3.1418767E-02  2.6384439E-02
  2.3455378E-02  2.0549199E-02
  0.0000000E+00  0.1308696      6.8283752E-02  5.2837525E-02  4.7070939E-02
  4.2974830E-02
  0.0000000E+00  0.2167277      0.1215103      0.1032037      9.8718531E-02
  0.0000000E+00  0.4118993      0.2624714      0.2576659    
  0.0000000E+00   1.000000      0.8183066    
  0.0000000E+00   4.153318    
   30.32037    
  9.9999998E+10
  0.0000000E+00  2.9850392E-02  1.2206127E-02  6.5566371E-03  4.0394203E-03
  2.7107575E-03  1.9294705E-03  1.4331513E-03
  0.0000000E+00  2.9268581E-02  1.2669200E-02  7.1574445E-03  4.5772977E-03
  3.1583945E-03  2.2963665E-03  1.7359297E-03
  0.0000000E+00  3.0028496E-02  1.3547851E-02  8.0301585E-03  5.3336499E-03
  3.7888864E-03  2.8176205E-03  2.1669439E-03
  0.0000000E+00  3.2901924E-02  1.5150797E-02  9.3493229E-03  6.4379009E-03
  4.7079078E-03  3.5822846E-03  0.0000000E+00
  0.0000000E+00  3.8684398E-02  1.7941106E-02  1.1418903E-02  8.1215864E-03
  6.1054379E-03  4.7470909E-03  0.0000000E+00
  0.0000000E+00  4.8444550E-02  2.2631204E-02  1.4770838E-02  1.0813346E-02
  8.3400616E-03  6.6100690E-03  0.0000000E+00
  0.0000000E+00  6.4236522E-02  3.0467821E-02  2.0398954E-02  1.5352647E-02
  1.2134884E-02  9.7459033E-03  0.0000000E+00
  0.0000000E+00  9.0251721E-02  4.3885063E-02  3.0349085E-02  2.3557350E-02
  1.9033482E-02  1.5008312E-02
  0.0000000E+00  0.1357160      6.8534791E-02  4.9525052E-02  3.9943006E-02
  3.2225125E-02
  0.0000000E+00  0.2235811      0.1195678      9.2187129E-02  7.6597005E-02
  0.0000000E+00  0.4212776      0.2480408      0.2083828    
  0.0000000E+00   1.000000      0.6973403    
  0.0000000E+00   3.812634    
   32.36761    
  1.0000000E+12
  0.0000000E+00  6.4165585E-02  2.0914188E-02  9.4911596E-03  5.1617073E-03
  3.1431653E-03  2.0698577E-03  1.4420009E-03
  0.0000000E+00  6.4208709E-02  2.1556705E-02  1.0008624E-02  5.5411817E-03
  3.4269080E-03  2.2854677E-03  1.6101768E-03
  0.0000000E+00  6.4208709E-02  2.2509702E-02  1.0797758E-02  6.1319536E-03
  3.8706339E-03  2.6248384E-03  1.8740837E-03
  0.0000000E+00  6.4079344E-02  2.3872359E-02  1.1983613E-02  7.0375158E-03
  4.5536868E-03  3.1504959E-03  0.0000000E+00
  0.0000000E+00  6.4596809E-02  2.5937904E-02  1.3777490E-02  8.4260460E-03
  5.6188013E-03  3.9741267E-03  0.0000000E+00
  0.0000000E+00  6.8046570E-02  2.9344544E-02  1.6601983E-02  1.0625270E-02
  7.3178094E-03  5.2910740E-03  0.0000000E+00
  0.0000000E+00  7.8266494E-02  3.5429064E-02  2.1285037E-02  1.4260457E-02
  1.0142303E-02  7.4385512E-03  0.0000000E+00
  0.0000000E+00  0.1009056      4.6916772E-02  2.9624838E-02  2.0698577E-02
  1.5079775E-02  1.0797758E-02
  0.0000000E+00  0.1452350      6.9383353E-02  4.5752477E-02  3.3057351E-02
  2.3777489E-02
  0.0000000E+00  0.2337645      0.1165157      8.0422595E-02  5.8344115E-02
  0.0000000E+00  0.4329452      0.2307029      0.1656749    
  0.0000000E+00   1.000000      0.5873221    
  0.0000000E+00   3.503234    
   33.02285    
  9.9999998E+12
  0.0000000E+00  0.1333333      4.1503463E-02  1.8100889E-02  9.5034614E-03
  5.6132544E-03  3.5954502E-03  2.4431257E-03
  0.0000000E+00  0.1239367      3.8803168E-02  1.7012859E-02  8.9792293E-03
  5.3293766E-03  3.4282890E-03  2.3382790E-03
  0.0000000E+00  0.1181009      3.7270028E-02  1.6478734E-02  8.7636001E-03
  5.2363994E-03  3.3887241E-03  2.3234421E-03
  0.0000000E+00  0.1162216      3.7181009E-02  1.6656775E-02  8.9564789E-03
  5.4055392E-03  3.5281901E-03  0.0000000E+00
  0.0000000E+00  0.1181009      3.8674578E-02  1.7665679E-02  9.6646892E-03
  5.9159249E-03  3.9050444E-03  0.0000000E+00
  0.0000000E+00  0.1234421      4.1958455E-02  1.9762613E-02  1.1088031E-02
  6.9198818E-03  4.6320474E-03  0.0000000E+00
  0.0000000E+00  0.1318497      4.7655787E-02  2.3521267E-02  1.3659744E-02
  8.7388726E-03  5.9159249E-03  0.0000000E+00
  0.0000000E+00  0.1461919      5.7507422E-02  3.0276954E-02  1.8358061E-02
  1.2027696E-02  7.9455990E-03
  0.0000000E+00  0.1781405      7.6162212E-02  4.3135509E-02  2.7309595E-02
  1.7665679E-02
  0.0000000E+00  0.2568744      0.1160237      6.9980219E-02  4.4559844E-02
  0.0000000E+00  0.4510386      0.2133531      0.1316518    
  0.0000000E+00   1.000000      0.4939664    
  0.0000000E+00   3.242334    
   32.59149    
  1.0000000E+14
  0.0000000E+00  0.2156255      6.6492736E-02  2.8726554E-02  1.4948525E-02
  8.7505290E-03  5.5591594E-03  3.7484132E-03
  0.0000000E+00  0.2442533      7.5475954E-02  3.2675222E-02  1.7035680E-02
  9.9985898E-03  6.3629951E-03  4.2955857E-03
  0.0000000E+00  0.2534198      7.8592584E-02  3.4141868E-02  1.7853618E-02
  1.0507685E-02  6.7028627E-03  4.5325058E-03
  0.0000000E+00  0.2439712      7.5983636E-02  3.3168804E-02  1.7430546E-02
  1.0290508E-02  6.5844026E-03  0.0000000E+00
  0.0000000E+00  0.2260612      7.0892677E-02  3.1152165E-02  1.6457481E-02
  9.7729508E-03  6.2769707E-03  0.0000000E+00
  0.0000000E+00  0.2120998      6.7183755E-02  2.9812437E-02  1.5893385E-02
  9.5021855E-03  6.1260751E-03  0.0000000E+00
  0.0000000E+00  0.2099845      6.7564517E-02  3.0447045E-02  1.6443379E-02
  9.9266674E-03  6.3996618E-03  0.0000000E+00
  0.0000000E+00  0.2238048      7.4009307E-02  3.4198280E-02  1.8840784E-02
  1.1466647E-02  7.1499082E-03
  0.0000000E+00  0.2586377      8.9578338E-02  4.3054573E-02  2.4298405E-02
  1.4483147E-02
  0.0000000E+00  0.3288676      0.1228882      6.2360737E-02  3.5143141E-02
  0.0000000E+00  0.4947116      0.2009590      0.1055704    
  0.0000000E+00   1.000000      0.4160203    
  0.0000000E+00   2.993936    
   31.80087    
