   100.0000    
  0.0000000E+00  1.4665908E-02  6.0440395E-03  3.5212603E-03  2.3591495E-03
  1.7031132E-03  1.2892939E-03  1.0094913E-03
  0.0000000E+00  1.7923310E-02  7.4145780E-03  4.3432042E-03  2.9259680E-03
  2.1233866E-03  1.6161732E-03  1.2718298E-03
  0.0000000E+00  2.2243736E-02  9.2520881E-03  5.4517845E-03  3.6970386E-03
  2.7004555E-03  2.0687168E-03  1.6389522E-03
  0.0000000E+00  2.8113136E-02  1.1765376E-02  6.9893696E-03  4.7760061E-03
  3.5189826E-03  2.7179194E-03  0.0000000E+00
  0.0000000E+00  3.6317389E-02  1.5315110E-02  9.1913436E-03  6.3477601E-03
  4.7266516E-03  3.6909643E-03  0.0000000E+00
  0.0000000E+00  4.8177674E-02  2.0520121E-02  1.2475322E-02  8.7357629E-03
  6.5983296E-03  5.2315868E-03  0.0000000E+00
  0.0000000E+00  6.6059224E-02  2.8515566E-02  1.7642369E-02  1.2593014E-02
  9.7076688E-03  7.8397878E-03  0.0000000E+00
  0.0000000E+00  9.4570994E-02  4.1571755E-02  2.6359148E-02  1.9343205E-02
  1.5345481E-02  1.2444951E-02
  0.0000000E+00  0.1432802      6.4692482E-02  4.2596813E-02  3.2615792E-02
  2.6556568E-02
  0.0000000E+00  0.2353075      0.1108580      7.7638566E-02  6.2984057E-02
  0.0000000E+00  0.4369780      0.2220957      0.1727411    
  0.0000000E+00   1.000000      0.5949126    
  0.0000000E+00   3.537965    
   25.80486    
   1000.000    
  0.0000000E+00  1.4664138E-02  6.0417461E-03  3.5206834E-03  2.3586340E-03
  1.7028464E-03  1.2891841E-03  1.0091081E-03
  0.0000000E+00  1.7920304E-02  7.4155601E-03  4.3415562E-03  2.9252372E-03
  2.1229603E-03  1.6155599E-03  1.2713473E-03
  0.0000000E+00  2.2239091E-02  9.2485771E-03  5.4535107E-03  3.6960151E-03
  2.6998103E-03  2.0679317E-03  1.6379508E-03
  0.0000000E+00  2.8110057E-02  1.1764706E-02  6.9905128E-03  4.7779889E-03
  3.5176473E-03  2.7168882E-03  0.0000000E+00
  0.0000000E+00  3.6311198E-02  1.5313093E-02  9.1916509E-03  6.3453512E-03
  4.7248579E-03  3.6891841E-03  0.0000000E+00
  0.0000000E+00  4.8159394E-02  2.0516129E-02  1.2474384E-02  8.7324483E-03
  6.5958258E-03  5.2258065E-03  0.0000000E+00
  0.0000000E+00  6.6072106E-02  2.8512334E-02  1.7639469E-02  1.2588236E-02
  9.7001903E-03  7.8330170E-03  0.0000000E+00
  0.0000000E+00  9.4535105E-02  4.1555978E-02  2.6352942E-02  1.9335864E-02
  1.5335863E-02  1.2425047E-02
  0.0000000E+00  0.1432638      6.4667933E-02  4.2580649E-02  3.2599624E-02
  2.6523720E-02
  0.0000000E+00  0.2352562      0.1108159      7.7609107E-02  6.2922202E-02
  0.0000000E+00  0.4368122      0.2220494      0.1726376    
  0.0000000E+00   1.000000      0.5946869    
  0.0000000E+00   3.536623    
   25.79507    
   10000.00    
  0.0000000E+00  1.4664392E-02  6.0447478E-03  3.5206678E-03  2.3583618E-03
  1.7019340E-03  1.2882063E-03  1.0083428E-03
  0.0000000E+00  1.7921880E-02  7.4137282E-03  4.3420554E-03  2.9245354E-03
  2.1221084E-03  1.6143345E-03  1.2700038E-03
  0.0000000E+00  2.2241184E-02  9.2491470E-03  5.4531666E-03  3.6951082E-03
  2.6985211E-03  2.0663633E-03  1.6359501E-03
  0.0000000E+00  2.8111491E-02  1.1763368E-02  6.9890027E-03  4.7743651E-03
  3.5157376E-03  2.7144484E-03  0.0000000E+00
  0.0000000E+00  3.6313992E-02  1.5312855E-02  9.1884723E-03  6.3443310E-03
  4.7212741E-03  3.6848693E-03  0.0000000E+00
  0.0000000E+00  4.8160791E-02  2.0515738E-02  1.2472507E-02  8.7296171E-03
  6.5908232E-03  5.2180509E-03  0.0000000E+00
  0.0000000E+00  6.6059917E-02  2.8509671E-02  1.7633677E-02  1.2582480E-02
  9.6928328E-03  7.8157000E-03  0.0000000E+00
  0.0000000E+00  9.4539255E-02  4.1562382E-02  2.6348121E-02  1.9324992E-02
  1.5309064E-02  1.2351157E-02
  0.0000000E+00  0.1432689      6.4656809E-02  4.2548351E-02  3.2559726E-02
  2.6397422E-02
  0.0000000E+00  0.2352673      0.1108077      7.7550247E-02  6.2684871E-02
  0.0000000E+00  0.4368601      0.2219568      0.1721653    
  0.0000000E+00   1.000000      0.5934774    
  0.0000000E+00   3.533182    
   25.77929    
   100000.0    
  0.0000000E+00  1.4674244E-02  6.0454546E-03  3.5219698E-03  2.3583334E-03
  1.7015152E-03  1.2867425E-03  1.0064394E-03
  0.0000000E+00  1.7931819E-02  7.4204546E-03  4.3446971E-03  2.9246213E-03
  2.1208334E-03  1.6125001E-03  1.2674243E-03
  0.0000000E+00  2.2253789E-02  9.2537887E-03  5.4545458E-03  3.6946971E-03
  2.6969698E-03  2.0636364E-03  1.6321969E-03
  0.0000000E+00  2.8128788E-02  1.1768940E-02  6.9886362E-03  4.7727274E-03
  3.5132575E-03  2.7102274E-03  0.0000000E+00
  0.0000000E+00  3.6333337E-02  1.5321970E-02  9.1893943E-03  6.3409093E-03
  4.7159093E-03  3.6772729E-03  0.0000000E+00
  0.0000000E+00  4.8181821E-02  2.0526515E-02  1.2473485E-02  8.7272730E-03
  6.5833335E-03  5.2045453E-03  0.0000000E+00
  0.0000000E+00  6.6098481E-02  2.8522728E-02  1.7636364E-02  1.2575758E-02
  9.6742436E-03  7.7765156E-03  0.0000000E+00
  0.0000000E+00  9.4583340E-02  4.1553032E-02  2.6344698E-02  1.9303031E-02
  1.5257576E-02  1.2215910E-02
  0.0000000E+00  0.1433333      6.4696975E-02  4.2537879E-02  3.2488637E-02
  2.6159093E-02
  0.0000000E+00  0.2353788      0.1108333      7.7462122E-02  6.2234852E-02
  0.0000000E+00  0.4367424      0.2218561      0.1712500    
  0.0000000E+00   1.000000      0.5916667    
  0.0000000E+00   3.528031    
   25.75379    
   1000000.    
  0.0000000E+00  1.4684550E-02  6.0483566E-03  3.5224783E-03  2.3570079E-03
  1.6989046E-03  1.2837175E-03  1.0026445E-03
  0.0000000E+00  1.7944844E-02  7.4234987E-03  4.3445411E-03  2.9225538E-03
  2.1174916E-03  1.6078581E-03  1.2618059E-03
  0.0000000E+00  2.2270497E-02  9.2595387E-03  5.4552327E-03  3.6921042E-03
  2.6921043E-03  2.0570457E-03  1.6237251E-03
  0.0000000E+00  2.8145071E-02  1.1775595E-02  6.9890441E-03  4.7714398E-03
  3.5062335E-03  2.7000378E-03  0.0000000E+00
  0.0000000E+00  3.6354367E-02  1.5326786E-02  9.1877598E-03  6.3354741E-03
  4.7072158E-03  3.6607480E-03  0.0000000E+00
  0.0000000E+00  4.8243295E-02  2.0532679E-02  1.2470722E-02  8.7155271E-03
  6.5621459E-03  5.1718927E-03  0.0000000E+00
  0.0000000E+00  6.6112585E-02  2.8530411E-02  1.7627502E-02  1.2553835E-02
  9.6335476E-03  7.7030603E-03  0.0000000E+00
  0.0000000E+00  9.4635442E-02  4.1556481E-02  2.6324140E-02  1.9251984E-02
  1.5149226E-02  1.1994712E-02
  0.0000000E+00  0.1434076      6.4676993E-02  4.2500947E-02  3.2334719E-02
  2.5768796E-02
  0.0000000E+00  0.2354741      0.1108047      7.7219494E-02  6.1503593E-02
  0.0000000E+00  0.4370986      0.2215716      0.1697393    
  0.0000000E+00   1.000000      0.5878353    
  0.0000000E+00   3.517567    
   25.70079    
  1.0000000E+07
  0.0000000E+00  1.4706766E-02  6.0563907E-03  3.5233081E-03  2.3545111E-03
  1.6939850E-03  1.2770676E-03  9.9473679E-04
  0.0000000E+00  1.7969925E-02  7.4323304E-03  4.3458645E-03  2.9187968E-03
  2.1109022E-03  1.5988721E-03  1.2507518E-03
  0.0000000E+00  2.2300752E-02  9.2669167E-03  5.4548872E-03  3.6864658E-03
  2.6823308E-03  2.0439848E-03  1.6075186E-03
  0.0000000E+00  2.8180450E-02  1.1781954E-02  6.9887214E-03  4.7631576E-03
  3.4917293E-03  2.6804509E-03  0.0000000E+00
  0.0000000E+00  3.6398493E-02  1.5338345E-02  9.1842106E-03  6.3233078E-03
  4.6842103E-03  3.6285713E-03  0.0000000E+00
  0.0000000E+00  4.8270676E-02  2.0545112E-02  1.2462405E-02  8.6917290E-03
  6.5225558E-03  5.1127821E-03  0.0000000E+00
  0.0000000E+00  6.6203006E-02  2.8541351E-02  1.7609023E-02  1.2507518E-02
  9.5526315E-03  7.5751878E-03  0.0000000E+00
  0.0000000E+00  9.4736844E-02  4.1578948E-02  2.6281953E-02  1.9150374E-02
  1.4958645E-02  1.1654135E-02
  0.0000000E+00  0.1435338      6.4699240E-02  4.2368419E-02  3.2045111E-02
  2.5146617E-02
  0.0000000E+00  0.2356767      0.1107143      7.6804511E-02  6.0300753E-02
  0.0000000E+00  0.4372180      0.2210526      0.1672180    
  0.0000000E+00   1.000000      0.5819549    
  0.0000000E+00   3.500000    
   25.61278    
  1.0000000E+08
  0.0000000E+00  1.4765101E-02  6.0775541E-03  3.5272185E-03  2.3501117E-03
  1.6849366E-03  1.2647278E-03  9.7986567E-04
  0.0000000E+00  1.8035049E-02  7.4496646E-03  4.3475018E-03  2.9123786E-03
  2.0980611E-03  1.5820282E-03  1.2300522E-03
  0.0000000E+00  2.2371363E-02  9.2915734E-03  5.4548844E-03  3.6763607E-03
  2.6640566E-03  2.0193884E-03  1.5775540E-03
  0.0000000E+00  2.8266218E-02  1.1808352E-02  6.9873226E-03  4.7464576E-03
  3.4642057E-03  2.6435493E-03  0.0000000E+00
  0.0000000E+00  3.6502607E-02  1.5365398E-02  9.1797160E-03  6.2975385E-03
  4.6383296E-03  3.5686053E-03  0.0000000E+00
  0.0000000E+00  4.8396718E-02  2.0577926E-02  1.2449664E-02  8.6465320E-03
  6.4466815E-03  5.0074570E-03  0.0000000E+00
  0.0000000E+00  6.6368379E-02  2.8575689E-02  1.7580163E-02  1.2419835E-02
  9.4108870E-03  7.3601785E-03  0.0000000E+00
  0.0000000E+00  9.4966434E-02  4.1610736E-02  2.6208052E-02  1.8963460E-02
  1.4627144E-02  1.1144668E-02
  0.0000000E+00  0.1438479      6.4690530E-02  4.2170022E-02  3.1539895E-02
  2.4194630E-02
  0.0000000E+00  0.2361670      0.1105891      7.6062635E-02  5.8426544E-02
  0.0000000E+00  0.4381059      0.2200969      0.1631618    
  0.0000000E+00   1.000000      0.5723341    
  0.0000000E+00   3.473154    
   25.48844    
  1.0000000E+09
  0.0000000E+00  1.4937546E-02  6.1278474E-03  3.5404114E-03  2.3438646E-03
  1.6675239E-03  1.2406318E-03  9.5150620E-04
  0.0000000E+00  1.8199854E-02  7.5018369E-03  4.3570902E-03  2.8993387E-03
  2.0727406E-03  1.5484939E-03  1.1917707E-03
  0.0000000E+00  2.2538574E-02  9.3387216E-03  5.4592211E-03  3.6546658E-03
  2.6271124E-03  1.9720793E-03  1.5231448E-03
  0.0000000E+00  2.8442321E-02  1.1855253E-02  6.9838353E-03  4.7097723E-03
  3.4092579E-03  2.5734755E-03  0.0000000E+00
  0.0000000E+00  3.6700953E-02  1.5415136E-02  9.1623804E-03  6.2380601E-03
  4.5518004E-03  3.4588536E-03  0.0000000E+00
  0.0000000E+00  4.8640706E-02  2.0628214E-02  1.2413667E-02  8.5525345E-03
  6.3041882E-03  4.8199855E-03  0.0000000E+00
  0.0000000E+00  6.6678911E-02  2.8626008E-02  1.7501837E-02  1.2248347E-02
  9.1440110E-03  7.0058783E-03  0.0000000E+00
  0.0000000E+00  9.5371053E-02  4.1660544E-02  2.6036004E-02  1.8603968E-02
  1.4063189E-02  1.0404115E-02
  0.0000000E+00  0.1444159      6.4658336E-02  4.1734021E-02  3.0639235E-02
  2.2777369E-02
  0.0000000E+00  0.2369581      0.1102866      7.4687727E-02  5.5547394E-02
  0.0000000E+00  0.4390154      0.2182219      0.1567965    
  0.0000000E+00   1.000000      0.5565761    
  0.0000000E+00   3.428729    
   25.34533    
  1.0000000E+10
  0.0000000E+00  1.5856631E-02  6.4193546E-03  3.6415770E-03  2.3609318E-03
  1.6444445E-03  1.1985663E-03  9.0179214E-04
  0.0000000E+00  1.8974910E-02  7.7383514E-03  4.4301073E-03  2.8964155E-03
  2.0322578E-03  1.4899642E-03  1.1258065E-03
  0.0000000E+00  2.3207884E-02  9.5304660E-03  5.5017918E-03  3.6272400E-03
  2.5637993E-03  1.8899642E-03  1.4329749E-03
  0.0000000E+00  2.9043010E-02  1.2017921E-02  6.9999993E-03  4.6523297E-03
  3.3114695E-03  2.4537635E-03  0.0000000E+00
  0.0000000E+00  3.7275985E-02  1.5551971E-02  9.1469530E-03  6.1362004E-03
  4.4014333E-03  3.2770610E-03  0.0000000E+00
  0.0000000E+00  4.9247313E-02  2.0749103E-02  1.2347670E-02  8.3763441E-03
  6.0573476E-03  4.5268815E-03  0.0000000E+00
  0.0000000E+00  6.7347668E-02  2.8731182E-02  1.7351253E-02  1.1928314E-02
  8.7060928E-03  6.4874548E-03  0.0000000E+00
  0.0000000E+00  9.6200719E-02  4.1720428E-02  2.5702506E-02  1.7974911E-02
  1.3197132E-02  9.4265230E-03
  0.0000000E+00  0.1455556      6.4587809E-02  4.0931899E-02  2.9193547E-02
  2.0845877E-02
  0.0000000E+00  0.2386021      0.1096774      7.2329752E-02  5.1469531E-02
  0.0000000E+00  0.4412186      0.2149462      0.1475269    
  0.0000000E+00   1.000000      0.5333334    
  0.0000000E+00   3.363799    
   25.68100    
  9.9999998E+10
  0.0000000E+00  2.1299863E-02  8.0055017E-03  4.1265474E-03  2.4707702E-03
  1.6162312E-03  1.1220771E-03  8.1292982E-04
  0.0000000E+00  2.3596972E-02  9.1196699E-03  4.8452546E-03  2.9669877E-03
  1.9735212E-03  1.3861761E-03  1.0123797E-03
  0.0000000E+00  2.7022006E-02  1.0677441E-02  5.8287480E-03  3.6451169E-03
  2.4632050E-03  1.7493123E-03  1.2861072E-03
  0.0000000E+00  3.2145806E-02  1.2919533E-02  7.2180186E-03  4.6011005E-03
  3.1526824E-03  2.2596286E-03  0.0000000E+00
  0.0000000E+00  3.9786793E-02  1.6227648E-02  9.2434660E-03  5.9903711E-03
  4.1540577E-03  2.9979367E-03  0.0000000E+00
  0.0000000E+00  5.1341128E-02  2.1231087E-02  1.2297112E-02  8.0880327E-03
  5.6636860E-03  4.1024759E-03  0.0000000E+00
  0.0000000E+00  6.9222830E-02  2.9040577E-02  1.7104538E-02  1.1403026E-02
  8.0467677E-03  5.7977992E-03  0.0000000E+00
  0.0000000E+00  9.8074280E-02  4.1850068E-02  2.5103163E-02  1.6970426E-02
  1.1991058E-02  8.2427785E-03
  0.0000000E+00  0.1476960      6.4374141E-02  3.9546080E-02  2.7059836E-02
  1.8431911E-02
  0.0000000E+00  0.2413686      0.1084594      6.8638235E-02  4.6182945E-02
  0.0000000E+00  0.4449793      0.2093879      0.1350757    
  0.0000000E+00   1.000000      0.5006877    
  0.0000000E+00   3.273040    
   28.47661    
  1.0000000E+12
  0.0000000E+00  3.4918088E-02  1.1278510E-02  5.0819148E-03  2.7423711E-03
  1.6562801E-03  1.0806296E-03  7.4526184E-04
  0.0000000E+00  3.8291037E-02  1.2650177E-02  5.8175395E-03  3.1904918E-03
  1.9527788E-03  1.2871828E-03  8.9495670E-04
  0.0000000E+00  4.2017348E-02  1.4320592E-02  6.7683905E-03  3.7937684E-03
  2.3601027E-03  1.5759717E-03  1.1063283E-03
  0.0000000E+00  4.6450373E-02  1.6463220E-02  8.0533251E-03  4.6321875E-03
  2.9402508E-03  1.9913269E-03  0.0000000E+00
  0.0000000E+00  5.2489560E-02  1.9424992E-02  9.8875687E-03  5.8593000E-03
  3.7937684E-03  2.6048829E-03  0.0000000E+00
  0.0000000E+00  6.1901707E-02  2.3838742E-02  1.2640540E-02  7.7160299E-03
  5.0979764E-03  3.5335689E-03  0.0000000E+00
  0.0000000E+00  7.7674277E-02  3.0883394E-02  1.7006105E-02  1.0661742E-02
  7.1474463E-03  4.9437843E-03  0.0000000E+00
  0.0000000E+00  0.1048185      4.2820431E-02  2.4327017E-02  1.5573402E-02
  1.0478638E-02  6.9193710E-03
  0.0000000E+00  0.1534533      6.4310960E-02  3.7520077E-02  2.4285257E-02
  1.5708320E-02
  0.0000000E+00  0.2469322      0.1064568      6.3539997E-02  4.0057823E-02
  0.0000000E+00  0.4506907      0.2010922      0.1199807    
  0.0000000E+00   1.000000      0.4596852    
  0.0000000E+00   3.160295    
   31.90813    
  9.9999998E+12
  0.0000000E+00  5.0744135E-02  1.5666857E-02  6.7744707E-03  3.5260445E-03
  2.0652548E-03  1.3116772E-03  8.8380079E-04
  0.0000000E+00  5.5065829E-02  1.7066399E-02  7.4069835E-03  3.8694907E-03
  2.2716084E-03  1.4456210E-03  9.7538636E-04
  0.0000000E+00  6.1018888E-02  1.9029766E-02  8.3085289E-03  4.3617631E-03
  2.5718375E-03  1.6425301E-03  1.1104752E-03
  0.0000000E+00  6.8889529E-02  2.1705780E-02  9.5678307E-03  5.0658272E-03
  3.0080136E-03  1.9304522E-03  0.0000000E+00
  0.0000000E+00  7.8820832E-02  2.5271894E-02  1.1319404E-02  6.0732681E-03
  3.6462508E-03  2.3580424E-03  0.0000000E+00
  0.0000000E+00  9.1213509E-02  3.0080138E-02  1.3823698E-02  7.5701200E-03
  4.6136235E-03  3.0137380E-03  0.0000000E+00
  0.0000000E+00  0.1074127      3.6920436E-02  1.7618775E-02  9.9313110E-03
  6.1677159E-03  4.0469379E-03  0.0000000E+00
  0.0000000E+00  0.1317401      4.7681738E-02  2.3883801E-02  1.3906698E-02
  8.7550087E-03  5.5380655E-03
  0.0000000E+00  0.1752719      6.6771604E-02  3.5174586E-02  2.1007441E-02
  1.2833430E-02
  0.0000000E+00  0.2635661      0.1047510      5.7298228E-02  3.3543218E-02
  0.0000000E+00  0.4627934      0.1901832      0.1033772    
  0.0000000E+00   1.000000      0.4127075    
  0.0000000E+00   3.028048    
   32.62736    
  1.0000000E+14
  0.0000000E+00  8.2857810E-02  2.5400139E-02  1.0904663E-02  5.6390627E-03
  3.2823011E-03  2.0726048E-03  1.3887730E-03
  0.0000000E+00  9.1185339E-02  2.7974948E-02  1.2008815E-02  6.2120156E-03
  3.6140108E-03  2.2818372E-03  1.5277198E-03
  0.0000000E+00  9.8097891E-02  3.0109024E-02  1.2936674E-02  6.6945027E-03
  3.8946879E-03  2.4588264E-03  1.6437022E-03
  0.0000000E+00  0.1040826      3.1987939E-02  1.3757829E-02  7.1259574E-03
  4.1475296E-03  2.6165624E-03  0.0000000E+00
  0.0000000E+00  0.1115750      3.4377176E-02  1.4817908E-02  7.6873116E-03
  4.4792392E-03  2.8206913E-03  0.0000000E+00
  0.0000000E+00  0.1241707      3.8413361E-02  1.6638832E-02  8.6592436E-03
  5.0521921E-03  3.1755974E-03  0.0000000E+00
  0.0000000E+00  0.1448620      4.5233123E-02  1.9751798E-02  1.0343308E-02
  6.0496405E-03  3.7763859E-03  0.0000000E+00
  0.0000000E+00  0.1765716      5.6112271E-02  2.4913013E-02  1.3198794E-02
  7.7244262E-03  4.6207379E-03
  0.0000000E+00  0.2254234      7.3950358E-02  3.3820461E-02  1.8216191E-02
  1.0350267E-02
  0.0000000E+00  0.3106008      0.1067734      5.0916262E-02  2.7116681E-02
  0.0000000E+00  0.4950128      0.1783345      8.6105317E-02
  0.0000000E+00   1.000000      0.3600093    
  0.0000000E+00   2.860126    
   32.24310    
