*H 1 () 1s            () 2p            2S -2Po 1215.6700        0.000000    82259.164506  2  6 6.26E+08 4.16E-01  1 
                                               1215.6700        0.000000    82259.164506  2  6 6.26E+08 4.16E-01  1  2
He 2 () 1s            () 2p            2S -2Po  303.7822        0.000000   329183.204200  2  6 1.00E+10 4.16E-01  1
                                                303.7822        0.000000   329183.204200  2  6 1.00E+10 4.16E-01  1  2	
He 2 () 1s            () 3p            2S -2Po  256.3169        0.000000   390141.988500  2  6 2.67E+09 7.90E-02  1
                                                256.3169        0.000000   390141.988500  2  6 2.67E+09 7.90E-02  1 3
*C 2 2s2 2p           2s 2p2           2Po-2D  1335.3130       42.280000    74931.110000  6 10 2.85E+08 1.27E-01  3 
                                               1335.7080       63.420000    74930.100000  4  6 2.84E+08 1.14E-01  2  7
                                               1335.6630       63.420000    74932.620000  4  4 4.75E+07 1.27E-02  2  6
                                               1334.5320        0.000000    74932.620000  2  4 2.38E+08 1.27E-01  1  6
*C 4 1s2 2s           1s2 2p           2S -2Po 1549.0524        0.000000    64555.596000  2  6 2.64E+08 2.85E-01  2
                                               1550.7700        0.000000    64484.095000  2  2 2.64E+08 9.52E-02  1  2
                                               1548.1950        0.000000    64591.347000  2  4 2.64E+08 1.90E-01  1  3
*C 6 () 1s            () 2p            2S -2Po   33.7360        0.000000  2964194.690000  2  6 8.13E+11 4.16E-01  1
                                                 33.7360        0.000000  2964194.690000  2  6 8.13E+11 4.16E-01  1  2	
*C 6 () 1s            () 3p            2S -2Po   28.4656        0.000000  3513015.450000  2  6 2.17E+11 7.90E-02  1
                                                 28.4656        0.000000  3513015.450000  2  6 2.17E+11 7.90E-02  1  3
*N 5 1s2 2s           1s2 2p           2S -2Po 1240.1500        0.000000    80635.700000  2  6 3.40E+08 2.35E-01  2
                                               1242.8000        0.000000    80463.200000  2  2 3.37E+08 7.80E-02  1  2
                                               1238.8200        0.000000    80721.900000  2  4 3.41E+08 1.57E-01  1  3
*N 7 () 1s            () 3p            2S -2Po   20.9098        0.000000  4782437.400000  2  6 4.02E+11 7.90E-02  1
                                                 20.9098        0.000000  4782437.400000  2  6 4.02E+11 7.90E-02  1  3
*N 7 () 1s            () 2p            2S -2Po   24.7810        0.000000  4035348.100000  2  6 1.51E+12 4.16E-01  1
                                                 24.7810        0.000000  4035348.100000  2  6 1.51E+12 4.16E-01  1  2
*O 6 1s2 2s           1s2 2p           2S -2Po 1033.8160        0.000000    96729.010000  2  6 4.14E+08 1.99E-01  2
                                               1037.6167        0.000000    96374.702000  2  2 4.09E+08 6.61E-02  1  2
                                               1031.9261        0.000000    96906.164000  2  4 4.17E+08 1.33E-01  1  3
*O 8 () 1s            () 4p            2S -2Po   15.1762        0.000000  6589280.100000  2  6 2.80E+11 2.90E-02  1
                                                 15.1762        0.000000  6589280.100000  2  6 2.80E+11 2.90E-02  1  4
*O 8 () 1s            () 3p            2S -2Po   16.0059        0.000000  6247696.600000  2  6 6.86E+11 7.90E-02  1
                                                 16.0059        0.000000  6247696.600000  2  6 6.86E+11 7.90E-02  1  3
*O 8 () 1s             () 2p            2S -2Po  18.9689        0.000000  5271783.500000  2  6 2.57E+12 4.16E-01  1
                                                 18.9689        0.000000  5271783.500000  2  6 2.57E+12 4.16E-01  1  2
Ne 7 2s2              2s 2p            1S -1Po  465.2200        0.000000   214952.000000  1  3 4.00E+09 3.89E-01  1
                                                465.2200        0.000000   214952.000000  1  3 4.00E+09 3.89E-01  1  5
Ne 9 1s2              1s 2p            1S -1Po   13.4471        0.000000  7436560.000000  1  3 8.90E+12 7.24E-01  1
                                                 13.4471        0.000000  7436560.000000  1  3 8.90E+12 7.24E-01  1  7
Ne10 () 1s            () 3p            2S -2Po   10.2389        0.000000  9766700.000000  2  6 1.68E+12 7.90E-02  1
                                                 10.2389        0.000000  9766700.000000  2  6 1.68E+12 7.90E-02  1  3
Ne10 () 1s            () 2p            2S -2Po   12.1339        0.000000  8241382.000000  2  6 6.28E+12 4.16E-01  1
                                                 12.1339        0.000000  8241382.000000  2  6 6.28E+12 4.16E-01  1  2
Mg 2 2p6 3s           2p6 3p           2S -2Po 2798.7410        0.000000    35730.360000  2  6 2.67E+08 9.42E-01  2
                                               2803.5310        0.000000    35669.310000  2  2 2.66E+08 3.14E-01  1  2
                                               2796.3520        0.000000    35760.880000  2  4 2.68E+08 6.29E-01  1  3
Mg 9 2s2              2s 2p            1S -1Po  368.0710        0.000000   271687.000000  1  3 5.15E+09 3.14E-01  1
                                                368.0710        0.000000   271687.000000  1  3 5.15E+09 3.14E-01  1  5
Mg10 1s2 2s           1s2 2p           2S -2Po  614.7600        0.000000   162665.000000  2  6 7.41E+08 1.26E-01  2
                                                624.9410        0.000000   160015.000000  2  2 7.00E+08 4.10E-02  1  2
                                                609.7930        0.000000   163990.000000  2  4 7.55E+08 8.42E-02  1  3
Mg12 () 1s            () 3p            2S -2Po    7.1062        0.000000 14072308.000000  2  6 3.48E+12 7.90E-02  1
                                                  7.1062        0.000000 14072308.000000  2  6 3.48E+12 7.90E-02  1  3
Mg12 () 1s            () 2p            2S -2Po    8.4210        0.000000 11875057.000000  2  6 1.30E+13 4.16E-01  1
                                                  8.4210        0.000000 11875057.000000  2  6 1.30E+13 4.16E-01  1  2
Si 4 2p6 3s           2p6 3p           2S -2Po 1396.7470        0.000000    71594.940000  2  6 8.93E+08 7.84E-01  2
                                               1402.7700        0.000000    71287.540000  2  2 8.81E+08 2.60E-01  1  2
                                               1393.7550        0.000000    71748.640000  2  4 9.00E+08 5.24E-01  1  3
Si11 2s2              2s 2p            1S -1Po  303.3250        0.000000   329679.000000  1  3 6.40E+09 2.65E-01  1
                                                303.3250        0.000000   329679.000000  1  3 6.40E+09 2.65E-01  1  5
Si12 1s2 2s           1s2 2p           2S -2Po  506.2970        0.000000   197513.000000  2  6 9.19E+08 1.06E-01  2
                                                520.6650        0.000000   192062.000000  2  2 8.49E+08 3.45E-02  1  2
                                                499.4060        0.000000   200238.000000  2  4 9.61E+08 7.19E-02  1  3
Si13 1s2              1s 2p            1S -1Po    6.6480        0.000000 15042040.000000  1  3 3.81E+13 7.57E-01  1
                                                  6.6480        0.000000 15042040.000000  1  3 3.81E+13 7.57E-01  1  7
Si14 () 1s            () 4p            2S -2Po    4.9469        0.000000 20214660.000000  2  6 2.63E+12 2.90E-02  1
                                                  4.9469        0.000000 20214660.000000  2  6 2.63E+12 2.90E-02  1 4
Si14 () 1s            () 3p            2S -2Po    5.2172        0.000000 19167339.000000  2  6 6.45E+12 7.90E-02  1
                                                  5.2172        0.000000 19167339.000000  2  6 6.45E+12 7.90E-02  1  3
Si14 () 1s            () 2p            2S -2Po    6.1822        0.000000 16175365.000000  2  6 2.42E+13 4.16E-01  1
                                                  6.1822        0.000000 16175365.000000  2  6 2.42E+13 4.16E-01  1  2
Fe15 3s2              3s 3p            1S -1Po  284.1630        0.000000   351911.000000  1  3 2.27E+10 8.24E-01  1
                                                284.1630        0.000000   351911.000000  1  3 2.27E+10 8.24E-01  1  5
Fe22 2s2 2p           2s 2p2           2Po-2D   148.9100    78850.000000   750380.000000  6 10 7.09E+09 3.93E-02  3
                                                161.7500   118270.000000   736520.000000  4  4 9.23E+08 3.62E-03  2  6
                                                155.9200   118270.000000   759620.000000  4  6 6.16E+09 3.37E-02  2  7
                                                135.7700        0.000000   736520.000000  2  4 7.80E+09 4.31E-02  2  8
