 25
** Atomic data from version 5.2 of the CHIANTI database **
%observed energy levels (n=2 levels): Edlen, B., 1983, Phys. Scr., 28, 51
%observed energy levels (n=3 levels): Jupen, C., Engstrom, L., 1997, Phys.Scr., 56, 592
%observed energy levels (levels 36,37,44,74): Lepson et al, 2005, ApJ, 625, 1045
%theoretical energy levels: Bhatia, A.K., Landi, E. 2003, ADNDT, 85, 169
%produced as part of the Arcetri/Cambridge/NRL 'CHIANTI' atomic data base collaboration
%
% E. Landi - Mar 2005
%observed energy levels (n=2 levels): Edlen, B., 1983, Phys. Scr., 28, 51
%observed energy levels (n=3 levels): Jupen, C., Engstrom, L., 1997, Phys.Scr., 56, 592
%observed energy levels (levels 36,37,44,74): Lepson et al, 2005, ApJ, 625, 1045
%theoretical energy levels (n=2,3 levels): Bhatia, A.K., Landi, E., 2003, ADNDT, 85, 169
%Radiative data transition within the ground configuration: Tachiev, G.I., Froese Fischer, C., 2002, A&A. 385, 716
%Radiative data 3-4 and 4-5 transitions: Froese Fischer, C., Saha, H.P., 1983, Phys. Rev. A., 28, 3169
%Radiative data: Bhatia, A.K., Landi, E., 2003, ADNDT, 85, 169
%produced as part of the Arcetri/Cambridge/NRL 'CHIANTI' atomic data base collaboration
%
% E. Landi - Mar 2005

%filename: s_9.splups
%oscillator strengths: Bhatia, A.K., Landi, E., 2003, ADNDT, 85, 169
%collision strengths: Bhatia, A.K., Landi, E., 2003, ADNDT, 85, 169
%produced as part of the Arcetri/Cambridge/NRL 'CHIANTI' atomic data base collaboration
%
% E. Landi - Sep 2001
 9 23
  1  2s2.2p4 3P2
  2  2s2.2p4 3P1
  3  2s2.2p4 3P0
  4  2s2.2p4 1D2
  5  2s2.2p4 1S0
  6  2s.2p5 3P2
  7  2s.2p5 3P1
  8  2s.2p5 3P0
  9  2s.2p5 1P1
     100.0
     158.5
     251.2
     398.1
     631.0
    1000.0
    1584.9
    2511.9
    3981.1
    6309.6
   10000.0
   15848.9
   25118.9
   39810.7
   63095.8
  100000.0
  158489.2
  251188.7
  398107.1
  630957.6
 1000000.0
 1584892.5
 2511887.0
0
  1  2   1.50e-01
  0  0   1.50e-01
  0  0   1.50e-01
  0  0   1.50e-01
  0  0   1.50e-01
  0  0   1.50e-01
  0  0   1.50e-01
  0  0   1.50e-01
  0  0   1.50e-01
  0  0   1.50e-01
  0  0   1.49e-01
  0  0   1.49e-01
  0  0   1.49e-01
  0  0   1.49e-01
  0  0   1.49e-01
  0  0   1.48e-01
  0  0   1.48e-01
  0  0   1.46e-01
  0  0   1.45e-01
  0  0   1.42e-01
  0  0   1.38e-01
  0  0   1.32e-01
  0  0   1.24e-01
  1  3   3.31e-02
  0  0   3.31e-02
  0  0   3.31e-02
  0  0   3.31e-02
  0  0   3.31e-02
  0  0   3.31e-02
  0  0   3.31e-02
  0  0   3.31e-02
  0  0   3.31e-02
  0  0   3.31e-02
  0  0   3.31e-02
  0  0   3.31e-02
  0  0   3.30e-02
  0  0   3.30e-02
  0  0   3.30e-02
  0  0   3.30e-02
  0  0   3.29e-02
  0  0   3.28e-02
  0  0   3.27e-02
  0  0   3.25e-02
  0  0   3.22e-02
  0  0   3.17e-02
  0  0   3.11e-02
  1  4   1.69e-01
  0  0   1.69e-01
  0  0   1.69e-01
  0  0   1.69e-01
  0  0   1.69e-01
  0  0   1.69e-01
  0  0   1.69e-01
  0  0   1.69e-01
  0  0   1.69e-01
  0  0   1.69e-01
  0  0   1.69e-01
  0  0   1.69e-01
  0  0   1.68e-01
  0  0   1.68e-01
  0  0   1.68e-01
  0  0   1.67e-01
  0  0   1.65e-01
  0  0   1.63e-01
  0  0   1.59e-01
  0  0   1.54e-01
  0  0   1.47e-01
  0  0   1.36e-01
  0  0   1.21e-01
  1  5   2.20e-02
  0  0   2.20e-02
  0  0   2.20e-02
  0  0   2.20e-02
  0  0   2.20e-02
  0  0   2.20e-02
  0  0   2.20e-02
  0  0   2.20e-02
  0  0   2.20e-02
  0  0   2.19e-02
  0  0   2.19e-02
  0  0   2.19e-02
  0  0   2.19e-02
  0  0   2.18e-02
  0  0   2.17e-02
  0  0   2.16e-02
  0  0   2.14e-02
  0  0   2.11e-02
  0  0   2.06e-02
  0  0   1.99e-02
  0  0   1.88e-02
  0  0   1.73e-02
  0  0   1.53e-02
  1  6   1.11e+00
  0  0   1.11e+00
  0  0   1.11e+00
  0  0   1.11e+00
  0  0   1.11e+00
  0  0   1.11e+00
  0  0   1.11e+00
  0  0   1.11e+00
  0  0   1.11e+00
  0  0   1.11e+00
  0  0   1.12e+00
  0  0   1.12e+00
  0  0   1.12e+00
  0  0   1.13e+00
  0  0   1.14e+00
  0  0   1.15e+00
  0  0   1.18e+00
  0  0   1.21e+00
  0  0   1.26e+00
  0  0   1.33e+00
  0  0   1.42e+00
  0  0   1.53e+00
  0  0   1.66e+00
  1  7   3.78e-01
  0  0   3.78e-01
  0  0   3.78e-01
  0  0   3.78e-01
  0  0   3.78e-01
  0  0   3.78e-01
  0  0   3.78e-01
  0  0   3.78e-01
  0  0   3.78e-01
  0  0   3.78e-01
  0  0   3.79e-01
  0  0   3.80e-01
  0  0   3.81e-01
  0  0   3.83e-01
  0  0   3.87e-01
  0  0   3.92e-01
  0  0   3.99e-01
  0  0   4.11e-01
  0  0   4.27e-01
  0  0   4.50e-01
  0  0   4.79e-01
  0  0   5.16e-01
  0  0   5.59e-01
  1  8   4.01e-03
  0  0   4.01e-03
  0  0   4.01e-03
  0  0   4.01e-03
  0  0   4.01e-03
  0  0   4.01e-03
  0  0   4.01e-03
  0  0   4.01e-03
  0  0   4.01e-03
  0  0   4.01e-03
  0  0   4.01e-03
  0  0   4.00e-03
  0  0   4.00e-03
  0  0   3.99e-03
  0  0   3.97e-03
  0  0   3.95e-03
  0  0   3.92e-03
  0  0   3.87e-03
  0  0   3.78e-03
  0  0   3.66e-03
  0  0   3.48e-03
  0  0   3.22e-03
  0  0   2.87e-03
  1  9   3.63e-02
  0  0   3.63e-02
  0  0   3.63e-02
  0  0   3.63e-02
  0  0   3.63e-02
  0  0   3.63e-02
  0  0   3.63e-02
  0  0   3.63e-02
  0  0   3.63e-02
  0  0   3.63e-02
  0  0   3.63e-02
  0  0   3.63e-02
  0  0   3.62e-02
  0  0   3.62e-02
  0  0   3.61e-02
  0  0   3.60e-02
  0  0   3.58e-02
  0  0   3.56e-02
  0  0   3.51e-02
  0  0   3.45e-02
  0  0   3.35e-02
  0  0   3.22e-02
  0  0   3.04e-02
  2  3   6.17e-02
  0  0   6.17e-02
  0  0   6.17e-02
  0  0   6.17e-02
  0  0   6.17e-02
  0  0   6.17e-02
  0  0   6.17e-02
  0  0   6.17e-02
  0  0   6.17e-02
  0  0   6.17e-02
  0  0   6.16e-02
  0  0   6.16e-02
  0  0   6.15e-02
  0  0   6.14e-02
  0  0   6.11e-02
  0  0   6.08e-02
  0  0   6.03e-02
  0  0   5.95e-02
  0  0   5.83e-02
  0  0   5.64e-02
  0  0   5.37e-02
  0  0   4.98e-02
  0  0   4.47e-02
  2  4   1.10e-01
  0  0   1.10e-01
  0  0   1.10e-01
  0  0   1.10e-01
  0  0   1.10e-01
  0  0   1.10e-01
  0  0   1.10e-01
  0  0   1.10e-01
  0  0   1.10e-01
  0  0   1.10e-01
  0  0   1.10e-01
  0  0   1.10e-01
  0  0   1.09e-01
  0  0   1.09e-01
  0  0   1.09e-01
  0  0   1.08e-01
  0  0   1.07e-01
  0  0   1.06e-01
  0  0   1.03e-01
  0  0   1.00e-01
  0  0   9.50e-02
  0  0   8.78e-02
  0  0   7.82e-02
  2  5   1.58e-02
  0  0   1.58e-02
  0  0   1.58e-02
  0  0   1.58e-02
  0  0   1.58e-02
  0  0   1.58e-02
  0  0   1.58e-02
  0  0   1.58e-02
  0  0   1.58e-02
  0  0   1.58e-02
  0  0   1.58e-02
  0  0   1.58e-02
  0  0   1.58e-02
  0  0   1.57e-02
  0  0   1.57e-02
  0  0   1.56e-02
  0  0   1.55e-02
  0  0   1.52e-02
  0  0   1.49e-02
  0  0   1.44e-02
  0  0   1.36e-02
  0  0   1.25e-02
  0  0   1.10e-02
  2  6   3.70e-01
  0  0   3.70e-01
  0  0   3.70e-01
  0  0   3.70e-01
  0  0   3.70e-01
  0  0   3.70e-01
  0  0   3.70e-01
  0  0   3.70e-01
  0  0   3.71e-01
  0  0   3.71e-01
  0  0   3.71e-01
  0  0   3.72e-01
  0  0   3.74e-01
  0  0   3.76e-01
  0  0   3.79e-01
  0  0   3.84e-01
  0  0   3.92e-01
  0  0   4.04e-01
  0  0   4.21e-01
  0  0   4.44e-01
  0  0   4.74e-01
  0  0   5.12e-01
  0  0   5.57e-01
  2  7   2.31e-01
  0  0   2.31e-01
  0  0   2.31e-01
  0  0   2.31e-01
  0  0   2.31e-01
  0  0   2.31e-01
  0  0   2.31e-01
  0  0   2.31e-01
  0  0   2.31e-01
  0  0   2.31e-01
  0  0   2.32e-01
  0  0   2.32e-01
  0  0   2.33e-01
  0  0   2.34e-01
  0  0   2.36e-01
  0  0   2.39e-01
  0  0   2.44e-01
  0  0   2.51e-01
  0  0   2.61e-01
  0  0   2.74e-01
  0  0   2.92e-01
  0  0   3.14e-01
  0  0   3.40e-01
  2  8   2.94e-01
  0  0   2.94e-01
  0  0   2.94e-01
  0  0   2.94e-01
  0  0   2.94e-01
  0  0   2.94e-01
  0  0   2.94e-01
  0  0   2.94e-01
  0  0   2.94e-01
  0  0   2.94e-01
  0  0   2.95e-01
  0  0   2.96e-01
  0  0   2.97e-01
  0  0   2.98e-01
  0  0   3.01e-01
  0  0   3.05e-01
  0  0   3.11e-01
  0  0   3.20e-01
  0  0   3.33e-01
  0  0   3.51e-01
  0  0   3.75e-01
  0  0   4.05e-01
  0  0   4.41e-01
  2  9   1.82e-02
  0  0   1.82e-02
  0  0   1.82e-02
  0  0   1.82e-02
  0  0   1.82e-02
  0  0   1.82e-02
  0  0   1.82e-02
  0  0   1.82e-02
  0  0   1.82e-02
  0  0   1.82e-02
  0  0   1.82e-02
  0  0   1.82e-02
  0  0   1.81e-02
  0  0   1.81e-02
  0  0   1.80e-02
  0  0   1.79e-02
  0  0   1.78e-02
  0  0   1.75e-02
  0  0   1.72e-02
  0  0   1.66e-02
  0  0   1.58e-02
  0  0   1.46e-02
  0  0   1.30e-02
  3  4   3.72e-02
  0  0   3.72e-02
  0  0   3.72e-02
  0  0   3.72e-02
  0  0   3.72e-02
  0  0   3.72e-02
  0  0   3.72e-02
  0  0   3.72e-02
  0  0   3.72e-02
  0  0   3.72e-02
  0  0   3.72e-02
  0  0   3.71e-02
  0  0   3.71e-02
  0  0   3.70e-02
  0  0   3.69e-02
  0  0   3.67e-02
  0  0   3.64e-02
  0  0   3.59e-02
  0  0   3.52e-02
  0  0   3.41e-02
  0  0   3.24e-02
  0  0   2.99e-02
  0  0   2.66e-02
  3  5   5.30e-03
  0  0   5.30e-03
  0  0   5.30e-03
  0  0   5.30e-03
  0  0   5.30e-03
  0  0   5.30e-03
  0  0   5.30e-03
  0  0   5.29e-03
  0  0   5.29e-03
  0  0   5.29e-03
  0  0   5.29e-03
  0  0   5.28e-03
  0  0   5.28e-03
  0  0   5.26e-03
  0  0   5.24e-03
  0  0   5.21e-03
  0  0   5.17e-03
  0  0   5.09e-03
  0  0   4.98e-03
  0  0   4.80e-03
  0  0   4.54e-03
  0  0   4.18e-03
  0  0   3.68e-03
  3  6   6.79e-03
  0  0   6.79e-03
  0  0   6.79e-03
  0  0   6.79e-03
  0  0   6.79e-03
  0  0   6.79e-03
  0  0   6.79e-03
  0  0   6.78e-03
  0  0   6.78e-03
  0  0   6.78e-03
  0  0   6.78e-03
  0  0   6.77e-03
  0  0   6.76e-03
  0  0   6.75e-03
  0  0   6.72e-03
  0  0   6.69e-03
  0  0   6.63e-03
  0  0   6.54e-03
  0  0   6.40e-03
  0  0   6.19e-03
  0  0   5.88e-03
  0  0   5.44e-03
  0  0   4.86e-03
  3  7   2.88e-01
  0  0   2.88e-01
  0  0   2.88e-01
  0  0   2.88e-01
  0  0   2.88e-01
  0  0   2.88e-01
  0  0   2.88e-01
  0  0   2.88e-01
  0  0   2.88e-01
  0  0   2.89e-01
  0  0   2.89e-01
  0  0   2.90e-01
  0  0   2.91e-01
  0  0   2.92e-01
  0  0   2.95e-01
  0  0   2.99e-01
  0  0   3.05e-01
  0  0   3.14e-01
  0  0   3.28e-01
  0  0   3.46e-01
  0  0   3.70e-01
  0  0   4.00e-01
  0  0   4.36e-01
  3  8   3.34e-03
  0  0   3.34e-03
  0  0   3.34e-03
  0  0   3.34e-03
  0  0   3.34e-03
  0  0   3.34e-03
  0  0   3.34e-03
  0  0   3.33e-03
  0  0   3.33e-03
  0  0   3.33e-03
  0  0   3.33e-03
  0  0   3.33e-03
  0  0   3.32e-03
  0  0   3.32e-03
  0  0   3.30e-03
  0  0   3.29e-03
  0  0   3.26e-03
  0  0   3.21e-03
  0  0   3.15e-03
  0  0   3.04e-03
  0  0   2.89e-03
  0  0   2.67e-03
  0  0   2.39e-03
  3  9   6.36e-03
  0  0   6.36e-03
  0  0   6.36e-03
  0  0   6.36e-03
  0  0   6.36e-03
  0  0   6.36e-03
  0  0   6.36e-03
  0  0   6.36e-03
  0  0   6.36e-03
  0  0   6.35e-03
  0  0   6.35e-03
  0  0   6.35e-03
  0  0   6.34e-03
  0  0   6.33e-03
  0  0   6.31e-03
  0  0   6.28e-03
  0  0   6.24e-03
  0  0   6.16e-03
  0  0   6.05e-03
  0  0   5.89e-03
  0  0   5.64e-03
  0  0   5.28e-03
  0  0   4.80e-03
  4  5   5.95e-02
  0  0   5.95e-02
  0  0   5.95e-02
  0  0   5.95e-02
  0  0   5.95e-02
  0  0   5.95e-02
  0  0   5.95e-02
  0  0   5.95e-02
  0  0   5.95e-02
  0  0   5.95e-02
  0  0   5.96e-02
  0  0   5.96e-02
  0  0   5.97e-02
  0  0   5.97e-02
  0  0   5.99e-02
  0  0   6.01e-02
  0  0   6.04e-02
  0  0   6.09e-02
  0  0   6.17e-02
  0  0   6.29e-02
  0  0   6.46e-02
  0  0   6.72e-02
  0  0   7.07e-02
  4  6   5.47e-02
  0  0   5.47e-02
  0  0   5.47e-02
  0  0   5.47e-02
  0  0   5.47e-02
  0  0   5.47e-02
  0  0   5.47e-02
  0  0   5.47e-02
  0  0   5.47e-02
  0  0   5.47e-02
  0  0   5.47e-02
  0  0   5.47e-02
  0  0   5.46e-02
  0  0   5.45e-02
  0  0   5.44e-02
  0  0   5.42e-02
  0  0   5.39e-02
  0  0   5.35e-02
  0  0   5.27e-02
  0  0   5.17e-02
  0  0   5.01e-02
  0  0   4.78e-02
  0  0   4.49e-02
  4  7   1.11e-02
  0  0   1.11e-02
  0  0   1.11e-02
  0  0   1.11e-02
  0  0   1.12e-02
  0  0   1.12e-02
  0  0   1.12e-02
  0  0   1.13e-02
  0  0   1.14e-02
  0  0   1.16e-02
  0  0   1.18e-02
  0  0   1.22e-02
  0  0   1.28e-02
  0  0   1.37e-02
  0  0   1.51e-02
  0  0   1.70e-02
  0  0   1.96e-02
  0  0   2.28e-02
  0  0   2.62e-02
  0  0   2.92e-02
  0  0   3.07e-02
  0  0   2.98e-02
  0  0   2.62e-02
  4  8   1.07e-02
  0  0   1.07e-02
  0  0   1.07e-02
  0  0   1.07e-02
  0  0   1.07e-02
  0  0   1.07e-02
  0  0   1.07e-02
  0  0   1.07e-02
  0  0   1.07e-02
  0  0   1.07e-02
  0  0   1.07e-02
  0  0   1.07e-02
  0  0   1.07e-02
  0  0   1.07e-02
  0  0   1.06e-02
  0  0   1.06e-02
  0  0   1.05e-02
  0  0   1.03e-02
  0  0   1.01e-02
  0  0   9.79e-03
  0  0   9.31e-03
  0  0   8.62e-03
  0  0   7.69e-03
  4  9   1.40e+00
  0  0   1.40e+00
  0  0   1.40e+00
  0  0   1.40e+00
  0  0   1.40e+00
  0  0   1.40e+00
  0  0   1.40e+00
  0  0   1.40e+00
  0  0   1.40e+00
  0  0   1.40e+00
  0  0   1.40e+00
  0  0   1.40e+00
  0  0   1.41e+00
  0  0   1.41e+00
  0  0   1.42e+00
  0  0   1.44e+00
  0  0   1.46e+00
  0  0   1.50e+00
  0  0   1.55e+00
  0  0   1.62e+00
  0  0   1.73e+00
  0  0   1.86e+00
  0  0   2.03e+00
  5  6   1.26e-02
  0  0   1.26e-02
  0  0   1.26e-02
  0  0   1.26e-02
  0  0   1.26e-02
  0  0   1.26e-02
  0  0   1.26e-02
  0  0   1.26e-02
  0  0   1.26e-02
  0  0   1.25e-02
  0  0   1.25e-02
  0  0   1.25e-02
  0  0   1.25e-02
  0  0   1.25e-02
  0  0   1.24e-02
  0  0   1.24e-02
  0  0   1.23e-02
  0  0   1.21e-02
  0  0   1.19e-02
  0  0   1.15e-02
  0  0   1.09e-02
  0  0   1.01e-02
  0  0   9.03e-03
  5  7   1.14e-02
  0  0   1.14e-02
  0  0   1.14e-02
  0  0   1.14e-02
  0  0   1.14e-02
  0  0   1.14e-02
  0  0   1.14e-02
  0  0   1.14e-02
  0  0   1.14e-02
  0  0   1.14e-02
  0  0   1.14e-02
  0  0   1.14e-02
  0  0   1.14e-02
  0  0   1.14e-02
  0  0   1.14e-02
  0  0   1.13e-02
  0  0   1.13e-02
  0  0   1.12e-02
  0  0   1.10e-02
  0  0   1.08e-02
  0  0   1.05e-02
  0  0   1.01e-02
  0  0   9.50e-03
  5  8   3.49e-03
  0  0   3.49e-03
  0  0   3.49e-03
  0  0   3.49e-03
  0  0   3.49e-03
  0  0   3.49e-03
  0  0   3.49e-03
  0  0   3.49e-03
  0  0   3.49e-03
  0  0   3.49e-03
  0  0   3.49e-03
  0  0   3.48e-03
  0  0   3.48e-03
  0  0   3.47e-03
  0  0   3.46e-03
  0  0   3.44e-03
  0  0   3.41e-03
  0  0   3.37e-03
  0  0   3.30e-03
  0  0   3.20e-03
  0  0   3.04e-03
  0  0   2.82e-03
  0  0   2.51e-03
  5  9   1.27e-01
  0  0   1.27e-01
  0  0   1.27e-01
  0  0   1.27e-01
  0  0   1.27e-01
  0  0   1.27e-01
  0  0   1.27e-01
  0  0   1.27e-01
  0  0   1.27e-01
  0  0   1.27e-01
  0  0   1.27e-01
  0  0   1.28e-01
  0  0   1.28e-01
  0  0   1.29e-01
  0  0   1.30e-01
  0  0   1.31e-01
  0  0   1.34e-01
  0  0   1.37e-01
  0  0   1.43e-01
  0  0   1.50e-01
  0  0   1.60e-01
  0  0   1.73e-01
  0  0   1.89e-01
 0 0 0
  1  2   1.153e+01
  1  3   2.494e-04
  1  4   6.084e+01
  1  5   3.168e-01
  1  6   1.332e+10
  1  7   7.845e+09
  1  8   0.000e+00
  1  9   4.043e+08
  2  3   9.334e-01
  2  4   1.315e+01
  2  5   6.713e+02
  2  6   4.225e+09
  2  7   4.436e+09
  2  8   1.825e+10
  2  9   1.077e+07
  3  4   7.044e-04
  3  5   0.000e+00
  3  6   0.000e+00
  3  7   5.778e+09
  3  8   0.000e+00
  3  9   2.318e+07
  4  5   7.681e+00
  4  6   6.198e+07
  4  7   3.148e+06
  4  8   0.000e+00
  4  9   6.005e+10
  5  6   0.000e+00
  5  7   1.199e+07
  5  8   0.000e+00
  5  9   4.062e+09
  6  7   0.000e+00
  6  8   0.000e+00
  6  9   0.000e+00
  7  8   0.000e+00
  7  9   0.000e+00
  8  9   0.000e+00
  1  5        0.0
  2  3     7985.0
  3  1    10648.0
  4  5    58295.0
  5  1   122700.0
  6  5   444987.0
  7  3   451995.0
  8  1   455890.0
  9  3   616073.0
