           7
   40000.000000000000        98.682750985048628      'blackbody'   2.24235e+17 -4.64510e+18  9.27761e+18    sb99   1000000.0000000000     
   40000.000000000000        92.489642270000914      'blackbody'  -1.12206e+19 -1.17949e+19 -3.33135e+17    sb99   1000000.0000000000     
   40000.000000000000        1091.0228350218788      'blackbody'  -6.05236e+18 -1.41508e+19  7.82140e+17    sb99   1000000.0000000000     
   40000.000000000000        95.278373407009283      'blackbody'  -6.07757e+18 -1.41243e+19  7.52179e+17    sb99   1000000.0000000000     
   40000.000000000000        104.21556943620605      'blackbody'   4.59200e+18 -2.59834e+18 -7.50356e+17    sb99   1000000.0000000000     
   40000.000000000000        94.713980164265621      'blackbody'   3.07087e+18 -1.06241e+19  8.41375e+17    sb99   1000000.0000000000     
   40000.000000000000        314.67231253964428      'blackbody'  -6.34788e+18 -1.39765e+19  8.82092e+16    sb99   1000000.0000000000     

 
 
 
  
  
 
  


 
 
 


 
  
  




